0.675603217158177
0.6111111111111112
0.8301886792452831
0.8189655172413793
0.635814889336016
0.8034934497816594
0.7121212121212122
0.6021505376344086
0.7154046997389034
0.7111853088480802
0.676923076923077
0.657243816254417
0.9577464788732395
0.5798816568047338
0.6417112299465241
0.6819923371647509
0.5482625482625483
0.7657992565055762
0.6703296703296704
0.584717607973422
0.7285714285714286
0.617283950617284
0.7859649122807018
0.5621621621621622
0.5655172413793104
0.6227544910179641
0.445859872611465
0.5919003115264798
0.5161290322580645
0.6757990867579908
0.7609561752988048
0.6268656716417911
0.6136363636363636
0.673992673992674
0.5526315789473684
0.7672413793103449
0.6225490196078431
0.8316831683168316
0.5638297872340425
0.6859903381642511
0.5442622950819672
0.8067796610169491
0.935483870967742
0.5808219178082192
0.7487437185929648
0.583756345177665
1.0
0.5803108808290156
0.782608695652174
0.7676767676767677
0.8556701030927836
0.8207171314741035
0.7747035573122529
0.7383512544802867
0.45360824742268047
0.7765957446808511
0.6596858638743455
0.4444444444444444
0.5953488372093023
0.719047619047619
0.6666666666666667
0.6854219948849105
0.6953125
0.7419354838709677
0.9051724137931034
0.7100271002710027
0.6513872135102533
0.6939655172413793
0.72
0.7491749174917492
0.7890625
0.7468671679197996
0.7109375
0.5494505494505495
0.7297830374753451
0.708502024291498
0.6548672566371682
0.52
0.6527196652719665
0.8444444444444444
0.6649874055415617
0.7254901960784313
0.6868686868686869
0.5679676985195155
0.6055776892430279
0.9329446064139941
0.6627906976744187
0.5548387096774193
0.6190476190476191
0.827930174563591
0.665083135391924
0.788135593220339
0.6145251396648045
0.7853403141361257
0.5865921787709497
1.0
0.8240740740740741
0.6682926829268292
0.9411764705882353
0.513157894736842
0.6697674418604651
0.5771812080536913
0.6270022883295194
0.8549618320610687
0.5802469135802469
1.0
0.6448979591836734
0.5523255813953488
0.6699999999999999
0.7772020725388601
0.5920000000000001
0.5991189427312775
0.6323907455012854
0.7571428571428571
0.8302583025830258
0.6639004149377593
0.6024096385542168
0.5359477124183006
0.8359375
0.5024154589371981
0.3764705882352941
0.5729729729729729
0.5964912280701755
0.572192513368984
0.7850467289719626
0.6134969325153374
0.6937269372693726
0.7203065134099618
0.755
0.6970954356846473
0.6242038216560509
0.5819672131147541
0.6170212765957447
0.6887966804979253
0.6694915254237288
0.6334661354581673
0.6363636363636364
0.6939759036144578
0.6330275229357798
0.6373626373626373
0.7966804979253113
0.6784810126582279
0.617283950617284
0.6143790849673203
0.7878787878787878
0.9154518950437318
0.6064981949458483
0.9035532994923858
0.8136882129277566
0.5903890160183066
0.5313432835820895
0.04620462046204621
0.6503067484662577
0.9479166666666666
0.7509481668773704
0.8017241379310345
0.6688524590163935
0.9803921568627451
0.7010804321728692
0.5833333333333333
0.6956521739130435
0.6909090909090909
0.956989247311828
0.5
0.646551724137931
0.5396825396825398
0.5405405405405406
0.6598984771573604
0.7493540051679586
0.5900900900900901
0.532258064516129
0.04761904761904767
0.8054607508532423
0.7362637362637363
0.8466666666666667
0.7609427609427609
0.5349794238683128
0.44221105527638194
0.7258687258687259
0.7920792079207921
0.754257907542579
0.8296943231441047
0.5956284153005464
0.9724770642201834
0.6031746031746033
0.5775862068965517
0.8305084745762712
0.8333333333333334
0.7563025210084033
0.6517857142857143
0.43999999999999995
0.6616915422885572
0.7655172413793103
0.6196213425129088
0.6957928802588997
0.84375
0.8958333333333334
0.7435897435897436
0.7941787941787941
0.6218487394957983
0.6379310344827587
0.5147679324894514
0.578512396694215
0.6299212598425197
0.9666666666666667
0.8302872062663186
0.7126436781609196
0.8194444444444444
0.6041055718475073
0.5916230366492147
0.631578947368421
0.9051724137931034
0.7875647668393783
0.5694915254237288
0.633423180592992
0.9442815249266863
0.7845579078455791
0.6
0.7125
0.6319702602230484
0.6756756756756757
0.7084148727984345
0.7622950819672132
0.6310160427807487
0.6363636363636364
0.7320954907161803
0.8
1.0
0.53125
0.7252747252747253
0.5984251968503937
0.91
0.6666666666666667
0.7387387387387387
0.5795918367346939
0.5827814569536424
0.04530744336569581
0.7156549520766773
0.5675675675675675
0.8762886597938144
0.9771689497716896
0.6
0.7785234899328859
0.5683646112600536
0.5945017182130584
0.547112462006079
0.9032258064516129
0.7951807228915663
0.5786802030456852
0.9205607476635514
0.5822784810126582
0.7337662337662338
0.7358834244080146
0.7701612903225806
0.6639004149377593
0.9642857142857143
0.7264150943396226
0.7604166666666666
0.9
0.7962085308056872
0.5150501672240803
0.6666666666666667
0.7244897959183674
0.6363636363636364
0.5956112852664577
0.6785714285714286
0.8235294117647058
0.8131416837782341
0.642512077294686
0.49226006191950467
0.9166666666666666
0.5315315315315315
0.5882352941176471
0.7763713080168777
0.5263157894736843
0.7642857142857142
0.5838509316770186
0.6582278481012658
0.6446280991735538
0.9053497942386831
0.6368715083798883
0.592436974789916
0.7686274509803921
0.9459459459459459
0.7916666666666666
0.8340807174887892
0.8433734939759037
0.7820224719101123
0.946524064171123
0.6192170818505338
0.9271137026239067
0.6
0.6032786885245902
0.7259786476868327
0.6852248394004283
0.0456026058631922
0.904109589041096
0.7228070175438597
0.7364620938628159
0.7313769751693002
0.7016129032258065
0.5411764705882354
0.6086956521739131
0.6813186813186813
0.6691176470588236
0.912
0.5851063829787234
0.8154506437768241
0.7636363636363637
1.0
0.7284991568296796
0.6067415730337078
0.5620915032679739
0.6017699115044248
0.8
0.7487437185929648
0.7189542483660131
0.8468468468468469
0.658307210031348
0.5868725868725868
0.8438538205980066
0.43870967741935485
0.9368932038834952
0.5492957746478873
0.5846153846153845
0.5263157894736843
0.7330677290836654
0.6855670103092784
0.5478036175710594
0.618042226487524
0.49006622516556286
0.7198364008179959
0.6555555555555556
0.7939508506616257
0.04530744336569581
0.3623188405797102
0.6674937965260546
0.7245283018867925
0.5827633378932968
0.42105263157894735
0.6276150627615062
0.5954198473282443
0.683651804670913
0.7401574803149606
0.7
0.8235294117647058
0.6887052341597797
0.7772727272727273
0.42105263157894735
0.7455197132616487
0.6699999999999999
0.7710843373493976
0.5889212827988338
0.7355371900826446
0.580110497237569
0.7125
0.7361111111111112
0.9863013698630136
0.6632390745501285
0.7542662116040956
0.7259259259259259
0.6386554621848739
0.7933333333333333
0.5772594752186588
0.6607142857142857
0.6349206349206349
0.6833333333333333
0.8413284132841329
0.5136612021857924
0.6428571428571428
0.7619047619047619
0.7713004484304933
0.6271186440677966
0.5509433962264151
0.7354596622889306
0.6384180790960452
0.5792349726775956
0.5663082437275986
0.729776247848537
0.5882352941176471
0.6053412462908012
0.7044334975369457
0.5897079276773296
0.6127659574468085
0.43157894736842106
0.9734939759036144
0.6941747572815534
0.5691056910569106
0.6679245283018869
0.5793103448275863
0.8013698630136986
0.6473029045643153
0.6345609065155807
0.6603773584905661
0.7843866171003717
0.525
0.5726872246696035
0.789873417721519
0.5758513931888545
0.7261613691931541
0.4358974358974359
0.6038394415357766
0.7619047619047619
0.5575757575757576
0.622478386167147
0.6993006993006994
0.6095717884130982
0.6842105263157895
0.8421052631578947
0.6851851851851851
0.7259615384615384
0.9620253164556962
0.9121813031161473
0.6035502958579881
0.7707082833133253
0.7874306839186691
0.5726141078838174
0.5694915254237288
0.6943765281173594
0.6857142857142857
0.4473684210526315
0.5403225806451613
0.7281553398058253
0.801762114537445
0.5691699604743083
0.7773584905660378
0.6632124352331606
0.7911111111111111
0.7063492063492063
0.8275862068965517
0.5067567567567568
0.7885304659498208
0.680672268907563
0.7111111111111111
0.6526315789473685
0.68762278978389
0.8151898734177215
0.6181818181818182
0.7207547169811321
0.5625
0.5833333333333333
0.5949820788530467
0.6288951841359773
0.5714285714285714
0.5714285714285714
0.6389891696750902
0.5823529411764705
0.5490196078431373
0.7707979626485568
0.9005524861878453
0.7641196013289037
0.6518518518518519
0.6547085201793722
0.8122605363984674
0.5133333333333333
0.6082474226804124
0.6130952380952381
0.7570093457943925
0.4729064039408867
0.5851063829787234
0.5578231292517006
0.6371681415929203
0.6347826086956522
0.8017241379310345
0.7304964539007093
0.6375321336760926
0.6293103448275862
0.7240506329113924
0.7596899224806202
0.6158038147138964
0.8285077951002227
0.5066666666666666
0.6820809248554913
0.6477272727272727
0.7092198581560284
0.7104377104377104
0.5434173669467788
0.6539923954372624
0.6235565819861432
0.7384615384615385
0.964200477326969
0.8571428571428572
0.6502057613168724
0.7280334728033473
0.5833333333333333
0.5773195876288659
0.7204968944099379
0.8133333333333334
0.49158249158249157
0.8020176544766708
0.7753201396973225
0.6938775510204082
0.7679324894514767
0.6156941649899397
0.6738351254480286
0.5694444444444444
0.5943600867678959
0.589041095890411
0.5729166666666667
0.47342995169082125
0.6234309623430963
0.9156626506024097
0.789237668161435
0.5902964959568733
0.5280898876404494
0.6822612085769981
0.5714285714285714
0.6840148698884758
0.8247978436657681
0.6774193548387097
0.7792706333973128
0.7407407407407407
0.7045454545454546
0.5833333333333333
0.5833333333333333
0.5655526992287918
0.7513513513513513
0.6171003717472119
0.7048458149779735
0.5283018867924528
0.6304347826086957
0.6145251396648045
0.7262569832402235
0.7062314540059347
0.5384615384615384
0.6724137931034483
0.6428571428571428
0.6480186480186481
0.6889952153110048
0.727699530516432
0.7447698744769875
0.7870182555780934
0.59375
0.5970149253731343
0.6253369272237197
0.8040816326530612
0.4571428571428572
0.6648501362397821
0.5939086294416244
0.7081218274111676
0.046052631578947345
0.5042016806722689
0.47352024922118385
0.6209677419354839
0.5730994152046784
0.6950000000000001
0.8166259168704156
0.653061224489796
0.8787878787878788
0.5837320574162679
0.736842105263158
0.614481409001957
0.7579462102689487
0.7651006711409396
0.7139479905437351
0.8622222222222222
0.8561151079136691
0.6062322946175638
0.6869712351945855
0.5575447570332481
0.6914660831509847
0.5892116182572614
0.7135135135135136
0.6703096539162112
0.6030150753768844
0.6054054054054054
0.46153846153846156
0.5532879818594104
0.526984126984127
0.7703703703703704
0.6956521739130435
0.8650519031141868
0.5807962529274004
0.6601941747572815
0.7891891891891891
0.6666666666666667
0.5797101449275363
0.8461538461538461
0.5974025974025974
0.9689119170984456
0.639386189258312
0.5602409638554218
0.600451467268623
0.5938566552901023
0.5153374233128835
0.8713692946058091
0.7383512544802867
0.7317073170731707
0.6120218579234973
0.5570469798657718
0.7789473684210526
0.8111888111888113
0.7209302325581395
0.6728476821192053
0.8244274809160306
0.7845528455284553
0.7148014440433212
0.9766081871345029
0.7785714285714286
0.6456692913385826
0.5913978494623655
0.9056603773584906
0.6683417085427136
0.49
0.6666666666666667
0.5665236051502146
0.5506849315068494
0.750561797752809
0.7643979057591623
0.5641025641025641
0.6006825938566553
0.6603773584905661
0.7157894736842105
0.8275862068965517
0.6256983240223464
0.9206349206349207
0.749003984063745
0.8220338983050848
0.5560165975103735
0.6576271186440679
0.50625
0.8428571428571429
0.658753709198813
0.8163265306122449
0.8214285714285714
0.7107438016528926
0.5827338129496402
0.7265625
0.5950704225352113
0.8279569892473118
0.9666666666666667
0.5714285714285714
0.8679245283018868
0.6145833333333333
0.737037037037037
0.7372549019607844
0.7153024911032029
0.5333333333333333
0.6
0.7654784240150094
0.6586538461538461
0.6115702479338843
0.5702479338842975
0.6417910447761195
0.6137787056367432
0.8020050125313283
0.6548672566371682
0.6764705882352942
0.7690447400241838
0.7328767123287672
0.6113207547169811
0.7718120805369127
0.5369127516778524
0.844559585492228
0.5491525423728814
0.8078817733990148
0.4585987261146497
0.7781818181818182
0.604
0.9129411764705883
0.804177545691906
0.7373737373737373
0.7353535353535354
0.7407407407407407
0.6054054054054054
0.5396825396825398
0.5882352941176471
0.7583892617449665
0.7129909365558913
0.6938775510204082
0.6157517899761337
0.6490066225165563
0.5704099821746881
0.5656292286874154
0.518796992481203
0.578397212543554
0.5359477124183006
0.5438066465256798
0.5947368421052632
0.8888888888888888
0.6181818181818182
0.96
0.6633416458852868
0.7455919395465995
0.7851239669421488
0.777292576419214
0.6783216783216783
0.9
0.6666666666666667
0.7565217391304347
0.6192170818505338
0.7078189300411523
0.7705627705627706
0.7482014388489209
0.6696832579185521
0.6012526096033404
0.7094017094017093
0.5570776255707763
0.6852791878172588
0.04982206405693945
0.9315068493150684
0.6626506024096386
0.6502463054187192
0.5968586387434556
0.8506787330316742
0.6522781774580335
0.7287128712871287
0.6848249027237354
0.8585365853658536
1.0
0.8022922636103151
0.543859649122807
0.5608108108108107
0.9545454545454546
0.8692579505300353
0.728
0.7727272727272727
0.6536585365853659
0.5948275862068966
0.9320388349514563
0.5058823529411764
0.6993006993006994
0.5760000000000001
0.9894736842105263
0.5879917184265011
0.6058091286307055
0.5626911314984709
0.5772913816689467
0.8028169014084507
0.7080745341614907
0.5743589743589743
0.975609756097561
0.7267605633802816
0.5106382978723405
