0.5631471352484375
0.44869736081838957
0.5325873545945748
0.746967018336498
0.46635335258220856
0.5885959703597309
0.3121026897384833
0.22008865668023225
0.5277810802732611
0.6708246297044386
0.42094074161029194
0.3065518819158646
0.79336241543296
0.6878586225767505
0.6145189467706957
0.440155343052159
0.3321093894288042
0.651153108788008
0.4146256867992196
0.4369192997335973
0.37263041260498186
0.27826022333668143
0.6010726607619237
0.4005946103730488
0.617199895572569
0.2946093142404123
0.24323531848717325
0.385497001377755
0.6613234989850509
0.3267876622753194
0.6570402437062319
0.48655836602511526
0.5350097592407971
0.5255188847592985
0.3771512753470386
0.47080729339916044
0.2871060397090656
0.7455446288756783
0.33548788679061425
0.46782250574650175
0.4293805829583814
0.4793864262616176
0.8172921723676686
0.3850363069622203
0.5294640845854305
0.29624150014985823
1.0
0.290589030077715
0.6522824511639176
0.5918778168856665
0.6323000370679006
0.7040168852314995
0.6583050948532723
0.5113378991005876
0.2563883251713725
0.6174474506769203
0.6024139370080389
0.25842139806876036
0.28587401516146144
0.46297854496976903
0.3869792567687253
0.6486770219316271
0.5834146917664351
0.44468604420352864
0.784670481326277
0.599849310748924
0.5102868797947746
0.4541874245138235
0.3927458957430134
0.553528958698953
0.6376247679430267
0.5835827236377145
0.596650052831507
0.2555389800213609
0.4603967344445448
0.5456460429274096
0.5647681826757469
0.39766460559867395
0.37152855363768716
0.7926682673216117
0.6032440615437034
0.5082418698942405
0.5345881472892222
0.40023580417062393
0.40343086548203466
0.822151017601259
0.491585298060876
0.48506495838612296
0.6072803132084036
0.767570727581529
0.42442145955365934
0.48986988863950204
0.09753662655121009
0.3981701441660457
0.3283902894866455
1.0000000000000002
0.6054258305638347
0.4118982481162091
1.0
0.6467622321159844
0.4826436172243667
0.39987071331062113
0.43030547345196385
0.6502964813448475
0.8095987094150885
1.0
0.5633051906338361
0.2361566975601994
0.4420394236903089
0.7117939413180263
0.4628369284730927
0.34830786977602624
0.5061808436154298
0.6513837599779537
0.7286438969512503
0.3691145533323309
0.4258969701681984
0.5900090686122825
0.6743301942176627
0.13472890359363393
0.01910820510804625
0.13169171142935163
0.38618019845520013
0.1981869692733086
0.631376963657314
0.23978625546815352
0.5249582599285804
0.48527442064552595
0.5012313723338017
0.41102798866774237
0.4157208926097513
0.3881676476567663
0.17095272831616448
0.4427456331963325
0.5933604497076786
0.3096514342516875
0.438322108538263
0.44366620936521706
0.3582123568046059
0.48863056520266274
0.7042479892075432
0.47313140583101854
0.506502317739683
0.4699397149253005
0.4855438910912308
0.800415649230455
0.3044310008772139
0.830717564705126
0.6829113078290012
0.44136993823315607
0.5788863856859424
0.0
0.3851970349801268
0.8979740769224549
0.4982941658710057
0.5688617555337104
0.38142165096651476
1.0
0.5512058621437935
0.34704233163246306
0.4974105020902152
0.45726967446750244
0.8835427090867651
0.5819097233586231
0.30114905759368
0.35191957251061173
0.11200840865364467
0.3476804727818846
0.6437732863822242
0.42006620030513114
0.30182763751608477
0.0
0.7430414944425169
0.6483052488438086
0.8441531785921789
0.6020427842992958
0.2792389539041674
0.12082404242306871
0.49486100292212554
0.7872626984665069
0.6629641347464302
0.6694789068913833
0.23149974602271178
1.0
0.3373231863082864
0.27810007317491636
0.6976910893294268
0.6985767215550273
0.43481757587165554
0.2862607298141874
0.1796677040735106
0.3672449641616891
0.6465493568197147
0.3049323867264177
0.4650304389897954
0.6338969038951169
0.912943714135143
0.5930466030147296
0.6611607579902065
0.4566029326524848
0.2773768616825852
0.31010442557129464
0.17696425762462953
0.3992442016231755
0.9999999999999999
0.7323536790441629
0.7750286952762675
0.597495118981412
0.45373540976606686
0.23034800365270217
0.22216622866859045
0.8441013434013372
0.6692295018710088
0.5246440379061469
0.40511658941425954
0.8233205053224767
0.5815371052247048
0.16075181499442878
0.4988806447911738
0.5989910281441088
0.3151136425544758
0.48693664458836644
0.6575427580117701
0.1866467821531148
0.5444981955711764
0.647038152988041
0.6967858155830474
1.0
0.6425446023948157
0.6117974159951977
0.46248832740893636
0.868676765759298
0.4533687810722902
0.5405035681653101
0.3434361286126046
0.29149039992905457
0.0
0.6139899681424287
0.7017947823054381
0.6461940673583745
0.9211311045435316
0.5349886931195248
0.6986614963147565
0.39174270649386495
0.2394288384439515
0.7586438271211488
0.8263847106077964
0.6963674782995595
0.5102326119971474
0.846761151712451
0.3767702899256693
0.6033801203005532
0.560697536742627
0.6432672898446659
0.4561586130234596
1.0
0.45370204489116617
0.6341306140697651
0.9999999999999999
0.8082531094929236
0.5889258042051251
0.3905063357646047
0.5620092051747848
0.5009300852916176
0.5119718444701017
0.4633974117846976
0.6537539916921291
0.6767706511387738
0.3242356376053898
0.23453720178737433
0.5572739435232645
0.19924716013844965
0.5062353787903189
0.4537802177455179
0.33509064402930444
0.4682732271425198
0.5282328174395675
0.6296884125149608
0.4931656582884214
0.7862234963884337
0.4076651733409943
0.3974641542190415
0.48191867598239285
1.0000000000000002
0.5432667810750506
0.7504893376489684
0.6529325024825727
0.6830082794717598
0.8516023099585083
0.3125462376288474
0.78761521297975
0.31611211059800287
0.4700953234863104
0.6667593361329649
0.5967311982966973
0.0
0.8905200966489242
0.4894220193982757
0.5928967418407667
0.5105806346749581
0.41643874573356626
0.16874232789662796
0.30030736293992905
0.5040500298961235
0.40960430212774407
0.8192608396082671
0.1640252550337059
0.6864606414603414
0.7167988828061063
1.0
0.5368629055689171
0.4044642969928458
0.2771781252427788
0.45917483274615967
0.709427978664774
0.6587802152662788
0.41455742929376277
0.7385959189112005
0.4817246970832465
0.31718576356321776
0.6033402985760867
0.23575640439232726
0.8975685049228589
0.452209095302803
0.42235787371491107
0.6300553134661058
0.5199781817571516
0.5048889954878923
0.2019383181246051
0.33476660835758104
0.3547018851098499
0.4524191464008679
0.526989545745704
0.6051298994695994
0.0
0.09404754955978684
0.4588879649127894
0.5505646167603228
0.4224077989502817
0.27353266687508476
0.4391947504077819
0.3162527469174227
0.6232688608504903
0.6058928655435746
0.5523927916017535
0.6398637174989802
0.632414431106809
0.6833099945963301
0.13953193422086863
0.6536511771615346
0.4436194948375535
0.5597148653641514
0.4437665994785425
0.5973512050190786
0.3756297104989688
0.5241192102571872
0.49983978370690996
0.9211311045435316
0.38099424110883434
0.6044163908651528
0.4242257343617183
0.46375323272690666
0.5998991083070561
0.46108855367677476
0.5267738462626084
0.5298550389991165
0.5506248674349619
0.7087363701140055
0.019554509374556835
0.5333419221430603
0.5850722116268882
0.6317357760052437
0.44242824640496786
0.2890072970100105
0.4629715496415581
0.4988639046384286
0.601202935333975
0.48114398083701526
0.7394499583729748
0.49818493551901305
0.4633295336773319
0.705441322682313
0.3983588925268332
0.3944099383785407
0.13547537630308093
0.9237772243729754
0.45886634834854934
0.34480968942090795
0.3556277781019549
0.6926755339788363
0.7269174303963791
0.5066576744476345
0.4752891917564751
0.4310213737241623
0.6312898651700708
0.38592679189346907
0.29518395286154087
0.7546289436147967
0.5449979133123243
0.5120500306028654
0.2818041517291925
0.25109700220932474
0.5299341389744805
0.6229091290385061
0.5600385879981082
0.3915790115404708
0.28528311557166225
0.6045268518469453
0.550586917414867
0.5288718000633715
0.48347144491892663
0.8180456229682544
0.8192685825556634
0.45917483274615967
0.524599439890534
0.656234276036671
0.37190599923488404
0.680737717377839
0.6978795061420251
0.3940745581534492
0.19287755478941615
0.3234020753158027
0.5352022575986853
0.7199857481694756
0.24731721857382713
0.6182464509423471
0.3505813581496992
0.6800288828359746
0.5851613347282124
0.7400546543542309
0.3277189319557371
0.5748929657458511
0.2585816649081415
0.5228024884382393
0.5585313356136379
0.4584979988686347
0.6159895311201962
0.2734673063696184
0.4707494350349509
0.6507844993076024
0.2505739721192892
0.5624768528508021
0.5049840064509262
0.36360072247401404
0.5035839010665522
0.3549888574190465
0.5117493104343075
0.3519432276092265
0.6075934687802689
0.7553705387213726
0.6752935824088258
0.5471543460300927
0.5267738462626084
0.5004526090884949
0.7089020413640352
0.2350439796344554
0.4898760032777392
0.5854266939498749
0.13598018045369498
0.35580756236260364
0.40304312687810223
0.389026460555856
0.30674475810979135
0.5048669557529234
0.597224687411332
0.6055226474481572
0.2889948734264128
0.7163722540878618
0.5923330046151817
0.2801750782896481
0.7145559688184937
0.33246258773490683
0.4068641929042149
0.3042026875324125
0.43032144282179996
0.716694862181392
0.15897287728433687
0.46203416023253224
0.5503943260772735
0.4406717278802269
0.9356467854173346
0.8089227489986225
0.355216893202665
0.6071938979395403
0.49777798597982126
0.22218174954966752
0.46086441206988926
0.5365654221709184
0.3348791277552287
0.6212711431098097
0.5150447836567126
0.3399788745134609
0.6470458471765652
0.3212282790729487
0.41198514013801224
0.31263536717538176
0.3286349585904816
0.2631567069269837
0.3033430073368439
0.20903782515322458
0.49465642433961055
0.8009555385688855
0.6242334307728655
0.4406170616188603
0.4719472556508358
0.5166534116564322
0.310430100261732
0.5029304257993837
0.6896378210716574
0.33932657519987697
0.6434546243926873
0.4661550216179373
0.7298341089226154
0.2399666089332585
0.30259886974958644
0.31881850064652856
0.4647693150291325
0.49751671375002443
0.5027366447551509
0.18459111638084522
0.5888706915892312
0.43523565440483414
0.34326497704624903
0.5896199557781955
0.1857559526477625
0.3618919324141138
0.5230902473259218
0.4245739353830933
0.3794408536340926
0.5326739212482138
0.6252200023298048
0.6373425671412623
0.2995656556775051
0.42268661197240753
0.38565189815467643
0.6560866681219636
0.43693674517530245
0.4511017940420257
0.2875038477940781
0.522065613047608
0.0
0.23440141270074863
0.6043619751152505
0.5503603208138702
0.4097971867932941
0.6789202564593809
0.6050683031600406
0.5835370002400536
0.8400836081348881
0.2701446946152508
0.8547793913834134
0.293761212844604
0.5737435374884446
0.6494750815486416
0.4384884927610843
0.7593565421782462
0.6553423394255913
0.4321989491135171
0.5232027214377305
0.2893697243519924
0.48099223819281245
0.3733211271247807
0.5965798134119001
0.6141149731346431
0.2570448113038064
0.5377800201953727
0.2305895838273826
0.3310615919446163
0.27661035814098955
0.5392693646214347
0.5218823162642362
0.7238002125499651
0.35373508972670237
0.37738907808772015
0.6973744075076397
0.38209104608668615
0.34569819983753014
0.6298603618138
0.3965446151952629
0.9140059633163755
0.3947496686822647
0.31978495519445577
0.36074919129131705
0.21987934523188316
0.2899036202438857
0.7474470535456351
0.6667593361329649
0.5172009192669852
0.28238707996652135
0.3550415830280307
0.44136451258565107
0.45083567616912174
0.4765971956637988
0.4274915932196273
0.5773758819738614
0.6168028944084063
0.562007170604946
0.9665039634224977
0.6239383231574678
0.38549211223003604
0.3318876978347528
1.0
0.49347910073494816
0.19215594146289244
0.4558972592951599
0.33588899003404254
0.37511273013834034
0.6498217182452802
0.6210669831010756
0.24022765611911062
0.24905749985412087
0.497225694642611
0.567285442804408
0.4933480883001381
0.3120378127288273
0.8799270258391713
0.6053750984496434
0.524503531798282
0.3615515726780612
0.504988403910452
0.3827934504137511
0.6639907920847563
0.5450077475278436
0.5688002708766802
0.5166839419068533
0.5673761279394828
0.5202409965897814
0.612096107130274
0.23247661497342154
0.7569101120943633
0.9251243701948512
0.37854123285471003
0.6239807526101397
0.23307193195247114
0.5546660640924292
0.5864238131710681
0.5466740945109065
0.22278429844172665
0.3500359658946984
0.602690282467844
0.37700191639282193
0.6414364623660127
0.319578695967097
0.5989910281441088
0.5505977608935234
0.7224844723744444
0.503590706182038
0.35686842998711205
0.5102772520101082
0.7102950380448455
0.3690787541690677
0.7125241859603937
0.7017947823054381
0.731708875897374
0.6360480061652463
0.7022324526000694
0.5308663900868568
0.5942957401357024
0.30926675332198383
0.8474824941289875
0.6576168655136171
0.6228142306173596
0.5129310824800166
0.5176051557804027
0.21895914405263903
0.2849865316490922
0.31109579056985237
0.7368676358528066
0.4575670440372219
0.5634481967260524
0.5110521638320582
0.27435186529119465
0.22263819812156185
0.39793313369262195
0.3014543155479613
0.3474395294874999
0.18944223287198558
0.6179230565159756
0.2244559362183957
0.9981851636285676
0.38828354030674866
0.7394256427828957
0.5585706473995191
0.5221528587006738
0.6410353409410118
0.62691841811347
0.46679833892682915
0.8595692809590313
0.5334767160020536
0.4988156053882204
0.3176729271564316
0.41074246638672834
0.59555416319708
0.7008019363068835
0.5443112448865353
0.35387510629592217
0.5860297259545828
0.25536898303161676
0.379715858514176
0.0
0.79336241543296
0.3660341932630787
0.35909197825283345
0.3470484926992438
0.7386103075188414
0.3016653188445677
0.540560300996392
0.45063712705047154
0.7955417163885676
0.9999999999999999
0.7052561135282173
0.24469357530270414
0.7017947823054381
1.0
0.7384691263098777
0.43198336318923763
0.6129165992603148
0.48561949313737374
0.36415613224107457
0.958875386381306
0.12514885478980003
0.4187139614948917
0.3682253453157435
1.0
0.37454079163186765
0.3126223255002726
0.49955380677289685
0.44216626751640753
0.7555813983891994
0.499273747835872
0.24654495860062645
1.0000000000000002
0.6057666756112635
0.44523407682141103
