0.46307666934025327
0.5035558023600858
0.6537909749840498
0.5511463790002192
0.4916890198346934
0.7247007577937137
0.830070407120886
0.624209836319374
0.896236522104734
0.5093149362633455
0.8749237864504766
0.7596209994775389
0.7872985467072737
0.7758212922683003
0.8035421027625016
0.7355452540198889
0.7700626386510612
0.6058447933746237
0.7700626386510612
0.5760840015711759
0.5925039964262687
0.5918639434152388
0.801029721938169
0.6440222543923384
0.9070271377201126
0.3024281517942741
0.872650481920271
0.5365456932874981
0.8067965655430829
0.3975743166683364
0.7264339957277959
0.7657483972554721
0.38547526240133834
0.7264339957277959
0.8364613373855686
0.80764127425479
0.41596498456753267
0.7282338036190855
0.8566423224755266
0.718491673429711
0.7210342555636561
0.4741193455393842
0.9185644836608807
0.275775665960714
0.275775665960714
0.275775665960714
0.344933843523626
0.344933843523626
0.275775665960714
0.275775665960714
0.7228000686563635
0.8769409042945042
0.6594827682110161
0.9033462676907983
0.8622761683130297
0.930910841592774
0.8253669844063767
0.8883192163577713
0.5914708537560077
0.6187843554586852
0.5145807868779273
0.5009336270639867
0.8521382827111874
0.5513287661706533
0.6038113865822412
0.5386329779180689
0.5131685150059729
0.6844328983800925
0.8669375937437538
0.8503111809480154
0.7270365625873066
0.22538136594762537
0.8755281346285396
0.7052905279592183
0.24841166049331767
0.2846820526910275
0.701816147918161
0.536924794126264
0.8018708798314275
0.549324753899579
0.7964124828239586
0.8913502474320888
0.8843688831696329
0.5318505333752052
0.6833027529256361
0.5051166829477445
0.576055927532019
0.527585155361727
0.536566784270586
0.7645630343655924
0.8624118015791987
0.4074441475277014
0.6575026551904593
0.27296288423440795
0.7929266189780606
0.666201662968405
0.5391111644447123
0.6858279178833654
0.8105299360758316
0.5232435257169936
0.7474615442043228
0.5909906855661503
0.5565946104091021
0.6761102664092117
0.25499193034508416
0.3782680307125169
0.4359368779143542
0.5814057962538887
0.5722124918559719
0.8483612658444912
0.44428346799926516
0.5781520169182208
0.7526550149517506
0.5394015054380326
0.4597219818710087
0.7306971612564175
0.6131692875725336
0.5740902598446347
0.7209000474742452
0.5847360297101448
0.03265120172905246
0.023453446851783265
0.3254368423169467
0.028652194007371047
0.06408923038540269
0.04603546819161303
0.06408923038540269
0.6706333694454004
0.31561022445846293
0.23649955747706983
0.5952870159488303
0.31561022445846293
0.7369109052977129
0.7064809148370856
0.4643740354193495
0.7890245873092085
0.22628241633144153
0.24592275927087787
0.33947182289055555
0.6217766014653001
0.49789237796355135
0.4385484407072685
0.30502151919110526
0.7026923114741424
0.6096274114628651
0.512675430345026
0.7450037518063418
0.4595814490555287
0.4327329334151907
0.7450037518063418
0.7082108366904764
0.6464031753574178
0.017905135626121563
0.11769158929191764
0.417598221633862
0.5217440713431494
0.6692402945835171
0.49075879502234593
0.737282782284318
0.07424986732005091
0.07424986732005091
0.12879115384738118
0.26448293271121687
0.295773292231313
0.5886956530579166
0.2447879223882812
0.6881353204672112
0.8498458095632758
0.8019487320145317
0.33151668091732184
0.7304103731889185
0.7113170867937377
0.5346207387113248
0.608903181268606
0.7332317088826779
0.44640736075541415
0.7207619941828619
0.040515006621173015
0.5773456469606091
0.3154922989199801
0.34898372041859493
0.20634503208049815
0.13602299493506484
0.21686159345771247
0.19806978752040172
0.7236901587614053
0.04220253624169456
0.04220253624169456
0.14235134595499419
0.0355989998671181
0.4077599864247944
0.7560022153496203
0.730363086986659
0.4195649652233159
0.29330282721196027
0.6199358110213248
0.12513405862273652
0.6574688560917056
0.702729170311517
0.07715568435500471
0.021969106701861984
0.390397155721502
0.5840385824857357
0.828904379304535
0.7979366365163386
0.5891450860434211
0.21260249821102473
0.4873173446378948
0.6644742714237666
0.1665163527044959
0.6035343428397839
0.6799508349404749
0.536691938269144
0.5593049735839852
0.6421081271118859
0.3092609751087595
0.6686455030741916
0.2712886538370253
0.6775313837183257
0.4440602999108359
0.5212283947084514
0.7358717245145667
0.32580906632002543
0.5447279794120553
0.41749560495993415
0.6375919076538562
0.4666084725951997
0.3867696080458487
0.6562654917939028
0.6246051534140399
0.3642051783235981
0.6245181635089517
0.6276074609442747
0.07741057381905271
0.27734475395393354
0.45285999910075986
0.42597988132575315
0.38186504269731647
0.30561233333462423
0.2340964537913097
0.7803584475664294
0.4030003494428232
0.34362579997053794
0.7126746766383527
0.4635983907878907
0.14086898623159913
0.33572863400649033
0.6290772478038508
0.5219654047824419
0.701338198848588
0.3747105823865729
0.6521889958899412
0.3872913462649184
0.7836085635089248
0.3168778698995086
0.30137275109785616
0.21460253755697084
0.3184005508786298
0.18069232641079122
0.4995340483613088
0.4785918881446728
0.5952426745616454
0.45998629287860743
0.3481946728978562
0.23490672968562426
0.296449462067681
0.32289892802032644
0.03643922887002946
0.46952170881824645
0.6904473501354002
0.7688266514979307
0.486215086840688
0.18044800127671076
0.5229792199395862
0.5076819624488204
0.06635803745223347
0.5298668961242132
0.4251834734873492
0.02149794226988425
0.6216076585689998
0.40443829623766336
0.20827397773347056
0.45478416713770287
0.2524528711320575
0.6594711339786643
0.6558316654223079
0.5509098033464181
0.352787257358418
0.39119745010826135
0.3744374453294562
0.34581744265047987
0.11196546109266382
0.2649587476309085
0.06146550246069339
0.6204180600765866
0.5994228250150383
0.6335064170339669
0.46387547504550464
0.5929354066731399
0.06625590035504829
0.1188060080837991
0.5757115119333801
0.6620129860083722
0.42882954521377614
0.3613257292193481
0.5247849807411215
0.23301543117543397
0.10603322985428115
0.08941919131472004
0.43341726032644196
0.26013693739346466
0.6082058402906662
0.32581675525515336
0.49842874294631023
0.15736656033936947
0.19362054293214878
0.6111512942183909
0.6387955025342454
0.3650127555884703
0.18591065383076638
0.12442012957944987
0.7849597029957797
0.4668099872348405
0.09364393889604557
0.19264530546471212
0.09161007615035278
0.09161007615035278
0.12443321693256856
0.2422900229260006
0.05647287112432213
0.08559077039977589
0.09463557513252599
0.27889276724473444
0.4642651937843216
0.3971019938728269
0.5004770781383493
0.6154888648460825
0.5267336560163097
0.6506488246649231
0.3259460116339878
0.17631042144584153
0.08857582843139941
0.2703586084827223
0.28229813790960373
0.7081730283372807
0.5164435920073287
0.5035488068437787
0.14260746894882886
0.01722185057249875
0.07645448172813715
0.28791918319902504
0.4187490631130705
0.5425487017830387
0.5068629914428088
0.011555081432487471
0.016265992850415696
0.05523208736090697
0.014537850868256583
0.35076138249781835
0.3988355846924633
0.5710480805972816
0.42783013042132373
0.44760266749475913
0.4113256334030796
0.34599301082522776
0.12706076520379803
0.0032052644613651295
0.5457665744650395
0.040158546023894494
0.3577310672462461
0.11522924623961864
0.10340689789379445
0.05024619029227459
0.002252911432712164
0.1407995856008357
0.292036217208395
0.1771976475135863
0.1888873585971586
0.07756712889779327
0.14862892595043825
0.34205905396050656
0.2325355205171426
0.4590802840466178
0.060593315695430514
0.1540708096890951
0.024846741302164597
0.44051843954127634
0.519117388896086
0.3555106189645797
0.5566295522975679
0.07056339774201904
0.06122049060929387
0.17005655066765651
0.6686626196532378
0.060070790879010606
0.16845818197931706
0.04056855893496764
0.4040280993267476
0.5102363886852931
0.08179067303136711
0.5649770818374896
0.30855813089210443
0.5633390008721638
0.03727748850197295
0.6481726271537034
0.44387917075587746
0.06979456540645698
0.17888052804429116
0.5748628768706762
0.38963400943061016
0.11544187551466235
0.4375035101319552
0.4107496214662956
0.3813742509161236
0.21024655627499111
0.39547149431552503
0.5415639294212304
0.013512223126333952
0.37630095262753005
0.09145908517937291
0.533041479295611
0.2473665274612927
0.07828375193311567
0.2916175908111984
0.21160623271467738
0.12638776080918032
0.021751352049935037
0.16547502576197873
0.1615984286866617
0.5445801680440608
0.7486527901490077
0.3709362303641543
0.5006082352408103
0.20260274737524947
0.42476776849708736
0.3230217114098583
0.46212253393970565
0.37286843838979655
0.4498808576501416
0.07736634846049777
0.29455014574648714
0.2067743726884507
0.2611662779181709
0.08396916016715043
0.5342733571425802
0.14768302591385396
0.1558004162702979
0.10435599856389428
0.062159778574443436
0.05730654111633284
0.01021691698601679
0.7267191209355718
0.4060745393281866
0.05195930384560803
0.2544176972621416
0.4465757236457126
0.28339491470363987
0.35494461808509303
0.690246948789635
0.37519199757944555
0.4616042584629641
0.28654844624995035
0.26261848830245155
0.1911714586874893
0.01708048275366025
0.06589658796008498
0.3642604046201297
0.0067608075905004695
0.19994438240526372
0.01102335359352531
0.438331365432928
0.09768792710663537
0.138814334478471
0.4955047907811976
0.0418546054986885
0.35348390442556493
0.22375123220662158
0.01342416584758332
0.05747286505933828
0.00738042501452415
0.4982145229484474
0.4472443090233763
0.24700199832738776
0.16101628233743917
0.18726498014462623
0.3571116280711009
0.21048646184951983
0.5282379736610758
0.2411311733556385
0.030675737321219653
0.06563139422610734
0.021659498295399808
0.5309503330669446
0.048888059301697026
0.3653884441768045
0.13616351223376583
0.2588507168924082
0.7297896993341135
0.5280356422270437
0.4113480615274061
0.08832509465160752
0.4282804729075829
0.6200300775270164
0.2569092569896919
0.6596805951777629
0.0392386578080094
0.12190125881186752
0.3765229441802485
0.4185540800937249
0.1582948332200275
0.0036705603276575923
0.04422424021023045
0.07789040694350326
0.4161842873127355
0.4825066548045836
0.02257362401058774
0.5963575667681802
0.11135259002215175
0.14409629059312756
0.06652697075445603
0.0023672574631183477
0.1955255365311219
0.09560546109460913
0.1292253522285771
0.3237571861920458
0.6018474480500521
0.07820442692716427
0.4352654925268539
0.2602933051530047
0.6283251254139246
0.36253589512630385
0.4339573437586378
0.0031625795343964984
0.06864582217138436
0.0798961780055865
0.0988564036229813
0.014613945384335495
0.059906743665095796
0.0884208447044163
0.2446770672571882
0.05245220627816211
0.26488289085255795
0.1639628974368124
0.11823643195602766
0.016214774293477438
0.03625381908373013
0.30116659820048425
2.576573773117158E-4
0.26484785718238674
0.010585051659819317
0.07330560189570402
0.09057614372143599
0.1592630047207284
0.05395152205399423
0.5986305725819374
0.4235479592395429
0.006073787488871764
0.17035820078137676
0.0528997711887583
0.058202980455827544
0.014287568724789756
0.26611647452913517
0.19305394217836633
0.3790518172120432
0.20689063465288682
0.2567832392058301
0.19237924486489938
0.03595990216130522
0.4172525326850875
0.27759697491059565
0.5130018632795956
0.1216848284386345
0.00786745219887667
0.042029250836785145
0.33621012864825134
0.30227776229403763
0.2546300373833998
0.5512308760576196
0.3426067419535739
0.048779179848728184
0.2580552936065248
0.4679700103731682
0.14572983797935882
0.02814183145468944
0.3331346091447779
0.5508290618257535
0.32970832472378786
0.08548515925114533
0.12319251725276448
0.19449044578058958
0.06419733562918963
0.1971481155458217
0.2688144594407148
0.0022500961345120305
0.05558488579384835
0.15587244644558101
0.20024678876558993
0.5444923378672336
0.3793000815403066
0.27911371608216495
0.14718794906650426
0.14560308061350874
0.08313084409408851
0.053742027118580095
0.3184582227990407
0.23890384138682946
0.07779390361049632
0.0076569708675030546
0.4462065415920728
0.05713870656005738
0.06563397221401938
0.27916053309409167
0.253133339298148
0.0849183302505176
0.0017011123866129425
0.09642108976911569
0.01175709555235352
0.0892760371491216
0.0019203042316724508
0.36787427438939524
0.016173965299849928
0.5976925992623351
0.037044969633303414
0.1293241910589422
0.12476066364848072
0.1785891755545661
0.10280195654809841
0.18756194984362778
0.025512286507772618
0.32574506332892095
0.4061850432854803
0.3976167559319415
0.2537163386600749
0.07481537130418649
0.0037342471460958585
0.11691160558508935
0.46687429482664344
0.029484794061870583
0.0034638165008884607
0.034402229988146085
2.2641437551189326E-4
0.5623043233092944
0.10260623815718439
0.15188096529189196
0.010298017238761507
0.11328862033737183
0.0026082139725214556
0.4289035922943642
0.08867793557639271
0.004332803728218731
0.0071569528591212015
0.009437084740515942
0.3096116571690896
0.19851475497320475
0.3974605036441078
0.4305115786632915
0.0024618863911024407
0.08715154304932038
0.0018064241686775277
3.911348930532787E-4
0.1795827575155408
0.1991110547758482
0.04988893925829932
0.4285485193582108
0.6178245422467826
0.0037707416684153393
0.4449138345300673
0.06144825911486436
0.043891448632687895
0.1362028596747601
0.2007310099630748
0.3437002571921419
0.13370458200183982
0.20449768195530546
0.3710913074729606
0.40457355786335064
0.09892229509359214
0.025038466622377315
0.24315094459378245
0.20418101917490328
0.06695518840948275
0.0023258826403797722
0.4471840616449422
0.08825580654799312
0.18636467315116273
0.14234396580321862
0.0759557722099367
0.07131603732507164
0.05290872094872261
0.23508726417449116
0.020933224617755024
0.2245039201823439
0.00741257818665924
0.2914793486028173
0.3814577501067477
0.0743894046314241
0.1457259643178734
0.32560940176146314
0.0029165308690575643
0.14833587662579148
0.410219980575705
0.12029032740882041
0.43079072835141696
0.21695266737368943
9.56858014997418E-4
0.37708560777308
0.3077362972048542
0.24081970622910018
0.1706451451167932
0.19691751427901383
0.5233906655477587
0.15358345256430692
0.1080935015837909
0.26352636546068586
0.29677302722877225
0.3099864215776375
0.04972415669341099
3.0265712582901633E-4
0.2923354671059694
0.09449515798939775
0.002591212628091395
0.03170980009830248
0.07498129710292263
0.07919685465435497
0.004598277504955803
0.20667172442306728
0.41676855339469027
0.03584076159090372
0.029712993280486363
0.05669153266794072
0.10687281088776085
0.19183809626809223
0.3388894010164067
0.041540425409543724
0.14448735585149916
0.04487104171600004
0.4440428017325923
0.42558246970507113
0.2900430017084268
0.15754660470403675
0.23591684849461161
0.12964367210961822
0.02542051612167083
0.0026097151517102653
0.001631541963699802
0.17453359232849355
0.001098548858968605
0.006577858691693199
0.11173922308402898
0.16684013862494787
