0.42857142857142855
0.07142857142857142
0.0
0.4166666666666667
0.25
0.14285714285714285
0.14285714285714285
0.0
0.2222222222222222
0.4444444444444444
0.5
0.1111111111111111
0.08333333333333333
0.1
0.14285714285714285
0.42857142857142855
0.125
0.42857142857142855
0.125
0.25
0.45454545454545453
0.3333333333333333
0.2222222222222222
0.375
0.3
0.42857142857142855
0.07142857142857142
0.1111111111111111
0.125
0.1111111111111111
0.42857142857142855
0.42857142857142855
0.42857142857142855
0.42857142857142855
0.125
0.5
0.09090909090909091
0.21428571428571427
0.125
0.125
0.125
0.1111111111111111
0.3333333333333333
0.42857142857142855
0.42857142857142855
0.42857142857142855
0.42857142857142855
0.42857142857142855
0.42857142857142855
0.42857142857142855
0.375
0.5
0.4
0.7
0.2
0.3333333333333333
0.3333333333333333
0.42857142857142855
0.2
0.3333333333333333
0.3333333333333333
0.2
0.0
0.125
0.25
0.1111111111111111
0.2857142857142857
0.125
0.6666666666666666
0.4444444444444444
0.09090909090909091
0.2
0.125
0.2222222222222222
0.1111111111111111
0.1111111111111111
0.375
0.1111111111111111
0.125
0.375
0.2
0.25
0.16666666666666666
0.0
0.2727272727272727
0.38461538461538464
0.1
0.0
0.0
0.125
0.42857142857142855
0.1111111111111111
0.42857142857142855
0.42857142857142855
0.2222222222222222
0.4166666666666667
0.375
0.125
0.4166666666666667
0.16666666666666666
0.0
0.0
0.09090909090909091
0.2
0.1111111111111111
0.2857142857142857
0.42857142857142855
0.16666666666666666
0.0
0.2
0.2857142857142857
0.14285714285714285
0.15384615384615385
0.4
0.07692307692307693
0.1111111111111111
0.2222222222222222
0.1
0.15384615384615385
0.2857142857142857
0.2
0.2
0.0
0.2
0.2
0.2
0.2
0.25
0.1111111111111111
0.1111111111111111
0.0
0.1111111111111111
0.0
0.0
0.0
0.3
0.2857142857142857
0.2857142857142857
0.1111111111111111
0.0
0.1111111111111111
0.2857142857142857
0.1111111111111111
0.0
0.4444444444444444
0.0
0.5
0.42857142857142855
0.0
0.5
0.16666666666666666
0.0
0.2
0.0
0.2
0.3076923076923077
0.125
0.0
0.2
0.1111111111111111
0.1111111111111111
0.42857142857142855
0.1111111111111111
0.2222222222222222
0.2857142857142857
0.0
0.0
0.125
0.42857142857142855
0.1111111111111111
0.375
0.0
0.15384615384615385
0.16666666666666666
0.23529411764705882
0.0
0.2
0.2
0.3333333333333333
0.375
0.1
0.1111111111111111
0.1111111111111111
0.3333333333333333
0.42857142857142855
0.25
0.2
0.2
0.0
0.2
0.21428571428571427
0.4444444444444444
0.4444444444444444
0.2222222222222222
0.1
0.0
0.0
0.16666666666666666
0.2857142857142857
0.0
0.2
0.0
0.125
0.3
0.0
0.0
0.2857142857142857
0.3333333333333333
0.125
0.2
0.0
0.4444444444444444
0.1111111111111111
0.2857142857142857
0.125
0.1111111111111111
0.13333333333333333
0.2222222222222222
0.09090909090909091
0.0
0.2
0.25
0.16666666666666666
0.14285714285714285
0.0
0.08333333333333333
0.16666666666666666
0.1
0.0
0.0
0.0
0.0
0.0
0.1111111111111111
0.0
0.1111111111111111
0.0
0.1
0.07692307692307693
0.1111111111111111
0.0
0.14285714285714285
0.13333333333333333
0.3333333333333333
0.0
0.1111111111111111
0.125
0.1111111111111111
0.08333333333333333
0.0
0.0
0.0625
0.15384615384615385
0.0
0.2
0.08333333333333333
0.2222222222222222
0.1111111111111111
0.2857142857142857
0.23076923076923078
0.0
0.1
0.0
0.09090909090909091
0.09090909090909091
0.0
0.0
0.125
0.125
0.2857142857142857
0.0
0.2222222222222222
0.1
0.0
0.0
0.1111111111111111
0.07692307692307693
0.0
0.1111111111111111
0.07692307692307693
0.058823529411764705
0.1
0.1111111111111111
0.2857142857142857
0.18181818181818182
0.0
0.15384615384615385
0.0
0.0
0.2857142857142857
0.0
0.1
0.1111111111111111
0.08333333333333333
0.0
0.2727272727272727
0.0
0.1111111111111111
0.0
0.0
0.14285714285714285
0.15384615384615385
0.3
0.2
0.1
0.0
0.25
0.1
0.1111111111111111
0.125
0.1111111111111111
0.2857142857142857
0.14285714285714285
0.0
0.07692307692307693
0.08333333333333333
0.0
0.08333333333333333
0.0
0.0
0.125
0.18181818181818182
0.1
0.09090909090909091
0.14285714285714285
0.0
0.0
0.1111111111111111
0.1111111111111111
0.1111111111111111
0.0
0.1111111111111111
0.0
0.08333333333333333
0.2222222222222222
0.0
0.25
0.0
0.0
0.1111111111111111
0.1
0.1111111111111111
0.0
0.0
0.4
0.2727272727272727
0.047619047619047616
0.1111111111111111
0.14285714285714285
0.16666666666666666
0.16666666666666666
0.14814814814814814
0.0
0.16666666666666666
0.125
0.1111111111111111
0.0
0.1111111111111111
0.09090909090909091
0.13333333333333333
0.2
0.21428571428571427
0.0
0.1
0.0
0.0
0.0
0.0
0.0
0.0
0.0
0.125
0.0
0.0
0.0
0.0
0.125
0.1111111111111111
0.0
0.0
0.0
0.0
0.0
0.1
0.0
0.16666666666666666
0.1111111111111111
0.2222222222222222
0.0
0.125
0.125
0.0
0.1
0.2857142857142857
0.1111111111111111
0.1111111111111111
0.09090909090909091
0.0
0.16666666666666666
0.07142857142857142
0.15384615384615385
0.07142857142857142
0.09090909090909091
0.0
0.0
0.11764705882352941
0.1111111111111111
0.2222222222222222
0.18181818181818182
0.0
0.0
0.0
0.0
0.0
0.0
0.07692307692307693
0.0
0.1
0.0
0.14285714285714285
0.0
0.09090909090909091
0.0625
0.14285714285714285
0.0
0.1111111111111111
0.16666666666666666
0.0
0.0
0.13636363636363635
0.16666666666666666
0.0
0.07692307692307693
0.16666666666666666
0.0
0.0
0.0
0.0
0.08333333333333333
0.08333333333333333
0.0
0.0
0.09090909090909091
0.08333333333333333
0.0
0.0
0.0
0.0
0.0
0.0
0.0
0.0
0.0
0.0
0.08333333333333333
0.0
0.0
0.08333333333333333
0.0
0.0
0.0
0.06666666666666667
0.08333333333333333
0.125
0.09090909090909091
0.125
0.0
0.1111111111111111
0.0
0.125
0.0
0.09090909090909091
0.0
0.14285714285714285
0.0
0.05263157894736842
0.0
0.08333333333333333
0.0
0.0
0.1875
0.0
0.0
0.0
0.14285714285714285
0.125
0.0
0.0
0.0
0.1
0.09090909090909091
0.0
0.0
0.0
0.0
0.08333333333333333
0.0
0.21428571428571427
0.0
0.0
0.1
0.0
0.0
0.0
0.25
0.1111111111111111
0.0
0.07692307692307693
0.05555555555555555
0.1
0.0
0.1111111111111111
0.08333333333333333
0.0
0.1
0.14285714285714285
0.05263157894736842
0.0
0.0
0.0
0.0
0.08333333333333333
0.09090909090909091
0.1111111111111111
0.0
0.0
0.08333333333333333
0.125
0.125
0.14285714285714285
0.07692307692307693
0.0
0.0
0.07142857142857142
0.0
0.125
0.1111111111111111
0.0
0.0
0.0
0.07692307692307693
0.0
0.0
0.0
0.125
0.0
0.0
0.0
0.14285714285714285
0.0
0.0
0.08333333333333333
0.0
0.0
0.0
0.0
0.07142857142857142
0.0
0.1111111111111111
0.0
0.125
0.05263157894736842
0.0
0.0
0.0
0.1111111111111111
0.0
0.06666666666666667
0.0
0.0
0.0
0.0
0.1111111111111111
0.09090909090909091
0.0
0.0
0.0
0.0
0.0
0.08333333333333333
0.0
0.0
0.0
0.0
0.0
0.11764705882352941
0.0
0.0
0.0
0.07692307692307693
0.07692307692307693
0.0
0.0
0.0
0.0
0.09090909090909091
0.0625
0.0
0.05
0.0
0.0
0.0
0.0
0.0
0.0
0.14285714285714285
0.0
0.07692307692307693
0.0
0.0
0.0
0.09090909090909091
0.0
0.0
0.0
0.0
0.1111111111111111
0.0
0.0
0.0
0.0
0.0
0.0
0.0
0.0
0.0
0.0
0.0
0.08333333333333333
0.1
0.0
0.0
0.0
0.0
0.0
0.0
0.0
0.0
0.0
0.0
0.0
0.0
0.0
0.1
0.1
0.0
0.0
0.0
0.0
0.0
0.0
0.0
0.0
0.0
0.0625
0.0
0.0
0.0
0.0
0.0
0.0
0.0
0.07692307692307693
0.0
0.0
0.0
0.0
0.0
0.0
0.0
0.0
0.0
0.0
0.0
0.0
0.0
0.0
0.0
0.0
0.0
0.0
0.0
0.0
0.0
0.0
0.0
0.0
0.0
0.0
0.0
0.0
0.0
0.1111111111111111
0.0
0.0
0.0
0.0
0.0
0.0
0.0
0.0
0.0
0.1
0.0
0.0
0.0
0.0
0.0
0.0
0.0
0.0
0.0
0.0
0.0
0.0
0.0
0.0
0.0
0.0
0.0
0.0
0.0
0.0
0.0
0.0
0.0
0.0
0.0
0.0
0.0
0.08333333333333333
0.0
0.0
0.0
0.0
0.0
0.16666666666666666
0.058823529411764705
0.0
0.0
0.0
0.0
0.0
0.0
0.0
0.0
0.0
0.0
0.0
0.0
