0.36585102874657804
0.31410609093133146
0.4929207663425694
0.5518373667685624
0.3397053059714844
0.428008149132923
0.22957932001045886
0.1123621021936467
0.41393730256806754
0.4971869894165129
0.2683773292257808
0.2133541908709824
0.6860095875751971
0.6184355354037432
0.42780869632890106
0.3548751853549532
0.14012705045908871
0.5714028458304682
0.2567742553945977
0.30790914875342734
0.2925051179321506
0.19149743987540058
0.5349393375378643
0.22682018582866323
0.5865677134458812
0.22085619528679196
0.11999711447585583
0.3233706708357096
0.5563926356014987
0.3036177315343694
0.5088975177457582
0.3611336949468538
0.28454830362410616
0.44755354933471586
0.20887046501528522
0.4405498039984806
0.1660090420093648
0.6590129756293092
0.19329366265094255
0.2998019577710585
0.2793204745284178
0.45075962249627155
0.7555383783327826
0.2419068373248501
0.408180289920158
0.1698448698667356
0.9999999999999998
0.19357485843571914
0.5269175809900557
0.46709635995249554
0.559890882944929
0.6157541111595514
0.5664162961346115
0.4133274038923777
0.15234331525312042
0.5140709471468619
0.4910289860075074
0.12687923874634932
0.1627908264207516
0.38351530429963665
0.2773020369569342
0.486517142400687
0.46531955615481196
0.34802319495254264
0.6568938641817357
0.503333616654063
0.3261033925494481
0.3512229556312145
0.3052284086507088
0.44571817145060016
0.5703273708247957
0.4383793581723693
0.4144087738556904
0.15714062467470646
0.37813802005692304
0.3635719843229182
0.29196038406450847
0.24083580884861694
0.29583280061866063
0.683635615798974
0.4145981373251644
0.37757751603552064
0.31702815244550503
0.2999666068579757
0.2519201244978674
0.8165902571451877
0.384340795601631
0.24049124859903756
0.42353864789031664
0.6768397310449129
0.2562893255098446
0.3958994814342544
0.11681694358279422
0.35832908942510494
0.20319762604551714
1.0000000000000002
0.5103812988554504
0.2716043715856433
1.0
0.6323703968669763
0.2731613913272997
0.24954453983797298
0.27355143792872816
0.5873180808924064
0.7892531930033163
1.0
0.38102260670114224
0.11505012680532753
0.26162909214515634
0.6426840431267911
0.30702451713979917
0.2228133805880742
0.29324465264395094
0.4705133030783217
0.6493120373798742
0.2579431683728621
0.3418114378759847
0.2844311997411739
0.609840443843696
0.07885547046737171
0.0
0.0678351106256506
0.23097683713743752
0.09394305054744398
0.48447309416485856
0.1915109487207212
0.3290307486034124
0.3355640712207347
0.40181993992668946
0.3323832878032018
0.3580730197048618
0.27679928939564424
0.11654070959669233
0.32226511764984805
0.46695863408934757
0.22492222083266755
0.3688288821948261
0.2930934912029137
0.2742081868565308
0.3384930291015362
0.5967277736616112
0.3067720274143337
0.34689998049986925
0.34677991599544655
0.4410742492032498
0.7682654179492568
0.18551496661170594
0.6823550501657922
0.5817361537422123
0.3234593493261155
0.48563555445462747
0.0
0.31491319370740517
0.8606926051720338
0.3387175532405559
0.49119715013652665
0.2891340969455144
1.0
0.3184717333168355
0.20283454658459382
0.4170130008584288
0.39298207388273176
0.863238562408791
0.4537367858675775
0.25848029600778055
0.11127617350975495
0.01647121272514024
0.241847038308095
0.5826921663265607
0.23097699693244858
0.1384456253292993
0.0
0.6285424838556094
0.6067916636148466
0.7991168149111535
0.49495264935030636
0.14138927745739047
0.020041146958154708
0.33781417403059194
0.6928202020872065
0.5368041655643297
0.6449460455385115
0.10463105591216344
1.0
0.1929214636202214
0.16469149729680463
0.5631351397012447
0.5424431487441425
0.41405359512440987
0.2501039098877144
0.021739660452855063
0.23190000073220637
0.46884551084833853
0.2055371337773932
0.36639864901040137
0.5719576510309194
0.7917138411953843
0.5166760086085812
0.4989657359624019
0.38360878473066873
0.1676061024198891
0.1386715284845315
0.024390682225184424
0.28345350986891693
0.9999999999999999
0.6995289590695163
0.5966258698985842
0.5608727307401717
0.3606493959675372
0.13418133089391698
0.016672856212436693
0.7563784345124167
0.5319925485312496
0.3724485813076411
0.31756679419735556
0.8207223673447179
0.4222668645048586
0.06644456795857229
0.48107400573970954
0.3386713826129875
0.14465377254580405
0.3531606936208022
0.5222649424180719
0.12225376045322302
0.37868903439056845
0.562640923083956
0.5755602246219602
0.9999999999999999
0.5589335396661447
0.41687385314669784
0.2885056700744209
0.8095043375294151
0.2296820988650862
0.3781550339241419
0.17463407157518196
0.2592719557829445
0.0
0.44187686522204533
0.5574123969757483
0.5695295016269718
0.8650530185362754
0.25036207935188515
0.593318953201444
0.2478508778134532
0.1588876225417484
0.7093378047385588
0.7298968478604115
0.5680263261439908
0.3175067719778475
0.7717194813297129
0.25212812525165124
0.4399897215339854
0.4252899598880067
0.48255618338204076
0.2979536945960618
0.9999999999999998
0.30092160097352894
0.5159889967605711
0.9999999999999999
0.8009994694153296
0.5679518883115077
0.24201365139420192
0.41820293653744234
0.3554525153213851
0.44753002175279405
0.2771432619479737
0.5815888183861552
0.5636729388116495
0.21412735887432024
0.128904936212123
0.6991491008873726
0.12314703523675664
0.43282756816878354
0.42999472735197275
0.17889571114393388
0.4232310617736763
0.35529211872863403
0.453279437528766
0.33739442148231974
0.6266943802558749
0.27387537189830946
0.26159583745956844
0.5035094702787237
1.0
0.44113743094682734
0.6828888768521525
0.47829126770364994
0.5650464136626501
0.808716858052177
0.18341261668946718
0.7673545453059554
0.14598437465017272
0.3077851844914091
0.6006345788830991
0.4679283944911019
0.0
0.8084083760994554
0.3985364207690592
0.5446917340216887
0.4041180137679782
0.30648929440704425
0.12289062190702575
0.21719374711894956
0.38458981312057183
0.2971520043865806
0.706026927369782
0.09969756307726683
0.6322200288030531
0.6043253390978909
1.0
0.4032834480993134
0.32482299325190755
0.1682462311920402
0.37620607426628966
0.5750060660987346
0.5748852766905151
0.35380322404839126
0.5590692525497968
0.3531245253954636
0.19794952976851465
0.47415700114882897
0.10596048328434052
0.8180417013878789
0.25444589392141775
0.20628192929992467
0.5921655640079466
0.40318602073367915
0.3999271373902563
0.07315772791015071
0.2181553436034093
0.2128521186024633
0.372601682164923
0.3356987077711894
0.4703402819966208
0.0
0.016838339861041433
0.3524537116008404
0.41313623981798897
0.26622951470377954
0.1450446219396025
0.25837112047345173
0.22623070321822522
0.4773208264996959
0.5355098926752362
0.4656449857521065
0.5182868310733872
0.4572147411888838
0.5560688150483396
0.024103125499163058
0.48219584684293476
0.29992333479093414
0.511249003253043
0.33320138905224805
0.46123657602581264
0.23958994714368861
0.3776927070500604
0.3465567568022951
0.8650530185362754
0.28619405319837526
0.497454469461507
0.28606748471554805
0.22156847906896768
0.39523775047798454
0.29449048082139123
0.4271087871660388
0.33338980186111156
0.35278077837109695
0.6377529446769902
0.0
0.36682966371015785
0.484134109402719
0.47046218843268167
0.2752000724322037
0.1239898065184999
0.3416487940363451
0.4347416894853412
0.41997903222893096
0.3361434889299003
0.5824334041126867
0.43560024687700205
0.37190289984961283
0.512300625384918
0.25370059893256813
0.26456394312947057
0.02396269060498182
0.8527348316894393
0.3160141636488923
0.23159603744430685
0.22451338132681017
0.5529103999205975
0.6991760965978181
0.37475274015538956
0.41981442600126484
0.29530615249212866
0.489619702951935
0.25353201589444474
0.1633894394954058
0.6741041534808734
0.4927305970665337
0.34988141284605145
0.143098707819371
0.17054112705719768
0.44861950580772997
0.6016559391898081
0.40419787706595234
0.304156078425646
0.179826064821766
0.4954693130404589
0.47702336919512817
0.43956908256966926
0.38922502189141994
0.7880508356033242
0.7465046622347062
0.37620607426628966
0.38594841453940215
0.5765393449923435
0.2780588683189905
0.5441810127131654
0.4944345639397732
0.309632092717769
0.11202522115868446
0.1494422421516623
0.3981099700456547
0.5709690524586145
0.1281656287064746
0.5732514316819642
0.26061265847981835
0.5982624148003047
0.45891440346540624
0.7092831931033198
0.18323271308672487
0.511401411099428
0.14970113983213845
0.3336845705106694
0.3797859730004071
0.3154177862104751
0.579703199663761
0.21530528287055364
0.3661828216140419
0.35846084075709883
0.018342170364578882
0.410811199656652
0.44542617955941527
0.24925969778396406
0.35388413837663435
0.20603476719386918
0.3666209254155953
0.2778873454386211
0.5020606620212056
0.6351385290516466
0.5427848508826333
0.43639824000709815
0.4271087871660388
0.4387664488367398
0.6393138661959908
0.13109213495323913
0.38170852325860655
0.47800166302579566
0.021318251599889766
0.19435727698243127
0.2503075500340003
0.38315107568915563
0.2508437878953544
0.46324621744270106
0.5048091541237458
0.40403255920871567
0.2457363794433131
0.5817585170286097
0.40833678874546325
0.18775647815860622
0.5781577316437556
0.20053257067604643
0.3101413873159807
0.29639600744901484
0.32041215159726366
0.5511008955464005
0.04387420317292351
0.34492446936537563
0.445197455612542
0.3740183900198723
0.8373461247766862
0.7274103049335868
0.2421576306293406
0.4843369254191294
0.3156535504156589
0.09819145722038351
0.3761116457877726
0.42669149999150907
0.17068357423318303
0.4757674747103381
0.3779064628663192
0.29887910557077707
0.4962584702216414
0.20086911257475493
0.2167032988611809
0.2841383764843304
0.15093145005711056
0.17142129042792717
0.2079153531662982
0.13788124742284563
0.33433501980375785
0.7562772113574837
0.4753091203972408
0.33942980308095777
0.24400902294760562
0.3794302297459334
0.2157467366346824
0.319065572508136
0.6021023827970825
0.16852010114943314
0.47274958764390684
0.2868830578150904
0.5721888063225171
0.10303575194703606
0.1620274568497574
0.17747611971585908
0.33575228809634317
0.2596271730769861
0.4014403523028818
0.23143496378487607
0.47870272553432
0.3786841368437148
0.2817771859008519
0.46800922948610385
0.18502646107150933
0.2052269458138073
0.4268709323176554
0.25719454098606187
0.29220008222971605
0.39152384857366374
0.4793835112525701
0.4964295911416213
0.1740045828226953
0.257938450263448
0.26095151242743125
0.5055306755998126
0.30906992403370703
0.2895614018259356
0.165684580866799
0.3510081842147529
0.0
0.06499198174699945
0.49622891016505755
0.28918550430312023
0.18381206380122345
0.4764247084039373
0.4619009487593474
0.42268985366103756
0.6863286101878937
0.15550515027940282
0.6969209042469459
0.21546199085983322
0.46935721272677
0.5124809087478499
0.3136958343802347
0.6298039142938979
0.5862117721987715
0.3748078552754379
0.36126304103639234
0.19309738731064763
0.35048956102907264
0.22392141012642078
0.5488945839166515
0.4537298001862238
0.14182865552890103
0.2711196102192991
0.1215821242230092
0.1618407937204566
0.14392176582001098
0.3581252457746962
0.3906085029823258
0.6976287588928319
0.2142854736274185
0.271210577598172
0.5629416886633064
0.2658100347465298
0.17935146132638938
0.5482153031368239
0.24978593344023245
0.9181365718400266
0.2861114494684884
0.2592207940601862
0.2205041363630801
0.12934092822992596
0.14301081956457135
0.5481533684754072
0.6006345788830991
0.4530455395041653
0.18529867509887282
0.23158043589865024
0.40331904183105755
0.3864482741719176
0.39348754326193597
0.34475438301136274
0.47158334878514946
0.4899171155642916
0.3898509842876777
0.9468417419119531
0.48483966015391805
0.22515043910889415
0.17496964180977342
1.0
0.363118898514944
0.04446640637740394
0.2911405624702863
0.19629497358490483
0.23842007988052363
0.49743371900605715
0.49627804098719003
0.18565269562742298
0.15493641114883963
0.3529323500795446
0.41086328185185766
0.3689203952759997
0.1597557785958782
0.7919145037076547
0.46355134071017856
0.5056328413599568
0.22170068265403864
0.39774712023259995
0.20135880395196964
0.6264022724481171
0.400620131090975
0.5144347970999674
0.3777567052408821
0.38474717985740614
0.3449207233509289
0.43074192252281723
0.15302751068327125
0.6715884634490803
0.8286452611815822
0.2434618576901058
0.5869810060760094
0.15376432271477214
0.44167657346487715
0.41693415053236327
0.3945171634358165
0.07382583770436547
0.26852749623140076
0.43494557263949424
0.2564268977341563
0.42016279732914974
0.15293369757376465
0.3386713826129875
0.36838120211052994
0.6102163239916725
0.43567525414242925
0.25494596486933513
0.3694272339893537
0.5365249804734957
0.25827742283513666
0.6020612405293567
0.5574123969757483
0.6898649551522883
0.49647607217169437
0.5726104784149495
0.23368403646774583
0.45164567245058096
0.20940499593808481
0.7883007495444269
0.5696753215755874
0.4688633893629269
0.39125595181348777
0.37003857483402675
0.10150727585377312
0.14493362179098618
0.27294516125095913
0.5960860445817802
0.34677560275728786
0.4223858973645492
0.3867647461512222
0.23922986201683283
0.11206930168997827
0.28949563820073093
0.10761988083727737
0.15527261696682096
0.1457222071566239
0.596500052603644
0.13148529238589038
0.9737188904066736
0.24776261196132635
0.8015996028218934
0.3817996677993487
0.3723420772436792
0.5606910025980201
0.538581534912955
0.3521859501696947
0.8058945220389961
0.35892194134981065
0.3921302640484985
0.191541840537658
0.2915219980707134
0.5144559763196643
0.6550857982307439
0.4301513444074224
0.21364435745559426
0.40495204260658035
0.17329318392544507
0.2823921757163797
0.0
0.6860095875751971
0.23678613300929116
0.22922122243667628
0.19098821995825338
0.5614334366002193
0.21903959719173366
0.4000204481526206
0.2992172121103802
0.6456291860608857
0.9999999999999999
0.6417880448267327
0.2493700165326475
0.5574123969757483
1.0
0.7075438241867616
0.35069246272612176
0.4443438048732664
0.3785816478808795
0.23867463672601896
0.9299616902923723
0.09933192215229768
0.3445723372313005
0.21251081516833842
0.9999999999999999
0.29932936768438284
0.20348775728107596
0.33642326464284716
0.3646264703369679
0.6138164736364149
0.412752362336791
0.16630098584114994
1.0000000000000002
0.5478144329647758
0.0
