0.30594519598506803
0.2684858808148251
0.49260106255960673
0.4650728847284459
0.2934357806223137
0.3759663092488446
0.21819671678461378
0.08899369064282737
0.3699492679113974
0.4247860942318591
0.20171846486727013
0.16805832124274228
0.6353680333801155
0.6011808565623261
0.3637030732571679
0.3159834735423329
0.10169181532094371
0.5460262471151833
0.2045717345740942
0.2856416376360738
0.26767308816532653
0.17684413464021687
0.5085012987099232
0.16030419689012215
0.5993000511772396
0.19862664457274026
0.0833006461787812
0.2945796951924359
0.5217415759459443
0.28236047411844917
0.46241547008988937
0.29529055963411277
0.20974603109783413
0.41791332298398876
0.16953825786957488
0.4246256540443887
0.12457569542775711
0.6193711753893993
0.1565092629185902
0.24965815122040974
0.22225842322822423
0.4279629942619922
0.7314897637243507
0.20206181097757117
0.3499282657587748
0.12680127728098495
0.9999999999999998
0.13460359981702255
0.4807984946833651
0.4157496421889101
0.5285006172429696
0.5758760911895225
0.5110046421893921
0.3806976601361248
0.11804261023388031
0.4648847787792273
0.40901491329458645
0.08475907572739805
0.11882862295942133
0.3572888931091188
0.25606845861397065
0.41844788108266984
0.42073455425401945
0.31352628153437395
0.6129839614803886
0.46638693250907937
0.2769706739769492
0.30225250977537177
0.29147379310131505
0.40312578161208096
0.5491106998442822
0.3922794357626325
0.3698092174315029
0.13547834216662522
0.33040377101256346
0.2977105044700298
0.22458752056718406
0.17935979607113037
0.27795978243188557
0.6583579632315492
0.359189861991308
0.3164058474705846
0.261685306679112
0.2785704068485352
0.19985392738607147
0.7915035627632988
0.3316024825791699
0.16377225014617766
0.370460400427168
0.6379422023601888
0.19800000915518648
0.3656637539586884
0.08432794727489747
0.32592794533796404
0.17123687828445847
0.9999999999999999
0.48172710473554214
0.21473134865336493
0.9999999999999999
0.6162904391254233
0.20395262993690694
0.1948641906907604
0.21876965017570582
0.5760981525970525
0.7679234562947233
1.0000000000000002
0.3107320968786392
0.09072687572872717
0.21129295173532964
0.5920163326107792
0.23383303166659183
0.1766126027292349
0.2290895795040543
0.39002905651846553
0.6230626217887288
0.20558776958449465
0.305332212404433
0.208408713177449
0.5986944411837857
0.06964841722128
0.0
0.05068958253541254
0.19623141396128632
0.06812097127910452
0.4247984388563686
0.1951196642165807
0.2526049227545395
0.28305037312105374
0.367374243476655
0.2896239935031499
0.31709312647157456
0.24908305848883824
0.10759028449691962
0.273983934591513
0.41318677268019083
0.2015165330440309
0.3554214071734898
0.24226964558388012
0.2680987874706165
0.2920007555765047
0.5630733194394099
0.24569211008615488
0.2974426446129967
0.29482830863073434
0.4214076976270828
0.7331762115190693
0.13761429054260735
0.6464247409881395
0.5401198637791048
0.28196511284286885
0.4597525896895471
0.0
0.28107047031153476
0.8309675556136027
0.3062747384061934
0.45777418440761725
0.25919235028730225
0.9999999999999999
0.26442867432736067
0.16358985796269063
0.3938166316749508
0.34415287843885983
0.8407929144072163
0.4244542358648399
0.22745539578173282
0.02845264335889744
0.0
0.17434208246167504
0.5317045167157193
0.16786608708151832
0.09741816118486506
0.0
0.6050803774556532
0.5735770071390235
0.7890705166353293
0.45221007339657204
0.10955458508620972
0.011646423726120955
0.27722790089641847
0.6405685870564057
0.49369822459080637
0.6152629527024541
0.08296025325676093
1.0
0.1686902260324017
0.13849305633352632
0.5173547696710372
0.493912315513421
0.40185359219232575
0.2334071512816967
0.012217843587204015
0.18325023981463706
0.4177572350241213
0.17800609511117466
0.3208019011181721
0.5442137630795606
0.774992338801953
0.42608791633388193
0.4530223814301541
0.334408981113296
0.15972847722554176
0.10797169637770092
0.0
0.24458600150790388
1.0
0.6756102624751622
0.5141990860861522
0.5548217088207539
0.33121260277014275
0.10047234595998836
0.0
0.7089875168112512
0.4854425521147971
0.3257233150194396
0.28958972492242235
0.7978179468528995
0.38307169986544604
0.04926813466475388
0.442044213595041
0.28001390349000893
0.13722964276781796
0.2992974744120532
0.48239336586004455
0.11173140122143205
0.32685688842171545
0.5130014014759133
0.5273278881779283
1.0
0.537149355827565
0.34219795654735147
0.21761212278171657
0.7826123776913767
0.18063665124292347
0.33599367855677226
0.12538822537281116
0.22543609207051282
0.0
0.3927726743205239
0.5150805955862793
0.5330962718689031
0.8575743872909868
0.1798513785295526
0.583578040856226
0.20925061901825695
0.14283246453358964
0.6738161434336825
0.6958682426626425
0.5123910773369512
0.2610410137233659
0.7461932708407577
0.19408942450229963
0.39434041278567444
0.3669683893670139
0.43037452802829673
0.265983818910727
0.9999999999999998
0.2744224383830178
0.47170376918928525
1.0
0.7682736995968044
0.5374579868673246
0.18868923064422669
0.36722869354578874
0.3090475712650614
0.44550416580600966
0.22437945401649817
0.5556735484508869
0.5333598773728158
0.19144014504183812
0.10454633933297323
0.6846187495678769
0.08048585729711323
0.4306941028958693
0.39658189959846507
0.13849349455756596
0.3768547021325024
0.31217582626450524
0.4058853590928699
0.28944193709060906
0.5591538967456294
0.22453838416048147
0.2128586189938976
0.49084681323546214
1.0
0.3928823860105284
0.6493186401239299
0.4216483231588507
0.5279997235249143
0.7743926160317373
0.131981482175475
0.7371529589162089
0.11055092160298279
0.2549823129703054
0.5643545673570166
0.4198957531181183
0.0
0.7821673878206108
0.35669676054367017
0.5149114434599554
0.3807810691582111
0.2678661080464739
0.09671667398661377
0.19031668754525588
0.358471226048703
0.2252294142196238
0.6739401328124828
0.07393061311835503
0.6022836015218818
0.5581537992124107
1.0
0.3660669668437462
0.2944276700007254
0.12577619003178778
0.3450360160893281
0.5267195449405173
0.511956007061918
0.32865856318265396
0.4982823552856598
0.2979857047953384
0.17209486767015653
0.40895808117497445
0.060159541987098414
0.7860703832889845
0.20915874880348698
0.16666590325179637
0.5572159085311823
0.3738092111373711
0.3566779789008517
0.0520918353981953
0.19408298665037554
0.16384117402220996
0.3204641993665668
0.2899337668822736
0.4431390213220611
0.0
0.0073326514986518905
0.29326814271997637
0.38160466807771415
0.22422601471320222
0.10418723796605182
0.19680476363609783
0.19749252436176762
0.4264086468139431
0.4903219024000122
0.4108704349011413
0.4590028316960963
0.3883952697824461
0.5170058666265489
0.013446112386680933
0.40114350118286213
0.2789759717796276
0.47634168259465504
0.30070612391392637
0.39674375838419534
0.198724625363765
0.3330013533703248
0.3049644709947099
0.8575743872909868
0.2631990301670348
0.4607149722905168
0.2320600368482393
0.17893646142978845
0.35726096117780265
0.23215233365362398
0.409526409353647
0.26765241373432364
0.31964231798810006
0.6082070331589073
0.0
0.302085897920306
0.4627452403795298
0.42620862034401175
0.19261318927399096
0.09354105247562816
0.2973833073703937
0.4025139180732691
0.3540046090881911
0.2920967743641815
0.5144064687470633
0.4334950422813442
0.33993354606691223
0.46203978575592936
0.2114479265202294
0.1937327766607088
0.013449165677295389
0.8294325993104308
0.2605708363589444
0.18381144125986112
0.17609000887312398
0.5101503201086353
0.6804927289094237
0.33813718863158543
0.38978598399444336
0.229546400106658
0.44777064548612455
0.23426222155886117
0.1265523769984108
0.61461127799477
0.4945717905196095
0.3014605980788993
0.10092211080583244
0.13680987613295353
0.4484230458321158
0.5856285101360141
0.3524206414651921
0.28549819354334643
0.1458525020642441
0.4525401415271918
0.4801723346815801
0.41895511034238325
0.360406991888706
0.7130137062434587
0.6991270797428102
0.3450360160893281
0.3523689569133489
0.5347484629932576
0.23894206136740928
0.499592824204132
0.4358714797935058
0.29220876012423336
0.08834128843001694
0.10915689208422541
0.35349610924928593
0.5074674121449779
0.0865958533013814
0.5437538017621661
0.19872975347830368
0.5601582384097683
0.41394862612508065
0.6655085307630789
0.13916361737924568
0.4895576124968932
0.129737968981398
0.277041217919581
0.32864313401399337
0.2627542890465789
0.5604615957913884
0.19144740622182777
0.31947909866522234
0.2716979908037636
0.0
0.36184511630980626
0.40511354739684846
0.2085729276915853
0.3057942781022349
0.16180739242989325
0.29871494125571435
0.2522501873674937
0.45374542993210054
0.5897500593846751
0.5164388643492175
0.3942010133561926
0.409526409353647
0.43362218190804974
0.6026148568344831
0.10451396346785459
0.32343013179543767
0.4564800372173994
0.012039058778076452
0.17220683554273591
0.21513072662290417
0.339547897349659
0.2233998746698063
0.4305874934610794
0.48251108163283263
0.33110668887713945
0.22219496316982143
0.531142819641558
0.35073054351668315
0.15685410674882674
0.5432489525070027
0.15398352860446377
0.27038605527823606
0.26645582510617266
0.2919419682711571
0.48285806689198335
0.015362896650447239
0.31088309274166176
0.39197490383210865
0.3222260037456455
0.8176650675320343
0.6926994380472201
0.18712521401136548
0.44698682040529364
0.27100879935539146
0.08767392257794963
0.3275326060184884
0.369311725869059
0.1432416071080266
0.4394368507810045
0.3495021510013258
0.2899862535667629
0.4375150863803523
0.16454998815696528
0.15575324316665917
0.2504020241184597
0.1060611959990946
0.13219111430389568
0.1786998877213999
0.11285867975133838
0.2954717581869744
0.6811119550850386
0.435032881364931
0.3112585874774342
0.17513724827524074
0.33564313957689107
0.17683851605772374
0.266308992098646
0.5901897862900428
0.11264649642539175
0.41442448401770293
0.24261025171281883
0.4999767418956457
0.08234767504467227
0.12989079509819365
0.14283532440099309
0.29991670064920417
0.1900556903964977
0.38862157723244295
0.21531947585436806
0.41356045685477577
0.34462092396891447
0.23318271933904125
0.42532632825592503
0.17665527462006708
0.1819843522696094
0.3742021700055891
0.1972740143666294
0.2706229223634155
0.34258075851130276
0.4214962267218589
0.46770143345202025
0.13261958837421362
0.20859484965102118
0.23385155110115707
0.4789972772114548
0.2574783452584633
0.23837734733756347
0.14363621363803472
0.30045622726240395
0.0
0.01807177140763556
0.45382800724913497
0.20776704008870828
0.11545363145060553
0.4207911591582878
0.43231663163641026
0.36842694964510864
0.6478210686086165
0.14220338276940703
0.6078515429333621
0.19382521805254907
0.43293550520199764
0.47724847792198455
0.28495529064587755
0.5887074382402906
0.5527265324830667
0.34248089073688615
0.3065286945804433
0.16454749972445676
0.32596503807408406
0.16331609815551784
0.5101500578307736
0.38949682405140845
0.10588020864407005
0.18381223498348895
0.07838793273352915
0.11952517693524643
0.11809469904095235
0.3157582928644262
0.35778511970445837
0.693612660842056
0.16005756092700596
0.24316640924426725
0.5320085324332798
0.22492520221533766
0.16398631046974615
0.5109474562488334
0.18346060275905174
0.9049784281130793
0.25111714229454685
0.234516780484443
0.1779438901199226
0.10628147204015151
0.09795529908852181
0.48682619098430485
0.5643545673570166
0.4262229066747873
0.15165322665663675
0.18220904833562282
0.3769153071959834
0.3607885220225761
0.34974212183538833
0.30525220127875585
0.45672840006989684
0.457436649972409
0.327316066183845
0.9356485614434553
0.43645493095566057
0.1540181888177121
0.14058453656470937
0.9999999999999999
0.3177092167733413
0.027573011231848733
0.22140939253888323
0.13797916753662123
0.20879111497882397
0.44774470518138887
0.4467458022018229
0.16624210821585672
0.12260052845016324
0.2995476894019788
0.3379324638786919
0.2996829196372844
0.13674143639864186
0.7619190521621101
0.42705521932960033
0.4965242160711974
0.15870208051420653
0.37385245747544776
0.15025353448602988
0.6177660675510703
0.34650853812141424
0.4810346612304668
0.2715723665761532
0.33821794603746774
0.29218671061619866
0.3791846365329288
0.12742338398780553
0.6318896787850266
0.7790126682844003
0.1833708317536856
0.5696071127372456
0.15429485486820196
0.38283307863524385
0.36118873189984285
0.33718439563371444
0.04826572138211704
0.24104257963899894
0.3964067349843853
0.2401118564034347
0.34866942849706184
0.10626659410964408
0.28001390349000893
0.3084708589953738
0.5612765893634576
0.38893196889128956
0.22226259549941604
0.3371774213658941
0.45983902972103424
0.23110649528777985
0.5876637453551973
0.5150805955862793
0.6705807191272014
0.4504127902912585
0.5223812822715015
0.15659765850009089
0.39997008639690973
0.18717584037254056
0.7638528212805327
0.5535989365401807
0.43587943452224687
0.3425443790853019
0.33184385054385845
0.07817139469129786
0.11120369162557893
0.23208336342991764
0.5401950262899764
0.315430593636877
0.3545082712067257
0.3305329343086477
0.2102352660357529
0.08528153302978639
0.2617617277242065
0.05091264004822894
0.10298274712798833
0.11641327795946059
0.5888722884400247
0.09855271546369472
0.9366658954117374
0.21002120789249357
0.7808638607760546
0.33095299545967194
0.3332145552601592
0.5079577318506634
0.5112226353079015
0.30584151007132154
0.7753889240138666
0.3289584916330651
0.34455499542191
0.14110723124461838
0.2672830586655029
0.4758720606942992
0.6336414531730445
0.40914693124257573
0.1628665782124805
0.3430336377943109
0.13324175789908432
0.2571304398996854
0.0
0.6353680333801155
0.18627014385908225
0.17959554440242928
0.1693422267932992
0.4990665409556309
0.19957168256949487
0.3369860493778281
0.24778252687654273
0.6100151316044441
1.0
0.6138397676365164
0.22862601123485035
0.5150805955862793
1.0000000000000002
0.7023375992590623
0.3266164881166692
0.40324766433365167
0.33763107213328586
0.1803406241753524
0.9344762579243221
0.08444388525729725
0.31868741728020183
0.17220853108142548
1.0
0.2568560919573566
0.1677799151428048
0.2688367331639213
0.34216452723959
0.5829031324104745
0.3540304416384056
0.12242921926809283
0.9999999999999999
0.504256766661955
0.0
