0.6896919070384673
0.5028799930396863
0.5998403849186575
0.7633402103662844
0.6371540772334104
0.7690716256580169
0.29667628042414945
0.30040087648928393
0.6238566667603221
0.7012851317915522
0.41900549918502733
0.2396338127141371
0.8260164612204591
0.5995338505249527
0.6280465882025404
0.4403281231187781
0.5786832331933922
0.6504731087536241
0.5453237732559892
0.43813614805608064
0.3720157153740305
0.47309446698345275
0.5845198618931472
0.3826954793621604
0.6698274659728454
0.30157629630920296
0.30146509988295916
0.4022464088522783
0.5813539705095866
0.41740485338181554
0.7527085346081073
0.5562188101767395
0.5570494187741993
0.5558180601962734
0.5234630635273498
0.5569817124438645
0.3178837842098452
0.7741082606287182
0.48881851480634003
0.6066455220522139
0.5507514559265394
0.415615158679365
0.835951628427056
0.5193031897613297
0.7912520584948834
0.32015184461929014
0.9999999999999999
0.45107269322392446
0.7130496719181016
0.7163347334181295
0.6355828218269132
0.7533651488093146
0.6788848488149037
0.5659920956552048
0.4694038247203259
0.6814195977630836
0.6765672420736667
0.3025298325828577
0.3583015961015741
0.5359178306143293
0.43603919151060094
0.7715728610911897
0.6116119286574805
0.5849848850525903
0.8279471560297885
0.7446114914395531
0.5540512178808852
0.4910780699260625
0.3733984119987317
0.7740713971223201
0.6491692615309066
0.7367343198863757
0.7484417260653594
0.4715787978290393
0.515668604229862
0.6717308330621947
0.6112979839816127
0.6800198246200002
0.5109555414074034
0.9050592415627232
0.6625514569216198
0.475920808078953
0.6536079416550064
0.543632166639963
0.6262828300732567
0.8120298385020616
0.5419804354369443
0.7397152454539383
0.7082621073623365
0.7864500453183396
0.5153946657570528
0.6411926113423938
0.09367810491886566
0.5130569507756926
0.479149831569463
1.0
0.7738174030045112
0.5280999210645085
1.0
0.5900115432985304
0.5851847181803628
0.6063567189797923
0.6309888933703016
0.7345820875474325
0.6806679361949419
1.0
0.5592900011814737
0.26911497826075526
0.544454467796364
0.7493500052434263
0.6306956928328356
0.33226676652018755
0.6690826957682998
0.7802193274373597
0.8102675780612167
0.4696373122897145
0.49361988692188136
0.7917819412823427
0.6672731101100046
0.17659315105623608
0.09030226674287616
0.26272759994021583
0.5994895485923084
0.16970876275920144
0.6538289465777709
0.24929170595963354
0.7395336337306054
0.5942233872619375
0.7140899681179557
0.43573825399275495
0.45294241685514103
0.5467742987473082
0.1657142756367408
0.5259651024138777
0.7378282113178213
0.2984373183236732
0.5126455762547067
0.7036569719669175
0.5150870432972212
0.6707230027874094
0.6910200476347522
0.4414607280208301
0.49242112275353295
0.507909296918971
0.6560489867883048
0.8078810236453499
0.4672346952971416
0.8669131635475026
0.7505441034197563
0.5986189457851403
0.5689350203130219
0.09232633843541359
0.4099175269831276
0.9194778666958239
0.6215750099371461
0.7147859409124976
0.5102537199708382
1.0
0.7568942137334497
0.20244415879567274
0.5179168895127567
0.43338210691550483
0.924229433008683
0.5502138602255643
0.47960884632978507
0.5525866039470139
0.3985339090639671
0.3501253280781615
0.66346510593563
0.611783057290992
0.5777934446437005
0.03618052965442549
0.8587382756088291
0.7444309150701616
0.9138445921269838
0.7363872927969464
0.5631106203621605
0.25203969825755157
0.6916791370956673
0.7685930315497624
0.8312690111685698
0.7868208814873441
0.2947661019695254
0.9999999999999999
0.49442036964418085
0.2844416335725036
0.8924704388133597
0.7315740793971646
0.5509613298140754
0.40724415016229026
0.3073714632044634
0.3086512521732483
0.7277768339514699
0.45130205132856493
0.6055810468863634
0.6350376402816862
0.9893776371266636
0.7398966462223726
0.6390070223531715
0.4825365025764578
0.2979180471810462
0.5704088934160024
0.4441574873417554
0.4984766077099383
1.0000000000000002
0.7743773299240665
0.8373855955025661
0.6282142297211956
0.4941842366339525
0.2298956772927563
0.4821098365982067
0.7942282509870255
0.7726338061076718
0.6705571649105176
0.46622856698652293
0.8228049998468339
0.6901703337609987
0.3260001020725038
0.4521059122334903
0.6099188422308067
0.5590368961436922
0.5901251658481579
0.7213181957106646
0.35128177418881396
0.5122495935615153
0.718514610323721
0.706523996025828
1.0000000000000002
0.6164264718118506
0.7254563253062797
0.6202972799936919
0.8986992033457705
0.6027315196868845
0.6054278381410794
0.4410232608265866
0.3211593060584217
0.14394965164104453
0.7538271239376404
0.8064861708632409
0.6383099226033645
0.954070683618246
0.6001354011252767
0.830632520102863
0.42305900076549424
0.3783933213743891
0.7863368384505772
0.8418685026544249
0.7130983852940843
0.6924797232980451
0.8713389061242717
0.36087413868327617
0.674021235351651
0.6903934253634978
0.6692986849164316
0.4256447839338547
0.9999999999999999
0.6269046519474097
0.6957849897737268
1.0000000000000002
0.9004073128894994
0.5414146906319947
0.5494663619630622
0.6675395476205472
0.6936013494882892
0.5511752436752384
0.5589867441997233
0.6978761838356264
0.6372634723968081
0.44178435633845975
0.3584881227731578
0.5184968660122938
0.21672894364904813
0.5865536900702212
0.5389576872891428
0.47098567065673846
0.38166727359483826
0.5945063089077619
0.7964996608449748
0.4598002188592999
0.839255025922456
0.5512153786720742
0.6493140848358812
0.3191442209548563
1.0000000000000002
0.5747021496517948
0.8030145748424095
0.7546620937745614
0.7173394297105881
0.9183246063266621
0.4629928052449859
0.7945743978514825
0.3675647270571609
0.4774605105319137
0.72138592749206
0.7371861915506148
0.036393540457786575
0.9328677522069659
0.6289144897123822
0.6077191272699174
0.5528531407929419
0.4615522896463723
0.3577881110099899
0.5911285441628786
0.6343919569634259
0.3900201957816179
0.8019064037776013
0.14436133017524497
0.6868968737172362
0.7314370999913145
0.9999999999999999
0.7366110904683504
0.47665184497631163
0.36818969550073444
0.48274860669708547
0.8874912127227425
0.7242446540326739
0.5064229300479196
0.7839820485946546
0.5384254973494454
0.2872632286511333
0.6529674756268491
0.2740431838286076
0.9499567281253348
0.49705099444495127
0.4815697827752996
0.5646406898585994
0.5608029147653537
0.5841426702103364
0.2536089218155185
0.3666700642968927
0.523441268164392
0.49985902602185023
0.580242664530987
0.7350351272273207
0.025609802091824552
0.11503547385594456
0.4191160913014893
0.6376992674266116
0.5495127297307331
0.30055929553105715
0.6673804370732052
0.4559022023038785
0.7377127141083744
0.6601592771150978
0.6001130902693064
0.7204936228607777
0.765235960017084
0.6765818013699
0.26020754688910425
0.77160727259081
0.512661079244424
0.5813303882820821
0.5042648811099092
0.6004348737539908
0.43382524630981345
0.6319790337810713
0.6038088983087847
0.954070683618246
0.44633355404917713
0.782821498356881
0.5542689178873642
0.5852295656404313
0.8699114555989178
0.5669111935075404
0.603769317269623
0.7239518145373731
0.6765092958507081
0.7631847911739682
0.08920568053670187
0.5082928764020147
0.7487294923834653
0.6599964386371134
0.37265881228837044
0.5492800339750369
0.4718071230467216
0.5483684982391512
0.6818144312797666
0.6664579888882038
0.759032559933741
0.5350165984264013
0.49625251181895325
0.7647622392038745
0.5274108690263767
0.36232572184638545
0.29158220483052444
0.9704155447052517
0.4348482627669138
0.32960577906314464
0.5297394537296262
0.8165372137303949
0.7800284172064229
0.5978225878557805
0.5097239735505705
0.5266097181100141
0.7054322927700175
0.36635856268433065
0.3322620126228764
0.8376751297416031
0.6258022067744097
0.6668407446159857
0.3090703086447046
0.3700968509453818
0.7084282637692919
0.5806592872641373
0.730472116820048
0.42279174985227225
0.3558497414179818
0.6209953664887422
0.615048092382761
0.567215114525977
0.5574646945616887
0.9644327105843541
0.9029586469381191
0.48274860669708547
0.6053782242646859
0.7587338551275705
0.44944750747786266
0.7739009037493034
0.7602943406147299
0.42279174985227225
0.17893197661348023
0.6012903772461148
0.712098620585095
0.7734249516443885
0.4065530771158418
0.6339195587437867
0.338693534471165
0.7950519285890678
0.6185417165142177
0.6599420731204906
0.5334294880122337
0.5727726337214405
0.44978215898204477
0.7422209727102433
0.6930611015216371
0.6072576694746966
0.7020200261771843
0.2730235402810899
0.5662045924612208
0.7651024092029733
0.543643031014824
0.7004018246869038
0.5326775169451942
0.3477038369388643
0.6581211598531002
0.5141131935640181
0.5834466887041588
0.24918887231688316
0.7358107240617291
0.8825257015522364
0.7901650855978155
0.6082133512068888
0.603769317269623
0.594379337797333
0.6500799441527635
0.26096648740406286
0.5859118178578043
0.7487294923834653
0.30075354606279087
0.49252614170622155
0.4829911238373262
0.26264461793967225
0.494475202096046
0.6769867274530371
0.6829413054618828
0.7119019357619796
0.4689970812513902
0.7772112367935229
0.6653436569704448
0.2673851488175196
0.7339818806558086
0.5340146176974802
0.4467695621781792
0.19640687258091308
0.4676713515516702
0.7714096967574173
0.19852749905160863
0.41978030509466085
0.6120605875708472
0.4305958854276445
0.9794162700143506
0.9331379053600719
0.44751065342967894
0.7105492729145334
0.5716484365563925
0.33728997904957647
0.5122095795494326
0.6175082524720015
0.5137010157151629
0.6746256204115441
0.640085726576319
0.4164163699306925
0.7439758935327256
0.45913731577193995
0.553142708367514
0.35015416333709876
0.5397482148758742
0.23768112026354563
0.48207212558732543
0.33199313793416435
0.7018820774532097
0.9644327105843541
0.6581119448500955
0.6013279177251433
0.5549804282267432
0.67498444442669
0.3485284537134766
0.6306728792493268
0.7566542337358448
0.4431196875106222
0.6788890112313205
0.6132367169107859
0.7762363282452698
0.2762034837222296
0.4961364271841879
0.4781217370800231
0.5639365810463809
0.516047552469106
0.5850872998058813
0.08047295671541692
0.6458211998831045
0.5135698326746165
0.4591385240775544
0.6194715768367761
0.1747812625496326
0.5256250008450171
0.59241375032973
0.5347725331638418
0.454201626735605
0.5583936122339819
0.7187722370582869
0.5887173321684084
0.44061531214230365
0.6074662351071839
0.5063755579485363
0.6371397671265804
0.6600391802540688
0.4922969405837647
0.46996300031396215
0.6742147301606568
0.036370385939704236
0.5159175322167489
0.7151862763837031
0.5585779911182335
0.6398215218414554
0.7135419131185621
0.6992721330310195
0.6290633562571616
0.8793390303162584
0.4337182741609708
0.8904338048835402
0.2921396470388986
0.6228662384859983
0.7046124401973902
0.5238814996965713
0.8309909728958754
0.706265191854273
0.5098725158872843
0.6405553184949379
0.5103255925405803
0.4210401564991224
0.44612200974853544
0.691670668986547
0.6959230993143172
0.26944269944927557
0.7292265651347374
0.39017463301644234
0.5450349911711532
0.26387345455374445
0.7343888119879832
0.6150164185330809
0.7433545451561968
0.5514068343681268
0.44036876851961043
0.7699124026379764
0.4335795680628609
0.5928595333440703
0.6339426785876089
0.3557804079979179
0.9143967774778604
0.40852688953569954
0.3232255547855246
0.5915960981758288
0.37944675639327724
0.2849637636906854
0.8409290539661417
0.72138592749206
0.5297073704133276
0.38081404816474335
0.3264453873497867
0.3865160832782408
0.40039027812457356
0.48515188477965465
0.3976393644612112
0.6842523241961177
0.5946907341605208
0.7013831132193126
0.9600798544674735
0.7045424730719284
0.36739029527046174
0.5066471875896538
1.0
0.4800932071459787
0.3295970188398685
0.5167598441964936
0.25640863098729305
0.5358254454534609
0.6740112083857447
0.6978393655453125
0.2401684945456288
0.3926737121626679
0.3544126567775742
0.6624103677726977
0.6583456007361963
0.3661853113302138
0.8953580127797763
0.6718202212894567
0.6700633698180791
0.3276449135573141
0.5202550300179665
0.6705174088896612
0.7103588497601481
0.6737648371482754
0.6995621822133158
0.6633679693673536
0.6276207224741298
0.6744890959667837
0.7423495482438618
0.3613077964701539
0.8392975248903032
0.9204402201688062
0.5192841475192715
0.5438280201072788
0.4573333746329663
0.668108601860088
0.6741679980631073
0.6280144596319015
0.45228727527528945
0.4197245004242214
0.7314153175479823
0.6018010590895927
0.8878902942774717
0.42970348702650774
0.6099188422308067
0.7119256076997306
0.7610530225281908
0.5664337896677575
0.3783926012583041
0.5829090602404733
0.7481391984361467
0.4370594970999508
0.8274790038539213
0.8064861708632409
0.763728666536119
0.718350434737644
0.808224912346512
0.7241708935781711
0.6432147994827416
0.299113190668052
0.9074393117779693
0.7710351446902814
0.6581151863046242
0.5663029669695856
0.7093351133612165
0.35858755369027995
0.5546067371346443
0.3764786908724568
0.7976187556448275
0.5568688458861031
0.6208729651914697
0.6254201391033046
0.3312981753002073
0.36137057251286736
0.5598626784925215
0.5464960778968315
0.5170061094989103
0.2662993433268134
0.5644989316499716
0.22535292416792904
0.9989471873550155
0.5934518243109024
0.664583999909994
0.5642642546739418
0.7138756134984366
0.6395052932473034
0.6518686257172589
0.569688721605304
0.8975190955222819
0.6310933620557827
0.7009728619989175
0.47220835725836063
0.4210127381328222
0.6962948477670275
0.7441097788749609
0.6070834217771061
0.5279300396557464
0.6903401235728001
0.3309827089624775
0.39188853528760526
0.08850305368496812
0.8260164612204591
0.3998595340875308
0.47485651214541047
0.48913128725519256
0.8040391735835891
0.29661640280823115
0.6061194748991986
0.7043968821316395
0.8535789460451576
1.0000000000000002
0.7436596564791873
0.23284118467611076
0.8064861708632409
1.0
0.7522925886671229
0.45084361938285034
0.7375221946829087
0.5846023191198582
0.32755500266955995
0.9927279937739412
0.1041702362774001
0.4284366008667522
0.5964287133612035
1.0000000000000002
0.4884571444581122
0.46344269375617725
0.6452865588793437
0.5807201596495162
0.8922795362726709
0.4686875952685137
0.287564436476333
1.0
0.7385702418538851
0.4065244647388926
