0.46253864179429477
0.3895331268874206
0.4999018234657692
0.64603166040565
0.38136916401928034
0.49774255125524575
0.2608557912784254
0.15353643100985034
0.4719294156298714
0.593967051055681
0.34633165785817244
0.27892258922788077
0.740186149817556
0.6355593377611126
0.5204982817006271
0.3985502942504888
0.20884985329966532
0.6087075593921826
0.31315126130033916
0.3591081882570214
0.3371613050980347
0.22357864633763708
0.581898201100709
0.29513440854355355
0.6069104448348491
0.2469410319680237
0.1662714596682811
0.33983124995836106
0.6095342050382916
0.3137528492021635
0.5618178498892225
0.4134756027712322
0.3833350921759605
0.4657542170880555
0.2811517521977112
0.44576393774954043
0.21443744493691622
0.6980137672714969
0.2508970790119818
0.3584538328929743
0.34785040555823493
0.4571953547520048
0.7749434139312313
0.2970187027034076
0.4660372745032959
0.23650404039290496
0.9999999999999998
0.2470111295565358
0.584006044059739
0.5181317795133261
0.6025902901667755
0.6560298075497781
0.6137474588072062
0.4647729902853781
0.2004931183158031
0.5591904990969422
0.5358301843045277
0.1801895271782561
0.20139573543953881
0.4160444832932412
0.33076108341069443
0.5766355391167798
0.527106013659893
0.3879282195064693
0.7065236104490336
0.5403205414594954
0.4009394205745348
0.4119110143352718
0.33408064903149065
0.4832217124986467
0.6048858051839193
0.4808402223447978
0.4813212995509258
0.19711785875675011
0.4345630684313157
0.4427285912783772
0.4112532604906056
0.3138781137262443
0.3179955318975713
0.7178564130829408
0.48787569086683774
0.44228812934214085
0.393707172020479
0.34154179965362796
0.3143959144377773
0.8321846685685661
0.4454873158955278
0.33127554350155225
0.48308833564457954
0.7168226077094871
0.32956923532325705
0.4323175486422261
0.12849567934597186
0.3896556751251005
0.2589088868440601
1.0000000000000002
0.5627765313989199
0.3382564861609167
1.0
0.6549939233001237
0.35871212506677763
0.31565038200102197
0.3271040842924329
0.6058170629369215
0.802319026509163
1.0
0.46164232409887795
0.15579649933348783
0.33159579488978935
0.6831170910360229
0.37611665337554917
0.2871705339890408
0.37644600752854734
0.565463204368115
0.6871991149983514
0.3160146558396399
0.37682207700330833
0.41039600054453745
0.630220878902529
0.10331630441184764
0.0
0.08963442518071539
0.2716295267869304
0.13481659648810412
0.5519728179319279
0.20328102569155476
0.4190914626433758
0.40351919860607177
0.4495550826091801
0.37737589325955895
0.3959667069200572
0.3190572442971267
0.13006128983806384
0.38353806992730677
0.5181514329313095
0.25464069052352495
0.3874884527519479
0.3566979362377152
0.29660880260864486
0.3919542091653918
0.6363101138376532
0.3848509845756305
0.40845228465654004
0.40633287203398555
0.45795201525530355
0.7949647573384031
0.24133066667348047
0.7455076620032632
0.6362188098627186
0.3678102921003671
0.5064452738936843
0.0
0.3645310457022151
0.8834176741223957
0.3930185400963454
0.5177459893142344
0.3407192180143813
1.0
0.40711244202952984
0.2564804546717568
0.4433886702186867
0.43418021353797626
0.8706138725725686
0.5072921346617644
0.27465597357562466
0.21192136149163912
0.038606003635214964
0.3022885087312554
0.6297808843112414
0.3082723460377909
0.1989945521237654
0.0
0.6691592188919406
0.6261418420554256
0.8051225414237274
0.5400565621612822
0.18838208058266737
0.03638001514707867
0.42240832838405595
0.7521988810895094
0.5827201719674283
0.6419624128355896
0.13806087153544813
1.0
0.2522865526238365
0.21480183384108398
0.6089475352071374
0.614156293835365
0.4213057498183501
0.26498232261430565
0.05257749241037286
0.2880308719417756
0.5508915456277615
0.23707115067064702
0.4070704933699106
0.6098072390919176
0.8385254833419232
0.5573866318297948
0.558590068466107
0.43645515846674743
0.21298086087459916
0.17955097044884671
0.06483319544947817
0.34016925908347856
1.0
0.7215422729244391
0.6928273038769445
0.5786867591063399
0.39042494748999523
0.18966439327541107
0.06532784376849508
0.7935407874294402
0.5877098530673213
0.4332754044293832
0.35201697586981806
0.8305570112760071
0.4768171325801899
0.09279434633115823
0.5062166415920037
0.4372042392079425
0.18418668174271915
0.42144351070387304
0.5901818752691849
0.1439331145813947
0.4478041438366563
0.6045939087240679
0.6238256195152361
0.9999999999999998
0.5968039230739013
0.5109126397766875
0.3592595396123631
0.8446929609619286
0.3182024780260263
0.44186937580251406
0.25084099730371834
0.27566667774039766
0.0
0.5248998783561889
0.6387584456801381
0.6183970683633339
0.8928795427185159
0.3632817030932333
0.6279636951963669
0.31065681622704583
0.18090349328932429
0.7520891949933328
0.7722860413463893
0.6205467679160548
0.40108712851041517
0.7997545520665259
0.325943775834867
0.4991708375620034
0.4962119442379327
0.5512619490754334
0.37872568085321656
0.9999999999999998
0.3441205233659148
0.566902889941266
1.0
0.8275501982048037
0.5952111735279793
0.2948016828611629
0.47520547618469305
0.4114894529606265
0.4808100381182052
0.34998608704200934
0.6241924228610616
0.6077818007651947
0.26759864015274654
0.16571685090050323
0.6794759735987624
0.1567060351418421
0.4657838659784764
0.4423638584346019
0.24066277236345351
0.44990573421959473
0.43152307497044873
0.5021128618087973
0.4020237832954285
0.698044592024878
0.3283503659826472
0.32008917470527176
0.5060145496851529
1.0000000000000002
0.5046226731665956
0.7015087978322355
0.550690466231782
0.6290554931795289
0.8229574375740875
0.24737452097101162
0.7878173817908085
0.21347032605412045
0.3907353625613277
0.6426996041962451
0.516759365089841
0.0
0.8617970150489372
0.4320627816982464
0.5641498746185694
0.44767778241631034
0.3575777668031485
0.1363566747196694
0.25419284053310526
0.42626985721570926
0.38248680406114044
0.7638365968803383
0.12743086214223076
0.6667027372952188
0.6578983111993817
1.0
0.459167806206988
0.35867426541180714
0.22909938771704616
0.4031899236985155
0.6385416866729444
0.6213072323968526
0.3764772124738942
0.632088555974542
0.41933621811338784
0.24129455432750707
0.5427452238803402
0.17853618521851872
0.854071169547843
0.3371535709859583
0.27415612608357015
0.6300219101565198
0.4580540162458896
0.452524001189443
0.1192098774785618
0.25732225882158083
0.27068265676247916
0.4253265489852055
0.40290525255552506
0.5206704961233858
0.0
0.03409379392350331
0.407340460093048
0.466752433357021
0.3296611383014008
0.1950556428608477
0.3419230213544028
0.2735380806013472
0.5438010623224766
0.5777971614125551
0.5048801243759562
0.5728212991711362
0.5509430269056466
0.6068022355049496
0.04710935099599413
0.5710492850057717
0.3455660947228516
0.5377910575294851
0.3691657384498049
0.5375980582605946
0.2919055602938194
0.45152313182057097
0.4230868604553083
0.8928795427185159
0.32795896443809774
0.5421955703926323
0.34501707384147334
0.30426986050989374
0.4598110658875625
0.3669216559777383
0.45628272065680875
0.42832999788337534
0.39113242355532346
0.6812490665871557
0.0017517986322113746
0.45856435740562806
0.5009393346704578
0.5298425528680103
0.35492959433403903
0.17922607019984826
0.4039846733524744
0.4643544506361069
0.5043807792014808
0.39662205552436364
0.6715114694844357
0.46750495936727476
0.40298623589297206
0.5817996482029306
0.31245581512635634
0.3356334512902039
0.04475232864415821
0.8857108051139869
0.3824174463099662
0.2939461194854978
0.2825544413115664
0.6376916991341183
0.7102223126500168
0.40777085164445703
0.44278455795145005
0.36996858027906804
0.5534615175289106
0.30990384466654797
0.2271106807361791
0.7281537084119822
0.5150716141162652
0.40692070055119023
0.19462294268962946
0.20009678376270348
0.4618241506719225
0.6187679417343636
0.4663373305459118
0.34049797899358714
0.22370222244758176
0.5488221446396537
0.4917481968689048
0.46541223524093134
0.4257271524793694
0.8351797013505362
0.7910784521923026
0.4031899236985155
0.4238643061037999
0.6212604895082178
0.3262768799557382
0.6242810338686815
0.5765543208317138
0.3455090950989492
0.14767084309206294
0.21039952626627276
0.4480554939649484
0.6392575701592313
0.1888393853630379
0.6020850886027831
0.30859253938779013
0.6229546910105149
0.5211816585958124
0.7782600497346156
0.2490257526024343
0.5506531844025799
0.18516513002708682
0.41371215331565003
0.45874770469519716
0.3730838791056217
0.6077828342023985
0.23824423295324013
0.43012851603100055
0.47633280071941025
0.06941917235702168
0.47472350965219945
0.47802211124695315
0.28473776632427045
0.41427426859598954
0.2628039674097471
0.4395586941381331
0.32130730851083283
0.5482656442560134
0.6707801294577814
0.5932800452543258
0.49497240115312097
0.45628272065680875
0.4541291786619551
0.676388370880028
0.16796647215004207
0.4352638592776182
0.49715112706101555
0.040918876436526176
0.26084916870218555
0.29833632144408406
0.3988312980215868
0.271070970586804
0.4722252952386807
0.5424576870661382
0.5039201024552099
0.2600762175670619
0.6317664047504983
0.4853386567223745
0.2308777433703196
0.6306063170259438
0.2568381038664546
0.35464670475205723
0.3267632140300996
0.37234457757600914
0.6458386360601199
0.10586775909948089
0.39572598245151347
0.5043627380405233
0.41180430548757035
0.8708361192119163
0.7716031415013522
0.28612839401832396
0.5384110760124572
0.3959453678677563
0.15114450729245196
0.4283953160210811
0.4865351131960249
0.23389215658807858
0.5252253712136767
0.4198858228710342
0.3103240163446873
0.5625714301527588
0.249512129468391
0.2968681734734025
0.299661038420354
0.22268432495012233
0.22725951068514494
0.25621945900036786
0.16978097318779187
0.3892926828349091
0.8156053228528813
0.5269229255956265
0.37789114480529995
0.34725085813597406
0.44988444839390296
0.26924726357701273
0.3843779844547396
0.6493715170220055
0.236416972943262
0.5482701807138519
0.3502226861545414
0.6530700455783754
0.15878911665152742
0.22137183654461512
0.24570139265133625
0.38234915554677135
0.35513448184500074
0.4325579185018538
0.2060898301438971
0.5464547125999116
0.4177888435223394
0.3231771997904221
0.5278158519965837
0.18769461049408753
0.2565619573056453
0.48490080681291947
0.32283344997606356
0.31843095470468813
0.4557419459586066
0.5457567467222485
0.5482075495620707
0.23004743555821716
0.30898962972133415
0.3155886713751449
0.5654264054430713
0.3935378575577296
0.3633835362921415
0.20845878252010347
0.41897971096724745
0.0
0.13261233675214484
0.5496003947636272
0.39489748894102855
0.2618507586536984
0.5544152854192135
0.5023168636504405
0.49707734414872284
0.7652970668497114
0.18558009833284259
0.7855924345902178
0.24469446368807293
0.5154318084906322
0.555495738566781
0.36684884070134594
0.6733095638496864
0.6324440986071745
0.40336789482749996
0.43593797089879777
0.24101537696044167
0.39574640367031816
0.3184129982391603
0.5747840810008846
0.5360268314291173
0.18836368656902555
0.3812207162426996
0.16426451574424725
0.22507591917545727
0.1908962816799839
0.4175971210815706
0.4521889183894198
0.7168911016332249
0.2679642001362523
0.31284815008385525
0.6105020698869147
0.31512117854133675
0.23542828670324514
0.5845260406020713
0.3296681958774499
0.9287379935498824
0.33816625323648564
0.27944758142801834
0.2763016506068034
0.15734318228429664
0.2083891923490886
0.6278798361521924
0.6426996041962451
0.4906160356934778
0.2271395994204623
0.2807145929566775
0.41651117730054554
0.393218032460479
0.44238214105526513
0.38304301091224907
0.5006186850286171
0.5440674862523822
0.4695800903607386
0.9554985609587305
0.5438881759983881
0.31247505246347496
0.2481438995012661
1.0
0.41856543823070425
0.07621157959803054
0.3714008650929143
0.28280243248250436
0.2877716945614553
0.5577848549627233
0.5514559027558822
0.21281536970248258
0.18216020525002757
0.4390342808330678
0.4833536776252313
0.4289661361307466
0.20568389541554832
0.8271849468679348
0.5332344429032732
0.5051774151068924
0.2920222410612493
0.425512981965206
0.27010393383225456
0.6517291125565873
0.46003680085812604
0.5446001279223247
0.453536401434888
0.4683991468305513
0.41752301065430275
0.5018077098304985
0.17499068440613538
0.7160964372545957
0.8683465514819435
0.30567100426376204
0.6107813310756017
0.16524251763397665
0.5137337263308366
0.4844091505595018
0.4682902636396938
0.11515649020301869
0.2937814543280337
0.49855850092238946
0.29595988156358455
0.5023703868606844
0.2373562104619217
0.4372042392079425
0.44058818676639816
0.6551879654493464
0.4731979069867679
0.3184286992644734
0.40742059780302037
0.6362938296003509
0.3009246741279555
0.639465778063081
0.6387584456801381
0.7139529973416876
0.5875300479135629
0.6395221206309051
0.34377626655537497
0.5245955762567254
0.2389843069453654
0.8118987545749208
0.6123549725135051
0.5152899918129493
0.4529209701276423
0.42352828395271247
0.1634604113499561
0.19219038915884476
0.3063731602445318
0.6736408841721292
0.3951358826344858
0.5000047736196832
0.44005822716150755
0.2559780877392422
0.14495528825396845
0.33372231463615426
0.18016661157286717
0.23771502797792537
0.15692658186738706
0.6230588953843322
0.18570923615572082
0.9979511765508187
0.2869056718340838
0.7957578447264384
0.46290279168629883
0.4175571614110617
0.6158449341713236
0.5539465068055368
0.41673532870300495
0.8427543347943848
0.4124003224029515
0.42199869477163343
0.2514473072712767
0.3286424174949167
0.5534497847717091
0.6819111059398747
0.4707264291561198
0.2725808995313217
0.5015897520623632
0.2191180363910125
0.34524726665184524
0.0
0.740186149817556
0.29040621928730165
0.2813243336817436
0.2512158845716202
0.6299757915244687
0.2678637975849252
0.4635309530234912
0.3602404570106233
0.71406460675637
1.0
0.6699320170910745
0.2323090871609466
0.6387584456801381
1.0
0.7314028937771772
0.38837199444580933
0.5119111420565088
0.4168114567277254
0.30948190328107944
0.929478857086096
0.10939734003700399
0.38241239280393025
0.2726942508012906
0.9999999999999998
0.34505939963506427
0.25270346717754444
0.41704665532214497
0.39437103836733756
0.6701914457083994
0.46552835866377384
0.2040855354842792
1.0000000000000002
0.5701785326834106
0.19763895101722845
