0.26551494961466343
0.22715719972794896
0.4713766122046438
0.38500093298371174
0.252413181384983
0.324648585672263
0.20574044054941068
0.05683488741846776
0.35098892277273175
0.36793236867427553
0.13860646053914585
0.13146058750574247
0.5844823461968591
0.5726730591616312
0.3254473645379974
0.27942146844403876
0.07445832300900855
0.5280058523143987
0.16218641233264605
0.2655472571257748
0.2468531086327532
0.1568944935286267
0.46841684322720456
0.1134798599457648
0.5812409248724502
0.173491471867931
0.046065641599775164
0.2595299124932738
0.4880135244254367
0.2634490121917004
0.4177356753397637
0.24148345016090234
0.17531753501835684
0.38174115800311603
0.14482313359083887
0.39519798134015316
0.08826773904445999
0.5910489802882957
0.11637874755238438
0.20526513898324383
0.19123203498162866
0.4059253069763242
0.7078431616973234
0.16120096737433134
0.3088750706115667
0.10290201539030369
1.0
0.09185298992002214
0.4483255438946444
0.3775352525862385
0.5037852745005716
0.5426068605542923
0.4708813568563363
0.35813872573684474
0.08868919388469994
0.43706288835958873
0.3512857812679773
0.05476892048369891
0.08529827307767315
0.3322461582523085
0.23073493343504128
0.36838712807117846
0.38278724706509065
0.2828091545014261
0.5748254456972675
0.4257073347972559
0.23802326525760922
0.2750808294233129
0.2670460042005765
0.35875093423575455
0.5344416768076533
0.36126455159287896
0.3252552414656108
0.11789987366787519
0.3067257347517338
0.2583596603645506
0.14817844403779087
0.13606637351495526
0.26754542183200414
0.6358264282101329
0.302595830367548
0.2596774212258338
0.23032076094435505
0.2553814737643547
0.16260785211731038
0.7627997631180192
0.29483736961206647
0.11766029641450496
0.33526500999897724
0.6112866926316979
0.1503925167761893
0.33777297752560914
0.05862715796419971
0.30958747765341066
0.14460412112467172
1.0
0.4597261802155142
0.17295428756975542
1.0
0.5942488519833317
0.1616213478003073
0.1531962691124844
0.16648768530532332
0.5561073673144175
0.737742515140261
1.0000000000000002
0.25829180765784115
0.07482550250256177
0.17220088732657085
0.5378186716189827
0.22328737787933314
0.12849116631342974
0.18431297286245324
0.3249361279981642
0.5966425860339208
0.1650258120647373
0.26388148860498134
0.16565141400208105
0.5743943238722745
0.06279533326299962
0.0
0.043204574130110245
0.16871921206607982
0.052420310213367814
0.3773385317324715
0.18087633833823402
0.19371799129033243
0.2444209248977783
0.34508337388043636
0.2576860410813748
0.28063912569887356
0.2219399393907392
0.09891223130002574
0.24363384912588157
0.3703316655382841
0.17771389014509664
0.33499551273324607
0.20389307837941748
0.25323926028896704
0.2612534880597124
0.5295655779783207
0.19097452988991737
0.24378801039683629
0.25352435060213263
0.39724896167029283
0.6982809330492742
0.09802503126806972
0.6077045181005084
0.49976221461287224
0.24463205197350074
0.424170850428379
0.0
0.2510332231875999
0.7979273356863384
0.2710281536025587
0.4109834023010666
0.23414052298696655
1.0
0.22737267731533353
0.1326011157463856
0.3733419784417929
0.2744757227336611
0.828684432242772
0.3933416294022608
0.20658465479629304
0.013779366476870083
0.0
0.11079667410599646
0.4839501126268445
0.12006695374341751
0.06851449710610232
0.0
0.5728218533941851
0.5323774149120579
0.7655938281598353
0.40993906756460097
0.07981285669453478
0.005914033643686233
0.22963777594597584
0.6016256834639909
0.456652375122513
0.5907251015036807
0.07117404528527199
1.0000000000000002
0.1464826837627672
0.10684517262080913
0.4736493223422173
0.47396047684606424
0.3716060383632719
0.21380497991247954
0.006165192231262293
0.13778641794995083
0.38481663363915325
0.15308495459614524
0.27675287525449466
0.5212138075986602
0.7773191988134867
0.3627399543421561
0.4141977622587447
0.2905915526360931
0.14524468959394432
0.07862147338744065
0.0
0.20906573022757427
1.0
0.6635213794204923
0.46136129769152096
0.537040117822274
0.2990851456603789
0.08395647103851979
0.0
0.6677372730247183
0.4543595459788596
0.28317909674526875
0.26255820506544647
0.7653930013685665
0.3391930686878667
0.0423030468616293
0.38304851724865957
0.2452992370362656
0.11857524861459846
0.26589341279148043
0.45369492837105824
0.0805349512466815
0.27346031810290267
0.4614050442178462
0.49464355687016703
1.0
0.5098676150155695
0.2834735662492028
0.2105050887276871
0.7526656316058516
0.11212252943887155
0.2938946560758385
0.0782095953771585
0.19607309206318788
0.0
0.35063124668817464
0.4742748301107399
0.5015405012497723
0.8511393860530199
0.1291745404868586
0.5644644985609698
0.1725083400559015
0.12409203092059314
0.6376956803365887
0.7014740117490971
0.4808679124925939
0.23449287708936398
0.729309618606931
0.15585270548392868
0.35558679222095546
0.32913295162516126
0.37636676227622035
0.23434342824543186
1.0
0.2487728533648143
0.44313141198024225
1.0
0.7461165353059446
0.5123307936695173
0.14722438465818172
0.331480465559374
0.27779690221266795
0.44241600383150764
0.17770698585542108
0.5104547006724168
0.5093372638097817
0.16824178016433797
0.08251318538460031
0.6592805401141715
0.04244947632090685
0.4280451769544987
0.364810427068998
0.10856468849327422
0.33517456414943025
0.26545985235498504
0.36839641113679117
0.24006805308916646
0.5000931559621231
0.18409387935968682
0.1811264765185576
0.4727472063849498
1.0
0.3555978785768063
0.6256532429832029
0.37736809381706704
0.49667694835799536
0.7539514262658016
0.09342094218886461
0.6956411107483851
0.06366403814898342
0.22177579164855446
0.5248188377119212
0.37891377769604173
0.0
0.7615711910694042
0.31713062927531116
0.48531093179195084
0.3579824181345092
0.2390542300239112
0.07899441553416855
0.17034898662984052
0.34191380311483743
0.17257401761497804
0.6714228376854687
0.05537921583841572
0.5742764313809295
0.5072368969817246
0.9999999999999999
0.32958992395529535
0.26499517515799365
0.09267783973447973
0.31051296375675036
0.4912383376154619
0.46567697484974413
0.2974780426868402
0.45249285289005825
0.24905806405031386
0.15551910627841534
0.3658391283527338
0.03633185280868732
0.7689186073428499
0.1720455838787645
0.11195370357537873
0.5253855430628325
0.34516456834028597
0.31565625602694364
0.04487103646464061
0.17235534766437663
0.12008508712254518
0.295020169524478
0.2626612780174317
0.4102075022726025
0.0
0.0
0.2505051430979212
0.3578700917347282
0.18908189404937736
0.0682415941911047
0.15403702438482436
0.17538867835909633
0.38113013901191656
0.4442195943723541
0.3541924479210509
0.4018920769841596
0.3376650105996608
0.4852750503350617
0.006658015644424142
0.33397197141305346
0.25140916929054047
0.4443313531610442
0.26651297216729836
0.33927458848785724
0.15859941018493018
0.296707257507018
0.28091172571287504
0.8511393860530199
0.23975536515573453
0.42516033918476304
0.18980264576498895
0.11459935995058569
0.3175810870612863
0.17294506062231785
0.39731531061189057
0.21926347875767538
0.29531091041311597
0.5884693916111259
0.0
0.2464687329634014
0.4363220347298769
0.38705386914489537
0.14697330964359723
0.06833372508143983
0.2573054960710923
0.36842423049870776
0.307091570646371
0.26639550067970924
0.46246083876679694
0.4308202937475843
0.3045799423689154
0.4159512502319269
0.16872649541305315
0.15690923275086865
0.006714574972208248
0.8089147466398174
0.20779959513996488
0.14595129497381817
0.14148219527546835
0.4710013390259508
0.6601327335617423
0.31333478674010584
0.3552965119269257
0.17604425395890058
0.4187963762643413
0.2046593898602873
0.08642822762844486
0.5610070200842032
0.48035950241807607
0.263286574064143
0.06618451882956133
0.11466871952245417
0.4378494505315138
0.5579443292521709
0.30034822801070366
0.2665971919086054
0.12689814688015755
0.4090401859548612
0.45877473126490764
0.4051989807762058
0.33502498044391
0.6784270351401612
0.666830948987614
0.31051296375675036
0.31925361476625735
0.5007651688931857
0.20694719678839024
0.46198942668795995
0.37728040800919505
0.2722740301120589
0.066103412319434
0.08008826794301478
0.323049869362704
0.45389386179320884
0.056900842190048
0.522628133932499
0.13996821291372466
0.5250122948375889
0.3765815635268723
0.6317647838423186
0.10372178480070646
0.4619967450215973
0.11086696103977217
0.23107980211573634
0.28063848270284786
0.21743682464182937
0.5480821962309277
0.16590432326810448
0.29133373609353636
0.21004938787837718
0.0
0.31406058860427405
0.36344561363296185
0.19339088077248295
0.27806176082446604
0.13117089246982788
0.24198132353921978
0.2282861184600306
0.41004511741792515
0.5496121488107646
0.490878062474956
0.36483239945876855
0.39731531061189057
0.4146442175933488
0.5628570270694833
0.09501368081146533
0.27116673768449256
0.42910364195686684
0.006001112925887818
0.14857173654702216
0.18772763739573792
0.28782976316093195
0.20395643538683741
0.406593430751315
0.4709460535735754
0.27884724048142884
0.20169856571887232
0.48468110244983337
0.30905173396811375
0.13943763389635297
0.511759735398519
0.1113278585324701
0.24275711917348008
0.2220837983687175
0.2751106303240615
0.4310230664322137
0.006335932847717442
0.2794503755532008
0.3469202006912727
0.2657329961294046
0.8038103946774356
0.6634467689693644
0.13896729455106724
0.4162100999937845
0.2403174692349413
0.07000034490835781
0.303496011534596
0.3299231968873308
0.11379309920295536
0.40269423555416517
0.32017745044273266
0.2607425767766438
0.3797891435974381
0.13894451953624426
0.11771448189978172
0.21942512411562085
0.07246499436968128
0.09802628488008325
0.15715016266572704
0.09734949026552557
0.26242920218880095
0.6445441169016324
0.3970686530499285
0.28224233362223566
0.13570568992961418
0.3047736575924663
0.15039437915071868
0.22519493528840132
0.584074373117826
0.058884821940873515
0.380889944535967
0.2109511593081544
0.4488706262147105
0.0705018943004875
0.09672086416611288
0.1200864054130407
0.2754498592726082
0.13681808685365995
0.3726657306758269
0.16368968121785427
0.37202160443839943
0.30450865729523574
0.19649721417173963
0.37577228985553507
0.15534314486668815
0.16333339043634587
0.32962607081676204
0.15238021915909117
0.2425668935812322
0.3051647436442558
0.3623768012086595
0.4401808108253671
0.10004309185592972
0.18052879598229876
0.20746501519113975
0.4562319498223298
0.2203587671929804
0.18968682349532398
0.12078996870051954
0.2598433530728189
0.0
0.0
0.429599043079637
0.148375999775479
0.07484269658673882
0.3670455201296933
0.39768004144433566
0.3331955941422747
0.61036785322249
0.13266938721531785
0.5433255096608391
0.1695229465820618
0.412500691587483
0.4420636956755274
0.26272812381876604
0.5540711113114827
0.5228384686995856
0.30290258048506247
0.26838844234393766
0.13843284696868857
0.2983465475190716
0.10997191955888136
0.46709174409425286
0.3282815860213727
0.08276861118108032
0.14423931402768228
0.046771280694088625
0.08862898194856163
0.09741427050150962
0.2712766956316743
0.33078708245381166
0.6840519590506748
0.11842840443717831
0.21427294096610722
0.502268986205651
0.20076263769060076
0.13771256033252055
0.4941543172574619
0.15025649738766125
0.8914326698331649
0.22052569034389977
0.2123297286017393
0.13017128759798355
0.08822743856974606
0.06536085902693688
0.444638790203535
0.5248188377119212
0.402559640113416
0.1070623032118272
0.15618937570891928
0.35054770061087076
0.3305721490729602
0.3282785727813972
0.27340763171633403
0.4270242040486697
0.4382113671937056
0.27716393385284654
0.924594093703161
0.4040343746665525
0.10082931736254176
0.10438273778219602
1.0
0.28237891785999714
0.01590137273341232
0.16907722337418774
0.09601745635025613
0.18256397293762233
0.41026203927316895
0.41608576684145376
0.14791742567968819
0.09954156866332821
0.2768189627516841
0.2799590563498284
0.20116519001637542
0.1239642412349553
0.7375194074349555
0.4019773827926699
0.4756071433957444
0.13071896192933638
0.3476213360557014
0.1161817408834138
0.5905637764768835
0.2973523361619569
0.4345244415779883
0.15786945356259025
0.30746480954087163
0.2643322077561525
0.3320467156845993
0.10616595383265084
0.6137407059496732
0.7390987862124669
0.1391175750626087
0.5408483176446856
0.15198405519626876
0.3458372529302519
0.3295537883048688
0.30710543570837634
0.024369934119274066
0.21176201019975704
0.3589075950093883
0.22609573158890273
0.3197964413566181
0.07210487571137
0.2452992370362656
0.26571433019002777
0.5307161326019522
0.3408050340545557
0.19769175530743896
0.29474884174390586
0.40933785853877536
0.20567472667480308
0.5672161445609746
0.4742748301107399
0.6605750571411316
0.420254232078367
0.48457319718670755
0.10055114788274915
0.36611669013181114
0.16397634214901166
0.7458986321462044
0.5474784618223865
0.41944348117712477
0.31891564522043986
0.2939183505405286
0.05968000694733373
0.07983895209651594
0.19548026998225754
0.49751210450579114
0.2903251180621655
0.30866246562629496
0.27631509097072987
0.1825156490609953
0.06283334228677766
0.233855082394933
0.024299975065166214
0.07354797555467478
0.08944753261690021
0.5669178857798528
0.08247349320030146
0.8708501702258885
0.1797211749296182
0.7536182808936941
0.2797467694600782
0.303293523440547
0.45840028354777257
0.48166648516612676
0.2734098866081587
0.7516622902265
0.29898758241850104
0.3122773504121873
0.1007393714967846
0.24057759469787476
0.43977509756430677
0.6113719002056148
0.39488037773999407
0.12914917153576339
0.30149837863065937
0.1065793717017636
0.23318287762183307
0.0
0.5844823461968591
0.1271802779381501
0.1409477555290602
0.1463132055944507
0.452797370715846
0.1793802893533317
0.29111031433705775
0.20851897500511538
0.5779166190068721
1.0
0.5887594087601227
0.17977131057654303
0.4742748301107399
1.0000000000000002
0.6894310837730281
0.30982317412972027
0.36431527744301867
0.2877865523515064
0.14585202165206188
0.9368557656478476
0.06753362954281494
0.29679606801265973
0.13759992504947804
1.0
0.2205863910013786
0.1392028451712072
0.20128818824511485
0.31553516573555696
0.5569331799504189
0.27837393788131337
0.07829100122435717
1.0
0.4571729956790416
0.0
