0.8870401555889936
0.8457042909563725
0.7080647010820247
0.9341511910700072
0.8509816336616133
0.8931782642871016
0.8305229105302717
0.8199434435664684
0.8338050126244106
0.9365883064828519
0.937808905559059
0.7981842790977633
1.0000000000001243
0.9522606287585235
0.8493184676419291
0.9296035776403117
0.6502689726708135
0.9055824632988351
0.9030884454851913
0.736725586091234
0.8645226286556924
0.7515396406552667
0.7881285239083976
0.8543717349606624
0.9379937736118429
0.8148379047246108
0.58979634977984
0.7980220455333465
0.8668396842801341
0.6773476228238016
0.9405410897000188
0.8863101940720953
0.863348756133945
0.8479051998656133
0.8254879627365874
0.8334338941698204
0.7800641836502076
0.9232050208524483
0.7700819778607757
0.9486336702713739
0.8905729481688294
0.8323870770890951
1.0000000000000007
0.814984810501674
0.8154773814964524
0.8863401333794017
0.9999999999999007
0.7744848212881918
0.9019304547582079
0.8256224030278445
0.8061818145319902
0.8645496596885761
0.9049104923262358
0.7711066563737827
0.7038828611152042
0.8949765220028845
0.8941862077081134
0.48570396157499907
0.797428569574413
0.8969293819699058
0.8176002465628787
0.8976051340260511
0.9024516941504785
0.7948088257268122
0.9612813864384465
0.8255847084576503
0.9320941961536505
0.8886304603718268
0.8647626246134728
0.9552610889453454
0.8640290704953031
0.8034065667371727
0.9482329303406467
0.8131438108273692
0.8728739857732737
0.9400855867604918
0.7581210664001586
0.764615627279871
0.722951374935321
0.9323455176366647
0.9026519247059681
0.8508451658677816
0.9380801197640962
0.9344908066949518
0.8478609163136182
0.9660033666862659
0.9223392813057077
0.8484531420027251
0.6775024011460133
0.9232050208524483
0.8696466357049116
0.7663763755560878
0.7285747878264563
0.8111291461059846
0.8681196800294212
0.9999999999999493
0.7937908217822723
0.8071866916491944
1.0000000000003302
0.9085867888362948
0.8898472153954546
0.9072036401379535
0.9135335618891957
0.784931845041353
0.9825759300195672
0.9999999999972116
0.805752787086495
0.7791099327397563
0.9412943825538311
0.9675409665949861
0.888726252825456
0.5644325126853997
0.8626184098799818
0.880626211902109
0.8413777893717262
0.7314352371411986
0.8998205198105905
0.8891810409796855
0.8123945402230794
0.48484273160622293
0.30987199257373166
0.7546491273172722
0.7346762357537018
0.8431807347082306
0.8787235573773379
0.806010720423972
0.8511039248186485
0.9300526666433322
0.8839353246894011
0.7721938590258525
0.9121341338215557
0.9440085460700381
0.7462549626215403
0.7795470509492909
0.9337231892638659
0.8403123311900925
0.7719413401749609
0.8324091476449196
0.7130317585114314
0.8904970944984245
0.9053822516517431
0.8094177316097327
0.8156964216917398
0.9067856203520709
0.7575937446961359
0.9457154446575259
0.8795074889271389
0.8553591163256855
0.8399447443341304
0.8540454745614959
0.9219845182256878
-1.0
0.8071883097840965
0.9296005722737
0.9329709279709714
0.9389001882200733
0.7444969101763593
1.0000000000003302
0.9478764650193923
0.6849914248692643
0.8583410766158679
0.7546736551024422
0.9754856375614681
0.927960535449415
0.5876798037440539
0.9305521521107578
0.1917365821190767
0.8676380945325991
0.9650415495682083
0.8884867265772474
0.6531817147127282
-1.0
0.7592570447629011
0.8603621248025364
0.9161722385302286
0.9558875707722145
0.6578380925044885
0.6517447645591158
0.8736817295609964
0.8443861177562271
0.8090425619476598
0.7663763755560878
0.8109707720073609
0.9485264923135701
0.6022213146415343
0.578443026417383
0.9486555454944081
0.8472868533502332
0.8282367344927642
0.6773476228238016
0.6702427912617116
0.8083771740819955
0.8687732035941943
0.9017868353649884
0.929480444244038
0.8061818145319902
0.7285094890506731
0.7874141439419643
0.8916543606653009
0.9176704371577162
0.7498381250485953
0.6619326584692605
0.5552846857342
0.8314440122270128
-1.0
0.9019926191925435
0.7792974160398084
0.8146571087922544
0.8022008282519749
0.8967904841735458
0.6713307619460156
0.9597917659667814
0.8887866022403071
0.8497395076834522
0.8816814826230663
0.9999999999997817
0.9484236807319447
0.7270880382129868
0.7546736551024422
0.8617153005941778
0.857735614624128
0.9135899023865152
0.7791733767366781
0.7042188728972231
0.8145919339591275
0.8867794828336665
0.9133702829354353
1.0000000000004643
0.8698417375833363
0.8557703007410069
0.8837873973776276
0.9129832361861672
0.8087615702861531
0.8070991981730434
0.585294668155429
0.7972565535150884
-1.0
0.9152514278945876
0.9273465550692005
0.8599610137117241
0.9205802822912785
0.8771695656650558
0.7473908406218954
0.8273947239169085
0.9030529780394625
0.9051792648184798
0.8223752376058269
0.9127869618976848
0.8212098361337878
0.9125324323850192
0.8450927357713662
0.7549017087109263
0.9174916535019574
0.8945033110847938
0.8469896657829332
0.9999999999999007
0.7858744869159413
0.887181074618904
-1.0
0.9999999999983403
0.8284367552054924
0.8977985472655214
0.856621098510337
0.8542104117599112
0.6863780742781395
0.9035949651373067
0.6676049448783022
0.910114020572333
0.8431437799089069
0.7872300954436255
1.0000000000010267
0.486327601573806
0.6863780742781395
0.8800394127500547
0.9352677129528617
0.8293115751994101
0.8755727611010732
0.6323880093875938
0.805407070400864
0.9741709281657351
0.8971305801643443
0.8571334399300087
0.8524576899108373
0.9999999999993059
0.8324716666327159
0.8597791646274
0.8271758909960443
0.916980956943425
0.9754856375614681
0.8620193777851034
0.9660033666862659
0.7487492755320346
0.9011643166806956
0.8421801666507802
0.872068808138572
-1.0
0.9514391413772426
0.9333952894479155
0.8699415762057914
0.8996733252439296
0.7453937404089784
0.4376614947364465
0.5599919851927497
0.8257519197407608
0.738465219943932
0.8223752376058269
0.7140514900479384
0.8099550368217643
0.7126862236015503
1.0000000000001243
0.9467190051278774
0.8870139530843432
0.792154919517044
0.7867834801753745
0.8797748890913387
0.9553444184078151
0.7915860587795512
0.9334764494866582
0.7991549477183005
0.6300244195081465
0.8941507056213103
0.7283918577721566
0.9228954505882122
0.8070649839047033
0.7581210664001586
0.9190544665666002
0.787522719651958
0.9372280772352871
0.8027696740879022
0.8451309376469549
0.7717984991906819
0.8805895253001486
0.7506815333083282
0.9269226805857398
-1.0
0.5999561349652547
0.9407971417878791
0.86738563253726
0.8516363415705255
0.6835191268233202
0.8616359078110875
0.8768091352729586
0.9475025004673655
0.9462387584780234
0.8073635562589939
0.8859501466648855
0.8843981490546898
0.9167980857252197
0.6576230869976916
0.8854152533056403
0.8649308364844176
0.9217718931163431
0.8081283858457687
0.7911502823649186
0.8039795845407365
0.7901886850701484
0.9047503579849572
0.9205802822912785
0.8346735841300733
0.958763054701667
0.8460334107904984
0.8424153064195188
0.7900883067578469
0.8891598798361458
0.7088395190924681
0.8811188624919285
0.8367030134393851
0.8601280435503379
0.5932883250433161
0.8575298947216694
0.7890391661176352
0.8886504116089431
0.8592820492730286
0.6467147229177004
0.9415940830075881
0.917731022492486
0.9096437664885202
0.8980081986517696
0.9579914611580885
0.6863780742781395
0.7867834801753745
0.92933163453587
0.8090595058633566
0.8450927357713662
0.6526091743123356
0.9999999999993803
0.8254060143620345
0.7927152244882597
0.8914778210073543
0.8407547192777528
0.8927486174717744
0.8312265122306096
0.9019840551813614
0.9041319199035003
0.8319216396377022
0.675012339153211
0.5684972720612282
0.9698753354216967
0.713971348983071
0.9468283688643792
0.6835191268233202
0.8945053737217086
0.7877142886148868
0.8670235778349595
0.9006906470867929
0.8115158923759747
0.857714715308518
0.9024516941504785
0.7035716695031718
0.6981556779688597
0.9020744956891895
0.9999999999999493
0.9770699200829706
0.7867834801753745
0.9354879497704235
0.8217312501759523
0.9127358945398812
0.8407547192777528
0.92933163453587
0.8115158923759747
0.632029198606794
0.6586700790045004
0.9017078230462152
0.8960827326437748
0.8098150580063918
0.8995119928265453
0.8650664529054762
0.8126845359514488
0.9024516941504785
0.9026510059970774
0.726048443447725
0.8402348706210284
0.7957747823520988
0.7768736791350468
0.7213172900233328
0.878063090939056
0.8837114030260798
0.8270203914005954
0.9134813441370425
0.7342670135703268
0.5916514741885633
0.8941152039733989
0.917731022492486
0.6802709491491895
0.8924646992476347
0.9043049071019966
0.9210219679615114
0.7655305305779515
0.9566801243469527
0.9146748823918798
0.7592570447629011
0.8702277256661533
0.7088395190924681
0.7080647010820247
0.954033095974693
0.8728932252460392
0.8945877768517139
0.7818945810586634
0.6740863582247252
0.5988780643086675
0.8602740125253431
0.7655305305779515
0.5922816401393216
0.7663763755560878
0.7080047871867267
0.9048749548641103
0.5840317529893383
0.9141510165314132
0.9460821829623337
0.8465876733562105
0.9550650858587197
0.7355991841155953
0.8404305854363433
0.7447250094605421
0.8844989456956013
0.9681302601437901
0.7997275001540463
0.9315928819274134
0.9029966829359717
0.897100741545117
0.9662621045784733
0.8871289029136142
0.6912955352066508
0.7658148891547482
0.8707716385270216
0.5980366965491355
0.8838945004392144
0.8488246528147992
0.7194258450149614
0.9435361781241358
0.9370611020974502
0.813501266388907
0.7547356388771648
0.8711288539197068
0.8773381487854791
0.8109733831768614
0.8688486799931939
0.6695236612468587
0.8734916885705154
0.7800675346228257
0.8992217230637609
0.9264100564549369
0.9180513368740163
0.9454041714378897
0.8020649303343967
0.8070859815327129
0.7716832700103025
0.9429221023694788
0.907693334272597
0.8234170397173008
0.965497409107661
0.8146942053639061
0.7851974189329334
0.8077860743776347
0.5588544458817667
0.8543744044367189
0.8563950891404245
0.8300129382651916
0.7855904127854942
0.6609137403670696
0.8614530220250189
0.8981532773437525
0.7785490072206802
0.8612960421735667
0.6532658723243351
0.6996405563606861
0.9158492800742633
0.8809271182836138
0.8354147266834423
0.8719689844869409
0.7522799496035991
0.9031819456412636
0.9087869136792583
0.7206816424741247
0.8792255486673873
0.903017871797989
0.808857769940849
0.8856919846487826
0.8332703409858907
0.947035836162277
-1.0
0.7905456341070721
0.7623133475029792
0.8535678439060617
0.7633862011173435
0.923010653673943
0.950758996282526
0.8494644608252772
0.8192772010585343
0.6438210047423311
0.8545954103375755
0.8326999220709492
0.8997831769097061
0.9216883463553919
0.8884115455212612
0.9043072935613579
0.9338387863865519
0.8981532773437525
0.9190853462103047
0.8784822201379686
0.8305728902053828
0.568180798429005
0.8539862203593392
0.9314497176280077
0.7431386103513488
0.7611762015696796
0.669196267182095
0.8222928472656161
0.778694442498549
0.9323455176366647
0.7704956767778113
0.915539970103563
0.883705381050377
0.8586811097960628
0.9273904616921083
0.8844989456956013
0.9141638211086494
1.0000000000000007
0.8450927357713662
0.980278843821058
0.7904538233257588
0.8050496367009065
0.8936681126135085
0.8977924523839232
0.6693702595795495
0.9741709281657351
0.8699415762057914
0.8210510739965087
0.8209193935192074
0.6425310866552446
0.832676664429322
0.8269504248578144
0.8734046432945715
0.9225622553925175
0.7866908079573016
0.903017871797989
0.8494686280188052
1.0000000000005402
0.8286505459486478
0.7469140666626188
0.6022213146415343
1.0000000000003302
0.9415462033311974
0.7006304352318908
0.8879112197357102
0.5462368185067047
0.9317929259647838
0.8714437986555893
0.8583335978081531
0.7604124646660794
0.8995593646568404
0.8865304955400213
0.8522103086434399
-1.0
0.7967611481414203
1.0000000000000007
0.8745372301408959
0.7663763755560878
0.8498435548903542
0.7992599675028806
0.7419848634343299
0.871573602046276
0.8983831974560161
0.8764392087786859
-1.0
0.7791733767366781
0.8924646992476346
0.9482329303406467
0.8924284045713738
0.9275278285449461
1.0000000000000007
0.8687414653754463
0.7831847327658287
0.8265144847294823
0.9261867930018789
0.9418347687281907
0.9169093563256681
0.5450579154005637
0.6997035187950208
0.9412189023143485
0.8644032518424571
0.9316333804636605
0.5868985076732864
0.8771695656650558
0.9247431161610755
0.9133702829354353
0.9236841665824553
0.8266329049519477
0.935151064675499
0.9681302601437901
0.6469093030359734
0.7592570447629011
0.8519331554257896
0.8914608549904743
0.8317294392797697
0.8799991149690054
0.8391130022518509
0.8381584281343321
0.841198270647763
0.9553457482085452
0.9110768955968341
0.7738082064162926
0.8980267005820781
0.958496096420852
0.793516244066421
0.6666003022527401
0.792154919517044
0.9783500975651133
0.8195883658454642
0.8991277600281634
0.8040015273347598
0.7736958547509261
0.8712812739965021
0.9396831505478973
0.5976200002758378
0.7818198302635249
0.6894627229450954
0.8849821142903578
0.8967904841735458
0.88558089015748
0.7280021093708975
1.0000000000010267
0.8911214350939439
0.8524899516224993
0.7911502823649186
0.8132414423219376
0.9229830806324072
0.9129832361861672
0.6332547534940403
0.6430063731855175
0.8873045834548139
0.6161275019539979
0.7441305365165239
0.8699415762057914
0.7088395190924681
0.9050052051355979
0.8610148944064792
0.6975634305212607
0.867689816703173
-1.0
1.0000000000001243
0.6982088398327086
0.8874082449840366
0.5988780643086675
0.9334764494866582
0.8379106677642914
0.9322311529792202
0.8648858927611299
0.8540168382686396
-1.0
0.9073638957488057
0.6197706844901942
0.9052289318725859
0.9999999999972116
0.915539970103563
0.737303052100936
0.9266398186474865
0.8511060866351327
0.8029169159758025
0.9100841950143495
0.667071558350638
0.8075877329549571
0.8403895062846323
1.0000000000004643
0.8907556589014058
0.6952444091860275
0.9100744195679896
0.939787083879873
0.8675929259529201
0.7319236518942098
0.8003244156845027
0.9999999999999493
0.8287676328526529
0.5890506130662733
