0.5998732882650526
0.6851949859134853
0.5837989938429279
0.7456313931310847
0.4463176606503557
0.7449501566480753
0.825997558263316
0.47628788668817956
0.6954275667248184
0.7426936278842453
0.6671108344696086
0.2727021028160763
-1.0
0.8908996037077879
0.7590909258068611
0.6206158096545865
0.38424023078004965
0.5900470153936276
0.5942816846851021
0.6762691672208145
0.7407143627800392
0.522196422304104
0.4812142037202274
0.7264208033336413
0.9999999999999805
0.2815223754969584
0.015472876730266847
0.012669311446489553
0.8196338242801202
0.22901395664823224
0.6807343684135081
0.6924456474251198
0.608910938992517
0.7759393888244102
0.26683640865979824
0.6081854008812432
0.20204263278247478
0.85751794106694
0.2834182756723349
0.7215584313206421
0.47392952824939366
0.411200360364534
1.0
0.4334610384170899
0.6258289933849531
0.5176806625088347
1.0000000000000042
0.27044241160251126
0.6807384600465165
0.6492601479826431
0.6683092258365191
0.5875646234722907
0.8830366564446441
0.6831820029429337
0.317713001286009
0.6353183667228308
0.8779973459159965
-1.0
0.36714843788228524
0.793220283642537
0.4781411075872585
0.7040459363557598
0.7768770461233687
0.5551753794398607
0.9999999999999941
0.6031279807934976
0.6323065036688372
0.603633426913963
0.6934777846932356
0.7222041843400699
0.5900470153936276
0.6492601479826431
0.6555744488260179
0.42852148010518837
0.5486960025350215
0.8151123952564471
0.678193956632454
0.47058773040509877
0.46563200736963684
0.8361712174925247
0.7203259523859112
0.5419324701809772
0.7265760182011982
0.6310414145528489
0.4327348753100502
0.9189650195525498
0.7212773720317741
0.6790022413628672
0.461507401031245
0.85751794106694
0.49533022836512314
0.4701254753949278
0.6732109731241506
0.5909350784401106
0.5753280561758578
1.0000000000000022
0.5012467732026964
0.5688653846305647
1.000000000000004
0.7337882957161923
0.48500722626925896
0.7518576558543862
0.7536265594269862
0.7526508871508234
1.0000000000000597
0.9999999999999987
0.6847954438890888
0.30501357151878183
0.6953688209961744
0.8249233225733917
0.7172682815119498
0.20344652150789755
0.596215823106095
0.5260176876525471
0.4737564091635424
0.35521401761768306
0.6175545724645441
0.778880312175346
0.5788111010291576
0.006194681365508352
0.006974956281846038
0.01897112984463097
0.19450076517514345
0.4856051512599666
0.7506446229642504
0.682607118728466
0.431255131616335
0.6911501307916803
0.6118548333898123
0.35254453973845173
0.42221003078112723
0.7340893700536235
0.023837754624488765
0.35553668180523523
0.7697507936757857
0.3370181660514065
0.6268161859212804
0.5706180012519887
0.2945756697042911
0.6959040829882397
0.6834535347541966
0.4813663439257601
0.6862718548902922
0.4682823069889121
0.43572180975525054
0.8687563135370692
0.6444957814773364
0.6301773063317263
0.46773329044545764
0.44609762899246386
0.8908675635854009
-1.0
0.4322177981564057
0.8073581201784517
0.555826166939817
0.7909794072867224
0.48818481727031043
1.000000000000004
0.8070441936646588
0.4338846541200389
0.623688922575836
0.6245393790906585
0.9372154677501385
0.7819337575949897
0.005828594668838094
0.822294665908233
0.04606865634250637
0.509939352991383
0.7931201547759428
0.6800461980612444
0.3925170647218491
-1.0
0.8049365922361544
0.6244227864938757
0.9999999999999868
0.7604840292976147
0.40746646128090186
0.18049704652753354
0.43147979721767815
0.6840856438707807
0.6335101892377822
0.4701254753949278
0.2019472936342229
0.8667470190807179
0.3623622746907034
0.18758971065471738
0.8859733434130223
0.6338180667673097
0.6081854008812432
0.22901395664823224
0.2201422580720261
0.4016650332715851
0.9299842891097685
0.34954296439083005
0.5151690058311156
0.6683092258365191
0.03908968378578011
1.0000000000000022
0.7304138437010536
0.4424454099969903
0.5135557628368901
0.4052358872496269
0.38587973705548684
0.5498604748139162
-1.0
0.680471369411288
0.4524092181171264
0.5092877762406037
0.021399250008539247
0.5359255349333051
0.7240780187796637
0.9273576423026487
0.6325462463953647
0.40187177334909824
0.49826713625414054
1.0000000000000222
0.6026641138938915
0.02655020959440104
0.6245393790906585
0.7185336759287694
1.000000000000041
0.6585615421974892
0.6049352687663542
0.01731924159115036
0.6528785885547743
0.6385047045117231
0.8327013623283979
1.0000000000000036
0.7680654999883495
0.4128706674102131
0.7172682815119498
0.7415541314212726
0.7803768345159987
0.49449754249647465
0.18746239152505603
0.3927685880876929
-1.0
0.7223393654822108
0.822361980062493
0.6683092258365191
0.7526958073929749
0.7185336759287694
0.7707855798341404
0.43080639039041324
0.29453454704596455
0.848664672008991
1.0
0.8327013623283979
0.6157904076553051
0.6397161337124964
0.48630531536971633
0.8152699409537436
0.5805481956910685
0.7509038954395012
0.7524338711612831
1.0000000000000042
0.4582750860084499
0.6325462463953647
-1.0
1.0000000000000142
0.5918366655108208
0.733876287244188
0.6325462463953647
0.5386690243665758
0.42238766807404193
0.5827570731050083
0.5734041493436567
0.7777400080867948
0.8441836778093285
0.3132357947803181
0.9450524541622009
0.19893161060530418
0.42238766807404193
0.6806770396780164
0.6028745411997629
0.436084556202413
0.8086171438089867
-1.0
0.6523084430228232
0.9999999999999941
0.5682172849553847
0.4681077511355727
0.5900470153936276
1.0000000000000069
0.7886361274492649
0.6731048462059094
0.4431623635768984
0.6159593519953962
0.9372154677501385
0.6446694467589561
0.9189650195525498
0.8707402153224143
0.8793207739261497
0.8660254037844412
0.6387467241615703
-1.0
1.0000000000000142
0.5799593419457911
0.8660254037844412
0.7053439588691685
0.30066534982284077
0.011953707537334412
0.5787637266016108
0.6877180958367145
0.5379763936869904
1.0
0.025478960159996518
0.5648822585412441
0.7071067811865477
-1.0
0.6864950077000774
0.49990666342496437
0.6302943377411212
0.012669311446489553
0.5578437150578224
0.7942553760204923
0.5528781067482154
0.8685582342692016
0.395310643755701
0.253066890349881
0.6802366767062402
0.26804776984192985
0.639051865126125
0.8086171438089867
0.678193956632454
0.7196065563983127
0.4664678496970481
0.7347125311443463
0.2824896739268719
0.3309411625079513
0.46645661447229114
0.5556578681094722
0.5900786071191398
0.5825453243872561
-1.0
0.01728714107295476
0.6562588678857835
0.7136367031762423
0.5129706241138379
0.19640229545545945
0.5012760663250501
0.5447330208618776
0.8340033351087744
0.7370813563059544
0.5380053296059468
0.76462034430868
0.7410111865998145
0.6159593519953962
0.2201422580720261
0.5240488940027562
0.7514348580963234
0.900481645289537
0.021399250008539247
0.5294665888437436
0.41150963891730413
0.47954968016172367
0.9056638599034115
0.7526958073929749
0.7044848405038866
0.7828456233766101
0.6087050317109624
0.9999999999999961
0.416489375621557
0.5953144907969146
0.5773973975020362
0.5967984936663097
0.6101571473983539
0.5397455159030078
0.04331447725141155
0.7531021655696044
0.46797567389776845
0.6225667451180632
0.3824038032061915
0.37658418371191865
0.6018948171585677
0.6439759046416529
0.6544676062170529
0.47484174568791127
0.8704680356923566
0.42238766807404193
0.012669311446489553
0.811181775238979
0.4368545673228877
0.48630531536971633
0.19730537536647264
1.0000000000000102
0.46456298062703194
0.5189016448408631
0.5654238568071026
0.5785983172289403
0.9999999999999989
0.7479965267850412
0.6439759046416529
0.5846639331995529
0.5173636921858084
0.2826942402491997
0.18758971065471738
0.849615795411254
0.5584416196556877
0.7313278718729842
0.19640229545545945
0.30474468087153106
0.46869023322273823
0.5933816352204212
0.5953144907969146
0.5859395764391372
0.5036344601301426
0.7768770461233687
0.5866228921155743
0.5769401473399558
0.835124373443049
1.0000000000000022
0.9372979245830011
0.012669311446489553
0.5357498317355319
0.5189421552374154
0.4415420280981053
0.5785983172289403
0.811181775238979
0.5859395764391372
0.017796761321969803
0.3725247907457277
0.835124373443049
0.7872382893943818
0.5412137117677602
0.5875646234722905
0.5102502666294157
0.540175062470447
0.7768770461233687
0.9450524541622009
0.38091777701781865
0.3862518625822421
0.4845674746211261
0.31433846187040554
0.6123724356957958
0.5919784369855263
0.680309256511758
0.28383225966555886
0.5761845677044062
0.6710025618375773
1.000000000000041
0.47634492722672783
0.6439759046416529
0.23444065586001583
0.44591466088613807
0.5533302464997465
0.7221310396912309
0.40550525906524965
0.7604840292976147
0.8077172682010016
0.8049365922361544
0.6869961539951653
0.5773973975020362
0.5837989938429279
0.8838564895525786
0.44341683375512486
0.6202399756077184
0.4332820595130005
0.17059087065368947
0.35609400090252374
0.7570575043893754
0.40550525906524965
0.0054638094476506
0.4701254753949278
0.8457884706335804
0.714801462043871
0.005444688531726121
0.767277557485616
0.7881225448714881
0.48788361039014155
0.7864884598178078
0.39452408157697877
0.40291036543846614
0.6153626538392816
0.8691985286829266
0.8704680356923566
0.21049017542399967
0.6018789610989661
0.38112003025868874
0.6671108344696086
0.8205874002706031
0.7346714007556313
0.18320449484499018
0.5247059123142545
0.8084524053171168
0.4130946589474658
0.5804527892758454
0.5531612772514671
0.3162106303655143
0.6044592700556162
0.6026207985759416
0.5645975890245288
0.5669343216219106
0.4981309722042899
0.7040454546279961
0.42964712652970805
0.6262664676342794
0.41204252720426493
0.5624751329373464
0.1502769514639227
0.6291613410612633
1.0000000000000022
0.6047322321740528
0.6754241599876906
0.6390437188801268
0.44381530062227087
0.4353584415809616
0.7453673564776101
0.7557493092591864
0.6830042924061018
0.8508790759799566
0.6492601479826431
0.45015057622897997
0.2829756425364545
0.35955625321967644
0.4593456364196423
0.5751289873737226
0.49478999347318303
0.4715163363690429
0.40550525906524965
0.8054183456853834
0.6175545724645441
0.4112548297238935
0.5787326283646711
0.40550525906524965
0.4629100498862705
0.44441449127446864
0.5095320934649638
0.6401370497946262
0.5012973173904309
0.5669683814019776
0.7777400080867948
0.4871802563974444
0.21448876512245255
0.6040663985982244
0.7777400080867948
0.42641162974447094
0.8055937280992788
0.345683669291655
0.7295570138558104
-1.0
0.305497644913848
0.4441353266692269
0.5170656649281785
0.4599088884655756
0.8484805394639178
0.6277956405129858
0.8702402776160386
0.6684133963773154
0.3651483716701064
0.6730205945199349
0.279328283271609
0.835124373443049
0.6145639722910161
0.8441012761470332
0.7874516967218405
0.8194312328608502
0.6175545724645441
0.5602499056954443
0.5322775453776536
0.542388840599163
0.19566562547098473
0.534782492172285
0.9067036306298096
0.2786848185143322
0.5254197594996424
0.20424855843505682
0.564852648492021
0.5492888913891557
0.8361712174925247
0.49760350984821233
0.7594199418643538
0.7774464009519859
0.5457908943715187
0.7429648791411481
0.8691985286829266
0.7122641807135806
1.0
0.48630531536971633
0.9275681184419654
0.652021740107743
0.019152243161156136
0.6888787924609469
0.24583990224508404
0.3933199270300498
0.9999999999999941
0.8660254037844412
0.7729342760874441
0.47544892724813465
0.2263499078707278
0.4427824113674635
0.4233915774333627
0.4848146078348406
0.582756813662447
0.755584759371775
0.7777400080867948
0.36319679163857144
0.9999999999999989
0.8423630561630431
0.40068473021592527
0.3623622746907034
1.000000000000004
0.6437551836850114
0.1840141816392588
0.53084422958733
0.182177934089551
0.6585504861889694
0.5810204398309256
0.6325462463953647
0.29618090154194665
0.28987897576098326
0.7147079410392068
0.36184347791185406
-1.0
0.383535577640866
1.0
0.761935823147577
0.4701254753949278
0.563372268047521
0.6877002786878069
0.39039790226466436
0.5720461554741865
0.6042715805385751
0.681017135009216
-1.0
0.6049352687663542
0.44591466088613807
0.6555744488260179
0.2548908213850008
0.7817686603006536
1.0
0.6446694467589561
0.5114489414548498
0.821793780900225
0.640874948613993
0.8151123952564471
0.5640240080955977
0.32205509290495377
0.5584287307314282
0.611788357238211
0.5802426197599021
0.8223965515880862
0.187439003540807
0.7185336759287694
0.7324084912261473
0.8327013623283979
0.7416035365578528
0.8691985286829266
0.5286157092377585
0.8704680356923566
0.37966541477183063
0.8049365922361544
0.5842223576398414
0.6797601946553468
0.475233765640955
0.7167775329069292
0.53933098058091
0.7847899996477656
0.39581352593713404
1.0000000000000102
0.7157109120383176
0.6869253753842962
0.634598508898617
0.8175111913023555
0.27044241160251126
0.40138337212764985
0.6302943377411212
0.9067036306298096
0.49851392844329284
0.7484149333005529
0.4339641862963023
0.43064299299619513
0.18314125927232347
0.7514341831114751
0.20612810371547502
0.297202710526188
0.23926934977901587
0.7337882957161923
0.5359255349333051
0.9999999999999987
0.21043662618546236
0.9999999999999947
0.6556590466944487
0.5165951765145732
0.5294665888437436
0.5769777539552688
0.6056765199850119
0.7415541314212726
0.4404344034690195
0.236209476656875
0.7040137890714743
0.41095038270170126
0.5307276550489827
0.8660254037844412
0.5773973975020362
0.6498416359513204
0.7126475646168329
0.2055753303444197
0.7474770503823116
-1.0
-1.0
0.4280886719305049
0.49798663844615326
0.35609400090252374
0.8685582342692016
0.8441602201099291
0.7620230892360695
0.40622699672386203
0.5819585349181134
-1.0
0.7946762380661515
0.4032142222898801
0.7425697534772077
0.9999999999999987
0.7594199418643538
0.29753154630601586
0.5502008735197292
0.6876115529647892
0.48630531536971633
0.866742248496397
0.22247154516299578
0.5850575501036002
0.3728987641077182
1.0000000000000036
0.4024542972073961
0.020989560381034954
0.625775287728087
0.6249383730947857
0.6727105950005903
0.6822214609148216
0.35412494935046124
1.0000000000000022
0.5487515896066633
0.3104472607971298
