0.8195073823103707
0.8593230508639618
0.7577462769268799
0.8124188727612419
0.8666789231860167
0.7651072688465023
0.8408539262813579
0.7019272980878825
0.7677187704474947
0.9488997302018877
0.7903788631386851
0.5258337337827556
0.9999999999999671
0.903667378861324
0.7641496137235381
0.8354876049679947
0.6554421560892195
0.877904680455553
0.8463334883594597
0.6734571925635644
0.8039149914693742
0.5738524698494178
0.8431006958367633
0.614946154692154
0.8237262973444789
0.7393704038915088
0.17011092753698384
0.7521703319511164
0.7795848658018412
0.48715360222614473
0.9038984224592645
0.9415378330747043
0.6983764788957217
0.7076762635634994
0.6923517618741131
0.6954601755295975
0.7553775145624464
0.8743155615155543
0.8386741254584984
0.929555999374168
0.7395314638678235
0.8432531063029179
0.9299972432583528
0.8514294421507159
0.7878456817114217
0.6830424349084684
0.9999999999999335
0.7349490768518766
0.8346850118267573
0.7860671545350479
0.9167493754152323
0.8352648979543792
0.8711501681883127
0.7945871586969093
0.6485831940259977
0.8209095129473806
0.857860123522605
0.615879748414364
0.756365377648016
0.9182299526847659
0.8167803863415543
0.8775583556599942
0.8432138246730896
0.858005840691648
0.859148029334458
0.7618069820847291
0.821896378412085
0.8779484856315168
0.7077243257577993
0.9112547373614753
0.8364246164702844
0.8177871114497758
0.8534575112448483
0.6749950680851633
0.8486790820802153
0.8547805920998552
0.6611057615396947
0.7544078283590218
0.5632380242405302
0.8215936285404216
0.8070865890165948
0.8282228954009978
0.8604931649487838
0.8568693062979914
0.8654157457126144
0.8962648091447604
0.8893976518733598
0.6699652648765098
0.43177353449550254
0.8743155615155543
0.8350466178415041
0.8827798951325241
0.6753293083517881
0.8724179691938398
0.7340177064496017
1.0000000000006901
0.8318511182478283
0.795293152207694
1.000000000001961
0.923792317237133
0.8551776486583856
0.8131708668621108
0.8344470414721677
0.8181892519135796
0.9518794827262925
0.9999999999999929
0.7957492095856967
0.6922192421299025
0.9046262333666162
0.9186674523333217
0.7200627557450077
0.5916450881653993
0.7460693275003811
0.8305028711053724
0.8934397028490666
0.6978173453932657
0.7666583724419186
0.5937243168290154
0.7683391693180868
0.3529381997640983
0.08937974296451565
0.6004585188596839
0.6730305317243584
0.7351567360983685
0.8396278332580749
0.6336665588536848
0.49338786026938736
0.8603205494249505
0.8620900762694227
0.7600808744303714
0.8207487721773614
0.8722223082709927
0.6637288116084273
0.7673287245425509
0.8394673277399519
0.7532630988458073
0.6607117824159786
0.8153570202638284
0.5658128717365278
0.9059846570565181
0.8806132495256838
0.8164410455080799
0.7778091923981985
0.8522519985964778
0.8041814841408473
0.8756234912723968
0.777459624199807
0.8200825939287376
0.8991036899734249
0.7615842039750348
0.8485768331045932
-1.0
0.7960847216924938
0.9089969128801136
0.9248430060632745
0.8024066347945324
0.8116662442811554
1.000000000001961
0.9286947380587207
0.7019134250498357
0.8188118774109736
0.7258042047600591
0.9762583537587943
0.7932108188958993
0.39807892452469074
0.7417712241197936
0.44982454295220287
0.7484831865564663
0.9070040701754777
0.7924534270848239
0.683839381288145
-1.0
0.8476384732116693
0.7931837645894664
0.9271565687315299
0.9134527600993898
0.6710796402681765
0.43291743494816465
0.6234613381060534
0.78333795260847
0.9331127567274168
0.8791870493626323
0.6353042655199588
0.9574587827889721
0.5577265138405193
0.5678612346628995
0.7367702460707966
0.80555341926393
0.6832638610123476
0.4592080232693473
0.5545042515089904
0.8020955652006673
0.8843495816055355
0.7388956629198824
0.8639002078385761
0.9167493754152323
0.8515422298509517
1.0000000000006901
0.9161128847130797
0.8477164469507265
0.5475116575352035
0.6865877738404992
0.37721135982724124
0.791003563948639
-1.0
0.8795842240039519
0.531393650390984
0.8535669292026437
0.7648911619048463
0.7026127230733665
0.651661261556806
0.921612241298419
0.8208513136906751
0.7198615469676908
0.797357250946465
0.9301253701115797
0.9207278799595221
0.5980279542492936
0.7398286594897487
0.7554794859606438
0.6832597312823107
0.8402170157320772
0.7665342270155627
0.663524035798115
0.7770604760245658
0.8013098862876245
0.8250860522450297
1.0000000000010263
0.8566990104850702
0.8313447509739007
0.7164449517272985
0.8413967344798298
0.7162994349604972
0.8573852719926236
0.6262922186690998
0.5830559928805368
-1.0
0.9394892464142229
0.9013676402652073
0.9167493754152323
0.9159513047363871
0.718302762537505
0.8355331182298382
0.8316597791683705
0.7733187851217018
0.9421425258300576
0.9299972432583528
0.8581234687188374
0.781952874052528
0.9207585028442793
0.5844827378621055
0.8322600995347914
0.8348552045900146
0.913177330338589
0.8181642877298498
0.9999999999999335
0.6243135653541846
0.8199855752305253
-1.0
0.9999999999992367
0.8896208557467757
0.8194960586419936
0.7805730022889565
0.8564452354990811
0.8194431209840932
0.8581271137365131
0.8782832355919078
0.9318684365239217
0.8559510626856442
0.8150650232444627
0.9495313196903841
0.5753372305969868
0.8172110621449074
0.733400200832258
0.8295066154777213
0.798855869092261
0.6885543963533318
0.813461607376211
0.7940163409511386
0.8910167208305972
0.8392849413563912
0.8118789072302864
0.8072045615615256
1.0000000000012348
0.8180640216545377
0.8246273004964393
0.9127701524372951
0.8064739915636039
0.9762583537587943
0.793845105634964
0.8962648091447604
0.6729912617050896
0.7423066872257853
0.9127114715403102
0.7807830104534419
-1.0
0.9999999999992367
0.8860079537512549
0.9189486300740551
0.9080617638550893
0.7112621698828719
0.36943694194463034
0.8693116252119243
0.9352825845409446
0.8263787486067988
0.9149190213258191
0.6306831482733958
0.8146098725983296
0.7099147422329718
0.9999999999999671
0.893952636886554
0.7491204478728687
0.6326605448253148
0.7838250365612914
0.6881851770118416
0.8762728926397866
0.8274701406488143
0.793483374738353
0.8067545812201463
0.5953155882695159
0.8983013623354673
0.38145813549335067
0.9176550869079196
0.6896583335082609
0.6611057615396947
0.9184334725755128
0.6553087500139094
0.8745171075405836
0.6602783317339036
0.7976398508327067
0.7510349160673392
0.834684490952904
0.7075425360235232
0.8831530327429319
-1.0
0.340763265576072
0.8478957786581363
0.7807257928000029
0.8571260799200833
0.276216631122803
0.7926092232393649
0.7416394846840608
0.8452340529740697
0.8514758632587952
0.7532836992963005
0.8036747120007683
0.8693144012508476
0.7856878075938047
0.56647593548515
0.8326571408916517
0.7349515137087924
0.9281630903196195
0.766212893593858
0.7464616975902072
0.8438145618938644
0.8179338799624444
0.8704700954106882
0.9159513047363871
0.8636888362517234
0.919918328847601
0.7879777633672103
0.772709713167452
0.842928567507908
0.7528168248258412
0.7820992554827533
0.827356452043468
0.6703407826111897
0.8936516981143965
0.5508835749750717
0.8018359028512215
0.7310389116659182
0.8264989994800662
0.7542243296166118
0.6678303403343191
0.8907011572271223
0.7985920933963943
0.7904793944403997
0.7136398690348297
0.9648807974346358
0.8172110621449074
0.7561093042824814
0.8672775842769513
0.8483529357321056
0.7225943895504362
0.5644383974286051
0.9999999999998961
0.804919904335017
0.545525135415094
0.8032872007727653
0.8314668801843816
0.9532672044059091
0.7781211271513004
0.7936643730777454
0.8540181393403476
0.8965715484796999
0.7546729245466175
0.5760374925909661
0.9168827225990294
0.8519712299653964
0.9213104619988097
0.4030813565786138
0.7679043343596275
0.6638046077808465
0.9044183867710442
0.7985885682851479
0.5884978419909268
0.7335533290870687
0.8847968309854027
0.7556995005076096
0.7811320617744621
0.9254483747669668
1.0000000000006901
0.9384156505615934
0.7838250365612914
0.9185693694887492
0.8965903338200745
0.8260979654279887
0.8132940646517304
0.8614314748147929
0.5884978419909268
0.18391103998079347
0.6704653313609801
0.9404580342187889
0.7858481157260292
0.7333431509929077
0.8779719681537624
0.748042133327412
0.7558559077460092
0.8498631888339346
0.8543541567340747
0.7155033244846808
0.8233060603884992
0.6194065377385725
0.5163573184394316
0.8432323240732044
0.8562381590540705
0.8538034928428854
0.741743912685853
0.8287958131513955
0.4204527843010412
0.6832597312823107
0.7128722647971772
0.8027410972121044
0.5521068997779723
0.7435505673418037
0.8067287197993294
0.7780893648867999
0.545469049830747
0.9178944759878308
0.953089484823272
0.8411905982468904
0.8658604745211702
0.7820992554827533
0.6863182134405872
0.9156956230350758
0.6808841626972989
0.8019494037963298
0.7047008359894494
0.5566152369398625
0.5583862030622136
0.6940870574564882
0.5027190990394566
0.347878600987476
0.8436651985315953
0.8239736377068627
0.86493766095419
0.395436488977006
0.8435577106991866
0.8808929261405481
0.690467529698071
0.8915007138582622
0.7241696818855963
0.8091361661808819
0.6401230840624579
0.6893058839481687
0.9589987205300762
0.6155500560683344
0.8335437471412656
0.8605476615082682
0.7853989882885553
0.9683153878467384
0.7462894769216328
0.6570775342499867
0.6849056055101539
0.7147833269433701
0.5877245540299617
0.8314398573323531
0.8825168123465461
0.7453857402539881
0.9063081194662208
0.9293414373238019
0.6843504610031313
0.6972865118406242
0.7676995595737941
0.8037049598137079
0.6082933512693584
0.7813196160255679
0.7231888021407454
0.7393392526073531
0.7617393694262153
0.7998434049135023
1.0000000000006901
0.7851034605500486
0.8682083488788118
0.7933305272131584
0.8949046924923545
0.6253402162700855
0.9223271345466043
0.9019709916443432
0.7448220931202034
0.8845887505044604
0.8207139156040819
0.5226923625686464
0.6429595774930231
0.5610761884721188
0.702299196122884
0.8350501769832503
0.6134257639556241
0.6341761202571519
0.5215651788268304
0.8736199771332418
0.8182722089542722
0.8609408954834441
0.7643822043755121
0.38531322817910785
0.5012848177656033
0.8681101096367949
0.8438257519500887
0.692491885294377
0.7903681003627533
0.6945987790110364
0.9242877376134426
0.8320065429145037
0.6827588062572857
0.7569478174233515
0.9266275388788262
0.8107200074628013
0.8355412280824729
0.6775747955841369
0.9139127865212422
-1.0
0.5940225652424664
0.874144188706251
0.6302037599578086
0.6479698375186904
0.8768979632210625
0.936187695159924
0.7238062496786565
0.9176377739742974
0.4476370186694999
0.7327147020955678
0.7376825536849594
0.9431649524236783
0.7980638675334962
0.8387140213237356
0.8060563868818136
0.8909269867179056
0.816624212307713
0.8093708522518991
0.7353060480696584
0.8958560158508674
0.6240471981759144
0.7408870896866002
0.9645218578022982
0.7593150765245362
0.7649383603797072
0.3878583112111392
0.704943228387281
0.6531133029121668
0.8215936285404216
0.7137477475929414
0.9244521116281275
0.8117097526448548
0.8377404932111904
0.9480071348479373
0.6619000054359414
0.6976429769546765
0.9299972432583528
0.702287697031744
0.9897961004989667
0.84117360364279
0.702521274548973
0.7945854900935784
0.7362088533053215
0.6642339714294323
0.8910167208305972
0.9330232976280626
0.7481558190668123
0.7010912401068734
0.6891853486334678
0.8576602979943437
0.8134626045821783
0.8356309846261603
0.8291513114515703
0.8182990078454058
0.9204587696106744
0.8090228564788269
0.9453641340785036
0.8654596261730052
0.7211870581244136
0.5595595034398341
1.000000000001961
0.8480786622588639
0.5147269361378338
0.853051172626494
0.5626682801914558
0.8318499280753753
0.7993740233634342
0.7885224198809795
0.6589036464671687
0.7578893747104933
0.664533442299983
0.8006013606496681
-1.0
0.6831156643435614
0.9299972432583528
0.8148076133703899
0.8827798951325241
0.6832078811311826
0.7155646467697241
0.760964162292372
0.8824735094324934
0.8190775884389683
0.7344569764283925
-1.0
0.7181230967508644
0.7023955892128417
0.8829141601034396
0.7585400472989939
0.866380266463611
0.9646383945084932
0.7955841371521284
0.8178247462064752
0.721260745841786
0.8447576085157289
0.8531133379139255
0.8246856310934406
0.5556951006891164
0.6489200249002666
0.8868887747036973
0.9058323365455007
0.8111119454738052
0.5933269977587619
0.7554794859606438
0.824380599172904
0.8593727877073511
0.8089903841379724
0.611096264040573
0.9066132840236544
0.9583176195957429
0.5978102614425946
0.8411905982468904
0.8223572445923625
0.8614021590839619
0.7866108256731437
0.8539995761178151
0.6269036897874927
0.8379447691604852
0.7194519945464111
0.9834948380113371
0.8915104797481231
0.8238312627458615
0.8567856571766103
0.9294945078700613
0.716426635296738
0.6835903767470689
0.6789324425470868
0.9699788987870197
0.8418998067181276
0.924553336275012
0.6826820982491353
0.5648722651577893
0.7498893979559504
0.8658502384134298
0.6840508164119198
0.5344512466875656
0.4762688568767219
0.924358294193216
0.7101415196044468
0.8281859730150569
0.6808374294718855
0.9999999999988105
0.8179462059470338
0.8141370798765506
0.7464616975902072
0.755010384094338
0.8300609411465657
0.8413967344798298
0.6567554621768048
0.8104564119618703
0.8047507473049609
0.6570695265511632
0.7015549885940694
0.9481435141823873
0.7820992554827533
0.7941919845872626
0.744945922964608
0.672629503671491
0.849633494870532
-1.0
0.9999999999999671
0.6596368229583973
0.8357542422978453
0.5583862030622136
0.7961202259444664
0.845716573595863
0.8613190522297957
0.4379303556415188
0.7643596128025099
-1.0
0.9023422392865362
0.49873942855179876
0.8657727920647124
0.9999999999999929
0.9145301297979022
0.7219462657673538
0.8851589609475697
0.7092915991918313
0.6694779518196832
0.9573533753430046
0.5071166036552178
0.5372869487203789
0.8439328749545959
1.0000000000010263
0.8121201032837976
0.5345851934338084
0.7783581422541331
0.8508018062395731
0.7062887297772292
0.730105276073666
0.6747539006854577
1.0000000000006901
0.7807948475739078
0.3506227440458168
