0.8215625027977864
0.7507936507936508
0.709126984126984
0.8333333333333334
0.6837416144403465
0.7983193277310924
0.646031746031746
0.586574418753186
0.6821548821548822
0.8452575533812401
0.8156565656565656
0.5968222943544395
0.5333333333333333
0.8940588076730899
0.7763638779494682
0.7247694520461558
0.48916654045950975
0.8532854403588035
0.6948866530285421
0.6166324903167008
0.6949404761904762
0.6473499346703835
0.8139019422852716
0.6984340624634804
0.8571428571428571
0.545900928916515
0.5692557011584094
0.5530346234576935
0.8888888888888888
0.5803921568627451
0.8023163030887368
0.7331567468459395
0.7023269977500679
0.7292265674498473
0.43361991914198267
0.6788836829336741
0.6047493468644054
0.8801734025042759
0.5903715500650872
0.8546149954191008
0.5635928327609052
0.6973047565457707
1.0
0.6063109741948921
0.7348148148148148
0.7410712948634237
1.0
0.49300829676040564
0.8320608234878547
0.7514814814814816
0.6416666666666667
0.8427034297767927
0.713015873015873
0.7414916405868701
0.5336469754190389
0.7845023715757345
0.7579365079365079
0.3941798941798942
0.5966048990707191
0.7821005017516744
0.635993135993136
0.8842314202043884
0.7891156462585035
0.6916340888856514
0.8771929824561402
0.694058281388673
0.7427947043800078
0.725
0.6771929824561403
0.7979907559953803
0.7792113662847293
0.7158730158730159
0.850772906809856
0.6153548499258138
0.7141405944226412
0.7817534908296789
0.5694444444444445
0.6095350268762008
0.525
0.8898146044695533
0.7975459572812463
0.7495039234665484
0.7456324416086278
0.8102028630827222
0.6832922737094602
1.0
0.8110258082773707
0.7834821428571429
0.7102564102564103
0.8801734025042759
0.6624347612157205
0.7787598204264872
0.3520524796070206
0.6625
0.6295882936507937
1.0
0.8080808080808081
0.6452107279693486
1.0
0.8661932547866846
0.700450172022005
0.7335899629768381
0.7236156410751029
0.7816614607114518
0.9629629629629629
1.0
0.6958333333333334
0.5578018015451404
0.8292603010510046
0.839117288987917
0.612037037037037
0.5689212924364371
0.8029291364530032
0.7810985724106881
0.7806031731999634
0.6092503987240829
0.7258651602555538
0.8571428571428572
0.7847898416845692
0.3828181056218729
0.1875550804452539
0.4625407380076725
0.5713725442988449
0.6505303431192839
0.8369301592610325
0.5815154621255066
0.6803643795382849
0.7732447126403588
0.7836829836829837
0.6566614607114518
0.7888597763844681
0.8252796141930177
0.42407919954613404
0.6583333333333334
0.7967032967032966
0.5729396595853415
0.6228070175438597
0.6819226750261234
0.5626676501518462
0.7098809270620038
0.7769239895504657
0.6956873697258507
0.6732804232804233
0.7426538769098473
0.7681818181818182
0.9655172413793104
0.654725503066677
1.0
0.8221430481370137
0.6897692405620357
0.8057471264367816
0.03632554684761034
0.6576462707910951
1.0
0.7075220279320458
0.8233281273781184
0.6336968439975739
1.0
0.8237626168970414
0.484313577011188
0.7206349206349206
0.5670790879316892
0.9271720968461673
0.825784694579063
0.5036979193090205
0.6710743801652893
0.4840220661572221
0.6730813775924832
0.7974506223212504
0.7040702763142942
0.44794001774224484
0.03632554684761034
0.814237488255166
0.7547388433978988
0.8559181323272153
0.7984352004398247
0.47485380116959064
0.5121112885691949
0.7123504093290159
0.8381405435538702
0.7863491342308309
0.7787598204264872
0.4939759397501173
0.9629629629629631
0.4648061382227901
0.5795729811166467
0.9271720968461673
0.8058032333877428
0.6846511266034991
0.5803921568627451
0.5212123272408347
0.6623860152015761
0.8049886621315193
0.6295019995192479
0.7612142439551963
0.6416666666666667
0.8214285714285714
0.8902464310267203
0.7991130820399114
0.8094559823465278
0.37662337662337664
0.5460906562171324
0.36474108094104535
0.7217870195265207
1.0
0.7525608488420932
0.8476414248699893
0.8139019422852716
0.6086646732911178
0.7544428887275938
0.49230769230769234
0.8771929824561402
0.8320608234878547
0.47855991562641664
0.6014835657715082
1.0
0.7904767268143285
0.4467602412633662
0.5670790879316892
0.7503163503163501
0.6153846153846154
0.7108189068551677
0.7325786446070985
0.4296662241693491
0.705026455026455
0.7517217669793282
0.8369301592610325
1.0
0.9012345679012346
0.6961603491836237
0.5750000000000001
0.868909774323101
0.6761904761904762
0.7460790468080001
0.5501612164107643
0.6521760322385212
0.03790491844968036
0.7646585403488003
0.9230769230769231
0.6416666666666667
0.887218045112782
0.7613053613053613
0.7460556700733477
0.6455600841302064
0.5600227104681829
0.8340000000000001
0.9285714285714286
0.8369301592610325
0.738517101841715
0.9287749287749287
0.6256509671011197
0.770927539309358
0.7307368225153968
0.8385185185185186
0.7444394863918589
1.0
0.7333333333333333
0.7924388795122426
0.654320987654321
0.9411764705882353
0.727743271221532
0.7293963344975155
0.7705903405135313
0.7004905093268977
0.746572837968564
0.7082263606107766
0.6666666666666666
0.8435786435786435
0.6729134664618535
0.48607583058655
0.6904761904761904
0.47962506694551577
0.746572837968564
0.7417939837463562
0.7508366326488645
0.7146367290796964
0.7428571428571428
0.39999999999999997
0.6944444444444444
0.9333333333333333
0.719200760713561
0.6780430790389981
0.7515052679322991
0.8571428571428571
0.7638528138528138
0.8111109963773321
0.8471306471306471
0.831283422459893
0.9271720968461673
0.6574915725927536
1.0
0.5928571428571427
0.7711598746081505
0.6504628577903322
0.7600311915322332
0.03632554684761034
0.9210526315789473
0.7260408303598082
0.6956521739130435
0.7595966266560834
0.6396825396825397
0.4516109467331536
0.40178690762224506
0.7119769209917691
0.6636591478696741
0.9285714285714286
0.33629331725712674
0.8260869565217391
0.8571428571428571
0.5416666666666667
0.7953946607524063
0.709195501376578
0.7407407407407407
0.5816453587194262
0.7936507936507937
0.7535014005602241
0.692244589496152
0.8627450980392157
0.6607111914963731
0.4772449068008711
0.8672800256725168
0.6887795106822189
0.9548872180451128
0.6989795918367346
0.5470085470085471
0.8186625019024949
0.7046718703688931
0.7903491751885589
0.5224482186305572
0.5820974062563457
0.6037296678308488
0.7492481203007518
0.6960784313725491
0.8386297163313824
0.03487252497370593
0.43537915025753554
0.770887539440431
0.6718559218559219
0.6539685687604262
0.5938588757615839
0.7038685122363709
0.6448227670011188
0.7967032967032966
0.7258297258297258
0.6894179795191604
0.8545297683536595
0.8366013071895424
0.8196333078686019
0.47672043773558237
0.7327809031530139
0.7803921568627451
0.8320563270918218
0.6041011812276257
0.7916666666666666
0.6249251179296474
0.6876543209876543
0.7765376984126985
0.9365079365079365
0.6210884353741496
0.7929610888841749
0.7272401433691756
0.6794871794871794
0.7789620152667677
0.7430310166009939
0.6403508771929826
0.8162008115063621
0.667777525363464
0.8304137306149011
0.3655482810945657
0.732534724487097
0.6846510064062068
0.7379984972744085
0.6456509671011197
0.4752777777777778
0.8351313857278021
0.7623701045511814
0.7991922423829155
0.6217724743989506
0.8659297052154196
0.746572837968564
0.5816453587194262
0.8576160727874964
0.6221155718960415
0.6256509671011197
0.5412880976933869
0.9789473684210527
0.7024450999371366
0.5584095172331937
0.7085078516374306
0.8355555555555556
0.75
0.5760523402201396
0.7623701045511814
0.7171300790422601
0.7679666173769463
0.7402131111340154
0.5795729811166467
0.8422619047619048
0.7432064943993268
0.840965175380006
0.5938588757615839
0.57489400455426
0.7058946566122875
0.7549314375258486
0.8185646783415522
0.5193835274835097
0.7587379072659233
0.7891156462585035
0.7234126984126984
0.6403508771929826
0.801589087516008
1.0
0.8888888888888888
0.5816453587194262
0.7394546862881721
0.7657216856487448
0.7654764188759899
0.8355555555555556
0.8444292596006833
0.5193835274835097
0.5305255424282507
0.5212301587301588
0.801589087516008
0.8571428571428571
0.5504503801108129
0.8865431879022653
0.7267676767676767
0.7376214152059247
0.7891156462585035
0.8888888888888888
0.5415312955405441
0.792008184080706
0.6181640879670969
0.649969078540507
0.5957951918136889
0.7146091801467724
0.7949827949827949
0.5461654791810652
0.7600004402115339
0.7222222222222223
0.6153846153846154
0.6534548051412764
0.7731314741885343
0.5496025772692354
0.6217724743989506
0.6638119843011081
0.7876380048165699
0.6545454545454545
0.7994236739181885
0.8602684595453789
0.7445357858716374
0.7224489795918367
0.6403508771929826
0.709126984126984
0.88
0.7060082234479479
0.7449683825587227
0.6846510064062068
0.5307922420413882
0.5120631438298023
0.7046574115539633
0.6545454545454545
0.4814756970867983
0.7787598204264872
0.719277839754862
0.8338035741464211
0.4814756970867983
0.8240165455165404
0.7992223848270318
0.7611094726881886
0.8754010695187165
0.5977296678308488
0.6634355160560579
0.5387875630075842
0.6727272727272727
0.8545296167247387
0.44799856918884867
0.7191743236342715
0.782797329715785
0.7267676767676767
0.8868686868686868
0.7888886594213308
0.6383333333333334
0.6621663470852707
0.7037037037037037
0.5
0.7559845559845559
0.8212631978080653
0.5692713780770096
0.7915874926823322
0.7651104722733096
0.7478026494815097
0.7888198757763975
0.7060249118915061
0.7064668298718045
0.5623211010544226
0.6410704190287225
0.5644836997880323
0.6314305447402366
0.523393689317623
0.7161172161172161
1.0
0.8431402389267968
0.8154700988514205
0.5961549869380822
0.6354870893892662
0.6645502645502646
0.8181949090931531
0.8047973531844499
0.7738095238095237
0.8545454545454546
0.6835125448028673
0.8476414248699893
0.5326146713526813
0.45091724933390115
0.6181273761579518
0.7221895839471564
0.7023269977500679
0.6568725224836237
0.5425412370113718
0.7457514855079199
0.721553778020569
0.4479166666666667
0.7486326593144407
0.5402597402597402
0.5855379188712522
0.7917229644131001
0.7390340423157346
0.7425044091710759
0.7362582527751473
0.7679170396662229
0.853030303030303
0.6803033196952087
0.597030322291184
0.6748825647372427
0.8775193798449613
0.6705919653251626
0.7596774193548387
0.5321053669950538
0.8001436169449051
0.03632554684761034
0.4011424392624294
0.7313333333333333
0.6486111111111111
0.716660159222648
0.8555429864253393
0.8174207521285325
0.7346938775510203
0.6547619047619048
0.5441468253968254
0.9166666666666667
0.5560314470249551
0.7908515116586355
0.8265800865800865
0.7413194444444445
0.8627450980392157
0.8913043478260869
0.721553778020569
0.7427475040696512
0.6348509233525585
0.7325833789433792
0.6314212924364371
0.693028427115036
0.8113129799405063
0.5461471502503178
0.7359126984126985
0.6271922090949172
0.6455264488095441
0.618031125737789
0.8898146044695533
0.704923371085542
0.8541666666666666
0.6538818017800554
0.6214894336677856
0.7920939200115887
0.7622900636409979
0.5384615384615384
0.8333333333333334
0.6256509671011197
0.9797903770419395
0.6555555555555554
0.5758045163780474
0.6787556862838112
0.6279765185562075
0.551234390242357
0.9333333333333333
0.6956521739130435
0.7384848484848485
0.5261773321810933
0.5350017291029101
0.6835859419784331
0.7471078418050854
0.7375569208319164
0.7311186583953622
0.7869047619047619
0.8775193798449613
0.7327809031530139
1.0
0.8145124716553288
0.686448313698298
0.4648061382227901
1.0
0.760156666335521
0.5744430356921817
0.7306157856162421
0.599934972066873
0.7182506520206806
0.7551867810210089
0.7705903405135313
0.514274765734993
0.5884403096726127
0.8
0.672780903153014
0.9090909090909091
0.5247646914405423
1.0
0.6787301587301587
0.7787598204264872
0.6322773745279396
0.6395382395382395
0.5687969923508309
0.8322729084621011
0.8714418318738844
0.7453215832196832
1.0
0.7325786446070985
0.6217724743989506
0.850772906809856
0.5518747078293208
0.8987274901545212
1.0
0.6820057323611218
0.8356322520592832
0.6827635327635329
0.7160919135832785
0.8186119367793765
0.74118507564621
0.44703264558648415
0.5963384811297208
0.8387604486179356
0.6986537538375
0.7416666666666667
0.5648670987637054
0.7613053613053613
0.7386759581881532
0.8369301592610325
0.6866309945887826
0.6727272727272727
0.7704666326928018
0.8818027210884354
0.5791667639580036
0.7445357858716374
0.840240476891988
0.7923853923853924
0.7782050311226997
0.8058469779801992
0.5914542082895099
0.7888888888888889
0.6019980745082953
0.9380116959064327
0.7721802170589996
0.7604166666666667
0.7596525096525096
0.8642973448595019
0.5029599839237935
0.4587719298245614
0.7407407407407407
0.9019933554817275
0.6909688013136289
0.7971638103054353
0.642944600951322
0.5608465608465608
0.5304407185879444
0.8108274835449422
0.5226994522554165
0.6525647544408087
0.6001267055400323
0.8245630044184781
0.7544428887275938
1.0
0.5962148288335772
0.7857142857142857
0.792451351915096
0.682749766573296
0.7916666666666666
0.7363587889432984
0.7385660647618061
0.868909774323101
0.6749735178288487
0.6923400673400673
0.6491596753571519
0.7474643437033239
0.7652173913043478
0.6956521739130435
0.675925925925926
0.683823856642459
0.6609523809523811
0.510771462403032
0.6677504481158486
0.03632554684761034
0.5333333333333333
0.471840992693594
0.6334816108946784
0.5120631438298023
0.8627450980392157
0.6338624338624338
0.7953537014513693
0.7275019244805311
0.868909774323101
1.0
0.7857142857142857
0.5019234769465983
0.8507653061224489
1.0
0.8541666666666666
0.6380902800426524
0.850772906809856
0.7787114845938374
0.5472984061220825
0.8611111111111112
0.5149480739653821
0.5193835274835097
0.6623991317636867
1.0
0.7208441510424298
0.46895424836601307
0.8029011719557915
0.8108779908372383
0.7509257155806645
0.5555555555555555
0.5703877748988805
1.0
0.7335335853301956
0.3523660782231957
