0.8202039153610928
0.7416785279563128
0.653221908099545
0.8062587105580582
0.6976852434371809
0.7795825448877512
0.646291884237509
0.6172690106554017
0.7131624045009892
0.8882486356703755
0.8305205309552622
0.5935887528853218
0.39999999999999997
0.9163948005032718
0.8182621391330442
0.7545595668841405
0.6633147944623915
0.8626502089319742
0.7264353707437614
0.6474902482033261
0.7166032364583789
0.5070429036670703
0.8494410883366906
0.7117349241627452
0.8717948717948718
0.540239154681042
0.38617004489563495
0.5688773201514119
0.9152542372881357
0.5145846836598168
0.8280818794864168
0.7319622478231661
0.7596234293234186
0.8040881280727692
0.402503069897849
0.727858095147602
0.6214288939249283
0.8784138610881357
0.5625075001336003
0.8358255481016464
0.4912598730137308
0.7541661469877619
1.0
0.553946967285385
0.7602379003208376
0.7229758274718292
1.0
0.4541599733438119
0.8177654222926125
0.7719298245614035
0.588573358105145
0.8659972266900786
0.7141643264840027
0.6531696451220178
0.44802924670346367
0.7885595143535907
0.7604044160112289
0.3
0.6160267200021701
0.82975546361763
0.5199526664750319
0.9016234767698139
0.8058310109741158
0.7296207630629217
0.8902439024390244
0.7804058969495091
0.7403118799275342
0.7679267169758953
0.7173679590862639
0.8018910467954972
0.8011178896443054
0.7592592592592593
0.8884513371117628
0.579936433011896
0.6698155303761605
0.8045108061300125
0.6292134831460674
0.585884231674819
0.5187450821180501
0.8650791075137387
0.8127784761460278
0.7756207612101625
0.7888356756692625
0.8139127762435255
0.6807716617780978
1.0
0.8463362121055774
0.7506827429368307
0.6989733850175727
0.8784138610881357
0.7173034128398227
0.7030091995723298
0.3017961213530428
0.6050240818531891
0.6042485200583578
1.0
0.6270460825331946
0.6815473099349917
1.0
0.8584282423428158
0.7443728442962408
0.7450521023583925
0.7223906283996326
0.7704588631677151
0.9739130434782608
1.0
0.708500724793838
0.5334510350563932
0.80385682349687
0.8950156350120377
0.49734452924328304
0.5592722009799875
0.8024798466354228
0.7895844264330738
0.7938793413814009
0.5838655446459018
0.6909686818979343
0.8035226184792407
0.7860045555934384
0.2570280303143343
0.09272049454749709
0.4071973079977855
0.4436511628496379
0.6660161486653444
0.862591076278009
0.6317803563674241
0.7029048639050808
0.7978883838873335
0.7834190244248508
0.6470294004437707
0.7888167608581179
0.8104165769969381
0.4071973079977855
0.6369705867216805
0.8145083820724895
0.5737369874917644
0.6637643797541404
0.7224011018304103
0.57236269100523
0.7493140505544527
0.809568364265763
0.7311753740022234
0.6789315127521129
0.7826568476473591
0.6800350427235609
0.9666361714886565
0.600902596751188
1.0
0.8254177623624578
0.7319782574849809
0.8032786885245902
0.08577579530569052
0.644484360266401
1.0
0.758418583397154
0.8674919058826583
0.6540927317235536
1.0
0.8096335553905161
0.5117654214227196
0.6989533699424822
0.6149215855648476
0.9407868507849866
0.8441513325514306
0.41867757735405975
0.5116279069767441
0.4607968134657584
0.6855100027350813
0.8590893306185501
0.701150555118692
0.5468535666200158
0.08487761943861521
0.8163889343704607
0.8416565786708595
0.8736067728150987
0.7990756398651028
0.6488532796616453
0.40327368158763927
0.754849764988498
0.7478732757421013
0.7602227743681612
0.7030091995723299
0.4418559298446431
0.9066666666666667
0.4048724354515522
0.5421147837589979
0.9407868507849866
0.721396846601718
0.7071803083536359
0.5145846836598168
0.4442837882778332
0.6925373419735354
0.7093023255813955
0.6218379383415987
0.7507404408547382
0.588573358105145
0.7620768889710622
0.8708781541490827
0.822435177002389
0.8225246260266572
0.3138357478795822
0.672667798586677
0.3259027883471933
0.7514913561368176
1.0
0.7814553855625791
0.8212849336728355
0.8494410883366906
0.629203680220194
0.7397890677746001
0.5
0.9085796813465759
0.8177654222926125
0.47330555328805685
0.6572050588399062
1.0
0.8118651865350505
0.36834542007332544
0.6149215855648476
0.7115424838924785
0.625
0.7873531313253885
0.7651031319892819
0.36834542007332544
0.6789315127521129
0.8573749381158887
0.862591076278009
1.0
0.907563025210084
0.6793682766244453
0.49734452924328304
0.8717402268313734
0.6659822703624263
0.7364392217782398
0.5421147837589979
0.6704999126413556
0.08261723434681541
0.8207903593088578
0.867503221638627
0.588573358105145
0.9066666666666667
0.8076963300463247
0.7429667611716582
0.5985222613599315
0.550377420813814
0.857078139028152
0.8
0.862591076278009
0.7076336069675667
0.8698267285855832
0.6974407873874671
0.7790366381872139
0.7813908253273899
0.8368355467377885
0.7602993168287284
1.0
0.7537218918600151
0.7885595143535907
0.4560850500036412
0.932219668129819
0.7325666352352884
0.640025664765818
0.780114639563078
0.6767548598826034
0.7663788111275676
0.7579025400445323
0.7257357817525351
0.8655492126332153
0.6868193474172584
0.5024500500444846
0.6938775510204082
0.4276299565749337
0.7663788111275676
0.7639984901718176
0.7491350958040381
0.7575372429109677
0.7516214499898368
0.24
0.6687334242808043
0.9294117647058824
0.7378367867382946
0.709185167046792
0.7069099886529846
0.8936170212765957
0.6942880963359072
0.8075826125132571
0.5822265970745181
0.8295692605280061
0.9407868507849866
0.5914331818252642
1.0
0.45469205896064646
0.8068689024686635
0.629454118499671
0.7778583795444652
0.08487761943861521
0.9446971090734112
0.7403407008920126
0.7274726206286366
0.8729577108816742
0.5629721052425722
0.3538144288189919
0.34317381143736936
0.729841199128543
0.560266888370223
0.8
0.311026637542313
0.83016248473009
0.9194152231673319
0.39999999999999997
0.7636295410904174
0.681314712641478
0.7781746135572526
0.5707285346581745
0.8175884620540226
0.792300946047819
0.7455476319044813
0.9191083346016633
0.7029936400549812
0.30372472490706537
0.8433406805153191
0.6348980495388694
0.9485968587283158
0.7365488441767324
0.5656565656565656
0.8185232672209126
0.7348324088290182
0.8298270888193678
0.4201825553079105
0.5375220944055908
0.5742798229000474
0.7511019701552851
0.6966045156417775
0.8671741301541723
0.08146545383304277
0.4242765431917436
0.7749412165060873
0.6168555085244011
0.6073986156535431
0.4590019666882541
0.7213038071732583
0.5911062355973342
0.8145083820724895
0.7671982126289268
0.7327042014551319
0.8450671582515047
0.7169327151967881
0.8295692605280061
0.46544015914820613
0.7430131789557973
0.7682019245403807
0.8698480814817743
0.6244801621036359
0.8046917213373626
0.5832786718029228
0.7543709851792721
0.7574143528005217
0.9066666666666667
0.575778775969043
0.8051830931736527
0.7553648068669528
0.6734693877551019
0.7370397369100322
0.7104159180035371
0.6362146525884298
0.8366703604035466
0.706718052748214
0.8501427946036622
0.3736069315632819
0.7580781991007388
0.6590766119296902
0.7320669881118478
0.6884913743765801
0.6209456117192089
0.7876377466488963
0.734293418793706
0.8033227795209869
0.6113838655045885
0.8543320444223326
0.7663788111275676
0.5707285346581745
0.8839843220057271
0.5904648566711314
0.6974407873874671
0.4659339504071451
0.825140068604859
0.7275467822654329
0.5789368483732946
0.7233233304349076
0.7728173177299598
0.7746032643090573
0.6541734883043794
0.734293418793706
0.7649264706198067
0.7862576355097038
0.7487831893636919
0.5421147837589979
0.8867259612170164
0.7487752152322114
0.8280660411463584
0.4590019666882541
0.5846373687141968
0.7084323919147095
0.7607244803525527
0.811883627041005
0.4810076616798735
0.7288533267545024
0.8058310109741158
0.6565574924464935
0.6305616418749004
0.8479707377034013
1.0
0.9195598600481197
0.5707285346581745
0.7520729264343253
0.7874836560651438
0.7731490663537547
0.7728173177299598
0.8383118875171417
0.4810076616798735
0.3555536908261851
0.6267933407591781
0.8479707377034013
0.9191083346016633
0.5258940819180534
0.8714931220942513
0.7459070893071742
0.7540530105788423
0.8058310109741157
0.8717948717948718
0.5098303186058095
0.8271814408608892
0.6400186955408039
0.6582869642700179
0.5558332713634653
0.7334778202212071
0.7685347149834567
0.5486875021641624
0.7646583233944177
0.7754439063878374
0.625
0.6776515674764633
0.7426657711940357
0.3986019215333729
0.6239047241009122
0.7164177860218569
0.7879208030106626
0.6081255225556875
0.8109725476546578
0.8411412575213076
0.7524957071855595
0.729373650325046
0.6362146525884298
0.653221908099545
0.9132540435899474
0.7172044158079262
0.7234123915197391
0.6590766119296902
0.42420203848860377
0.4558462841961945
0.6722243065318078
0.6081255225556874
0.41867757735405975
0.7030091995723299
0.7643996041897979
0.8444391050031984
0.4112843668849843
0.8591751159183347
0.8254999692407733
0.7543584463322549
0.877446600977713
0.4751451950629694
0.6440704548427588
0.6088872452108279
0.6204110664469309
0.8358966835546354
0.3769538527203268
0.7330540570607799
0.8376102262830195
0.7459070893071742
0.8868684636665873
0.7569237196035639
0.5801358889389922
0.7025852163945557
0.7255190549097087
0.40412599367411245
0.7628379384389614
0.8034910563852785
0.4579761703973813
0.8118471780544481
0.8015336087255434
0.7678821771866523
0.6806297744497161
0.7288887782996194
0.6383232352388494
0.6167692164472803
0.6045463483613467
0.5648848360706782
0.5960939412803087
0.5769232166722712
0.7391613397013702
1.0
0.8165186638692231
0.8071398519629642
0.6400848612299592
0.6459363070694105
0.6975361994414102
0.799305889953227
0.8203289093928418
0.7378640776699028
0.8791513575853747
0.6890756302521008
0.8212849336728355
0.4354833835201742
0.4134936028181925
0.5695686568088505
0.5489580612132239
0.7596234293234186
0.6468547099401664
0.49213598276866144
0.7984246368117903
0.6880672568710426
0.41607483813416635
0.7783545186323148
0.45427936870953367
0.5668547099401664
0.8292781629644612
0.7730614488198535
0.7534007673665594
0.7739750090561577
0.6731091660593681
0.8499537313245088
0.6701584270829687
0.46098657981798413
0.6521337920464731
0.8629103430825044
0.5972725002821812
0.8007650954655771
0.4927720716860907
0.786164193496905
0.08487761943861521
0.24384049573898386
0.6653738116560205
0.7202749331450232
0.6522318248238219
0.849153614746515
0.8298090328179142
0.7745071352402723
0.5906280780628653
0.47335414865877995
0.8857084926830677
0.5422009987526872
0.8617364964323525
0.8275120808600634
0.7659859525077617
0.9191083346016633
0.9111090695600463
0.6880672568710426
0.8259354260219628
0.6072336415171785
0.693416962065681
0.5796056719470088
0.75237117190184
0.8351613878418453
0.5334691088349517
0.4933097210857472
0.4590019666882541
0.6397849213599405
0.573096827682093
0.8650791075137387
0.7392940198473802
0.8893122018672223
0.6734943917714455
0.5087581534190918
0.8018985072350627
0.7876770172924471
0.588235294117647
0.7894736842105263
0.6974407873874671
0.9892325779321809
0.6075590700036883
0.6219787139317378
0.6746675651442623
0.6010215146537906
0.514819329265727
0.9294117647058824
0.7274726206286366
0.7322914300282475
0.5528454516451695
0.42732958942123944
0.7241886870332456
0.7527970190728215
0.7551206099266627
0.7491203577153631
0.7468354430379748
0.8645620256959681
0.7430131789557973
1.0
0.7346457303587981
0.6046193060656442
0.4048724354515522
1.0
0.78123232770573
0.422565286015029
0.7502678458940096
0.5461382757153215
0.7461212419618454
0.7867408265435343
0.7722948616115591
0.539031406832193
0.5729588026445042
0.7871420840220529
0.6691125788383213
0.875
0.46205611705776944
1.0
0.6341133889007976
0.7030091995723299
0.6412894187741467
0.7130912041341545
0.5582187285841501
0.8641710441203528
0.867838908553245
0.7888333705139038
1.0
0.7651031319892819
0.6113838655045885
0.8884513371117628
0.5544200068965668
0.8934907285858289
1.0
0.6145459320420587
0.7895284685500271
0.5833333333333334
0.758529782053405
0.8248884628437055
0.7883712221042523
0.4460722755126883
0.5872836748724116
0.8771478849856589
0.7478441340678241
0.6250041037113683
0.5421147837589979
0.8076963300463247
0.7462777192473736
0.862591076278009
0.7752285834026234
0.6204110664469309
0.7821579272714096
0.9049649558147377
0.508703199938426
0.7524957071855595
0.7131529521089727
0.7814553855625791
0.7682280035802453
0.7079059808969217
0.6532446029981415
0.742716654792196
0.5759671074943543
0.8935673627353259
0.7930993054673758
0.7185002842022816
0.7628379384389614
0.8515801239840176
0.45585010400793113
0.6443998952748854
0.7781746135572526
0.9255925523444234
0.6810839574071258
0.7758066116250724
0.7656591984392742
0.6168977853255678
0.5357523879937821
0.787097988834489
0.3669216365794091
0.5246705796062519
0.6663635095977495
0.8108388179540787
0.7397890677746001
1.0
0.4440170778596537
0.6601941747572816
0.8106955333013449
0.5516088918902262
0.8046917213373626
0.7540530105788423
0.7584892961081144
0.8717402268313734
0.7370919849197339
0.6219281184912487
0.5744975962309798
0.7713014629316508
0.7717933283466475
0.7274726206286366
0.6568709724776643
0.6717026476459714
0.6433318445400312
0.5018645302365455
0.7010121501146968
0.08487761943861521
0.39999999999999997
0.515967186171166
0.6585974824965298
0.4558462841961945
0.9191083346016633
0.6443544483235454
0.792396739610908
0.7486166329722692
0.8717402268313734
1.0
0.819880188667922
0.45427936870953367
0.8393194954089778
1.0
0.8893122018672223
0.5724952424942552
0.8890233815368307
0.7739347533707552
0.6219690892742596
0.9229143700746868
0.4925430149725383
0.4810076616798735
0.6460832030798159
1.0
0.73599125420641
0.4190319112357045
0.7900165812536845
0.7830858308396786
0.6977548444799571
0.6135834727700384
0.5917600027350813
1.0
0.8063042611660892
0.35997917617914066
