0.7921507380919041
0.7
0.6
0.7777777777777778
0.6484565268768752
0.7333272086801393
0.5517241379310345
0.524074418753186
0.5801314485211215
0.8335193825574151
0.7777777777777778
0.5386212361533812
0.5
0.8940588076730899
0.7485861001716904
0.6792090902728153
0.46955239469043153
0.8321214191947822
0.605946369971627
0.5296952630883558
0.625
0.49390582317864445
0.7930686089519382
0.6524236804825164
0.8571428571428571
0.4480502345515808
0.26625230483709406
0.4819527902400435
0.8888888888888888
0.474365294039927
0.7695779637535619
0.6608225209642251
0.6333293287523988
0.690630076221777
0.3241856163018903
0.646656254756237
0.5226904635560586
0.7943526457786116
0.5012262204427389
0.822725572256123
0.4334609303624156
0.6821532413942557
1.0
0.47696040348923385
0.6666666666666666
0.6561183168069974
1.0
0.3525730802158149
0.7970556175326399
0.6666666666666666
0.5333333333333333
0.8321214191947822
0.6671110101453855
0.5936458355982082
0.4051485988314998
0.7591005881263237
0.7043208474241466
0.3333333333333333
0.5365909288245639
0.7265449461961189
0.4665194600480914
0.8774746634476316
0.7619047619047619
0.6124596346853909
0.8421052631578947
0.682011570670626
0.6841366277918387
0.6822187515854122
0.631578947368421
0.7109917675595459
0.736883323956687
0.6428571428571429
0.850772906809856
0.5143444382467023
0.588028848592942
0.7388963479725361
0.5
0.5489426548782398
0.43487144804152245
0.8898146044695533
0.7395393470940297
0.7247381980101885
0.6869465058955558
0.7461149404587812
0.6313918814327468
1.0
0.7825524202858875
0.75
0.6211568134528355
0.7943526457786116
0.6316829642475684
0.6955130427481102
0.22880211885665983
0.5714285714285714
0.5350259279127567
1.0
0.584401931636999
0.5696287851539994
1.0
0.8161889164906722
0.673780530523787
0.6783893213910085
0.6595451735745915
0.7233281273781185
0.9629629629629629
1.0
0.6233281273781185
0.43894055607138566
0.7815209509369586
0.8661855886326886
0.506253214573905
0.47875777121271884
0.7557929944409936
0.7560985724106881
0.719653207419181
0.5508717130295985
0.5923623915761633
0.8
0.7613980288190721
0.18224770289325665
0.07417639563799767
0.33927484047014117
0.4107337683904584
0.5974055528586768
0.7402985917245577
0.5338964145064591
0.6317727194017884
0.7296612861106009
0.7247278241149151
0.6233281273781185
0.7439507558656916
0.7350375050997963
0.33927484047014117
0.6233281273781185
0.7692307692307693
0.4817882729308942
0.5263157894736842
0.6385943023953786
0.5121618724040508
0.6689840581244304
0.7435906562171324
0.6756355390476272
0.596703454582911
0.6691469336849506
0.6589070931297886
0.9655172413793104
0.5435413598310453
1.0
0.7805987038277369
0.6708979182423629
0.7586206896551724
0.03632554684761034
0.5369586036564226
1.0
0.678332446106261
0.8233281273781184
0.5207363864881066
1.0
0.7754544764006784
0.42403222352210407
0.6922349597187688
0.5486203973453954
0.9271720968461673
0.825784694579063
0.3628206970133961
0.5454545454545454
0.36863745077260673
0.6129803674914731
0.8016694596004305
0.6212464642481513
0.402168748298934
0.03632554684761034
0.7977085626353312
0.774494728279958
0.8393892067073804
0.7051400764878726
0.4483807773403149
0.36540163003895304
0.7001175304810808
0.7355764409897677
0.6872053107162012
0.6955130427481102
0.33407414275900466
0.8888888888888888
0.37221354563019743
0.45059554937667656
0.9271720968461673
0.6883789909635005
0.6158630997678448
0.474365294039927
0.39783398034667694
0.612899553950409
0.6666666666666666
0.5083729427563423
0.6521208204475888
0.5333333333333333
0.75
0.8902464310267203
0.7692307692307693
0.7927312436705697
0.25
0.46693753286013934
0.2933125095124739
0.7081815773496499
1.0
0.7247278241149151
0.8000216449597025
0.7930686089519382
0.5187341828141979
0.681844328074346
0.4
0.8421052631578947
0.7970556175326399
0.3957686755482925
0.5751789691879522
1.0
0.7563164341243127
0.2722122924437836
0.5486203973453954
0.6153846153846154
0.5
0.7327724214555402
0.7125663053562731
0.30184234629385875
0.596703454582911
0.7759708562367259
0.7402985917245577
1.0
0.8888888888888888
0.6397693717400146
0.506253214573905
0.868909774323101
0.5714285714285714
0.6187340327730954
0.45059554937667656
0.5291601592226481
0.03790491844968036
0.7302611590989276
0.8461538461538461
0.5333333333333333
0.8888888888888888
0.6923076923076923
0.7067994717262404
0.5304840525716901
0.4594582018730318
0.8
0.75
0.7402985917245577
0.7261244129695136
0.8648648648648649
0.6256509671011197
0.7341965934875031
0.7267705871056614
0.7804878048780488
0.71110119500594
1.0
0.7118516835756427
0.7591005881263237
0.4444444444444444
0.9411764705882353
0.6289809803287987
0.6048788579285506
0.7337427552975156
0.6222770675529291
0.6902080555102288
0.6709683963233953
0.6851840460654799
0.8205128205128205
0.5806451612903226
0.41301484630579455
0.6666666666666666
0.3795080827556155
0.6902080555102288
0.71110119500594
0.6731644957928348
0.7146367290796964
0.6691679524962287
0.3333333333333333
0.5936458355982082
0.9
0.6374156933246171
0.6520460201382887
0.6737274901545213
0.8571428571428571
0.6363636363636364
0.7792880818725915
0.5945945945945946
0.7647058823529411
0.9271720968461673
0.5274472578757009
1.0
0.42857142857142855
0.7586206896551724
0.6115739689014433
0.7044756359766776
0.03632554684761034
0.8888888888888888
0.6789421843249918
0.6956521739130435
0.7306390976985545
0.5306827524379528
0.3055671756893825
0.3598288656642031
0.67143766476801
0.4456085551348616
0.75
0.22584793254010835
0.8051841204115646
0.8571428571428571
0.5
0.6800247718994364
0.5837986759797528
0.6666666666666666
0.4963920618734733
0.7649623808894648
0.7408909302645376
0.6079937018216944
0.8509742675036688
0.5667675207570884
0.245047631536756
0.8281451378004111
0.6359173201179458
0.9444444444444444
0.6428571428571429
0.46153846153846156
0.7494255597262895
0.7046718703688931
0.8016694596004305
0.32004558405896233
0.4278635815514366
0.5489426548782398
0.6438569091463782
0.6395184190789793
0.8386297163313824
0.03487252497370593
0.33281538104636754
0.7150641129569315
0.5645298174474861
0.5350033515891809
0.40386630474901136
0.6595772296937363
0.5345532482566956
0.7692307692307693
0.699537209376593
0.6774409249208563
0.8217596710674331
0.7058823529411765
0.7647058823529411
0.42269860411834426
0.707780903153014
0.7058823529411765
0.7749134699489647
0.5283440558711575
0.7716347820610827
0.5115752232515517
0.6025583868738841
0.6875
0.8888888888888888
0.4819173735309111
0.7044741789686935
0.6451612903225806
0.6153846153846154
0.6912711394487033
0.6668405404105178
0.5296952630883558
0.8036979193090205
0.667777525363464
0.7914710962581414
0.29722743850208944
0.6919415498210062
0.628978466660751
0.7109032709613021
0.6256509671011197
0.42596173847329916
0.7542313965202847
0.6552272474083242
0.7358060576518971
0.5505530848954134
0.8218865421301425
0.6902080555102288
0.4963920618734733
0.832695365748486
0.5176620290978086
0.6256509671011197
0.42269860411834426
0.8333333333333334
0.6678031979713284
0.5256509671011197
0.631517337834482
0.72
0.75
0.5999889870368871
0.6552272474083242
0.6872327748423909
0.6991870755257704
0.6889744039585683
0.45059554937667656
0.8125
0.6995930860822106
0.7991717656900384
0.40386630474901136
0.48301576539795793
0.6862862104116592
0.6740701299045339
0.8047715748932764
0.44665625475623705
0.6713218750223047
0.7619047619047619
0.603210499933938
0.5296952630883558
0.7473033732302937
1.0
0.8888888888888888
0.4963920618734733
0.6871564339925104
0.703852644412713
0.6949206070185007
0.72
0.7832404070511966
0.44665625475623705
0.270532971415678
0.42596173847329916
0.7473033732302937
0.8509742675036688
0.4533511225375959
0.8321214191947822
0.6666666666666666
0.6883789909635004
0.7619047619047619
0.8888888888888888
0.47151105482539024
0.7711748507473727
0.5709418657448746
0.5775438093979771
0.5215387815572786
0.631517337834482
0.7117487096347986
0.45841829116407795
0.7444804842251679
0.709936230788832
0.5
0.5990249157038012
0.6472055482626083
0.35099942938473
0.5551339768805363
0.5804238305218803
0.7309486624129418
0.6519234769465984
0.7195306902937475
0.8089864082633276
0.7280068602518025
0.6666666666666666
0.5296952630883558
0.6
0.88
0.6428252472102846
0.6762865401079073
0.628978466660751
0.37929931469845934
0.41947055123720967
0.623277192237478
0.6519234769465984
0.3628206970133961
0.6955130427481102
0.6970556175326398
0.826660717003564
0.3592534748645761
0.7983628765057944
0.7658866301191799
0.6874102387313519
0.8235294117647058
0.4636116107466902
0.5460118164958135
0.49610774605613356
0.6
0.8058163302178529
0.28755643367919004
0.6760697587953293
0.7467612936797489
0.6666666666666666
0.8571428571428571
0.7888886594213308
0.5572168900598504
0.6410422112093994
0.6666666666666666
0.36363636363636365
0.6612584472314154
0.7821283099359595
0.43446273119786366
0.7462361405887455
0.7398116820636456
0.6749735178288486
0.6312710769333036
0.64828062144265
0.5995589998375436
0.43110416983749134
0.5207043138806997
0.4753532650054234
0.5276687812286329
0.49301522721103513
0.6786298089118556
1.0
0.7677660892669328
0.7531338187806634
0.5544883202714155
0.5586960558740169
0.5644375031708246
0.7699192958326292
0.7608348275406469
0.7142857142857143
0.8287855124445993
0.5806451612903226
0.8000216449597025
0.3265135130825626
0.37221354563019743
0.5124149466951408
0.49079425676120336
0.6333293287523988
0.5907343867862048
0.5021371966073315
0.7457514855079199
0.5934085490367124
0.33868416655656336
0.7307266828613851
0.45192347694659835
0.4796232756750938
0.7566352451148545
0.7223673756490679
0.6666666666666666
0.6957144068172275
0.6312710769333036
0.8
0.5608076946676829
0.4285917583204783
0.5923859615187554
0.8205128205128205
0.5311361830122374
0.7315411372140206
0.39090969971352346
0.7486816286408118
0.03632554684761034
0.3108685189733377
0.5961770187806784
0.6027734394817654
0.6645761851344805
0.7925544617420444
0.786196688977205
0.7169656633888165
0.5376139999119173
0.38541602591183244
0.86904688675638
0.4484526761387719
0.7692828842076553
0.7428571428571429
0.6875
0.8509742675036688
0.8695652173913043
0.5934085490367124
0.7538657886081699
0.5241084492542502
0.6153423626868073
0.5043014467152045
0.6874871086365203
0.8113129799405063
0.4497209762558706
0.5
0.38718908315760375
0.5675137808483041
0.5032618871175092
0.8898146044695533
0.6849110318347166
0.8333333333333334
0.5806948896672146
0.4505607490010648
0.7466697787227645
0.7622900636409979
0.5
0.75
0.6256509671011197
0.9797903770419395
0.5461730233350326
0.5097999569616581
0.589400979658488
0.5089570398828819
0.46387447808933524
0.9
0.6956521739130435
0.6192595350025488
0.4636773321810933
0.39430441765484003
0.6654154617060528
0.7361114820715079
0.6616640636890592
0.6737063659863728
0.7
0.8205128205128205
0.707780903153014
1.0
0.6666666666666666
0.576298859244488
0.37221354563019743
1.0
0.7286157916049187
0.37929931469845934
0.6962038247849207
0.4746366557319572
0.6126029346180419
0.6930852461922015
0.7337427552975156
0.4473181806321943
0.4826865538984064
0.8
0.6311090305311324
0.9090909090909091
0.3613584852950037
1.0
0.5871110101453856
0.6955130427481102
0.5995288365162438
0.5744861904132742
0.530417676986501
0.8114395751287677
0.8576487284256086
0.7072263451244452
1.0
0.7125663053562731
0.5505530848954134
0.850772906809856
0.4706878508917808
0.8737274901545213
1.0
0.5661889164906723
0.7737274901545212
0.5555555555555556
0.7122542341163768
0.7682243398801516
0.7521692626855275
0.3872035857574243
0.5067761915674313
0.8314371589278138
0.6234845094259248
0.6729198812405718
0.45059554937667656
0.6923076923076923
0.6829268292682927
0.7402985917245577
0.7071227192327298
0.6
0.7124134601600299
0.86950558974919
0.4170645637924855
0.7280068602518025
0.6829275517219201
0.7247278241149151
0.7208455866274384
0.6727003860100779
0.5914542082895099
0.6666666666666666
0.4705005605511989
0.8888888888888888
0.7247278241149151
0.6290131249174225
0.6612584472314154
0.8317576623198195
0.37969408638626223
0.43521454976815105
0.6666666666666666
0.8837209302325582
0.5702811341789565
0.7019835351190915
0.6495106227706612
0.4353848364160753
0.4318941537184592
0.7024348186691621
0.35716411097140915
0.4763705597108935
0.5000139441605924
0.7733757217400813
0.681844328074346
1.0
0.4110981692385823
0.6666666666666666
0.7433185978725617
0.48963690490657374
0.7716347820610827
0.6883789909635004
0.718919845599533
0.868909774323101
0.6749735178288487
0.584401931636999
0.5567333569920048
0.7091868317416015
0.7182275986724341
0.6956521739130435
0.5591227777043755
0.5992857118140408
0.607880400924025
0.44898802874953314
0.5899726703380708
0.03632554684761034
0.5
0.4384350018149486
0.579943102234952
0.41947055123720967
0.8509742675036688
0.5333333333333333
0.7434132955807269
0.7001175304810808
0.868909774323101
1.0
0.7692307692307693
0.45192347694659835
0.8099205447726657
1.0
0.8333333333333334
0.5306827524379528
0.850772906809856
0.7058823529411765
0.5256509671011197
0.9102676354759075
0.3979551533531071
0.44665625475623705
0.5893485274559996
1.0
0.6421185668660756
0.33690055548215336
0.7620848454251792
0.7189408276258787
0.7231479378028866
0.50535083322323
0.501869256380362
1.0
0.720015749540919
0.3523660782231957
