0.8161841877335484
0.7086563653165074
0.6278643919995122
0.7934144174198481
0.6862973173673507
0.7653594799565265
0.626849972931197
0.6201681869081949
0.6987717643453075
0.8711460653989506
0.8172416183740544
0.5988485132567505
0.39453463292920227
0.8736075482014785
0.7940347223836924
0.7384598064218234
0.6444991175375306
0.8641682436031463
0.7096713230265351
0.6185205585989013
0.6979487945341523
0.5094105066795839
0.8274186753622098
0.6872112889937665
0.8449890305831966
0.5345068707476672
0.3592779336021927
0.5485625552106551
0.8682876020507249
0.49387476047916307
0.8144052183972403
0.7091096697247075
0.7426685216638543
0.7665809847997591
0.39213580376217544
0.6899778301424299
0.6188019969571142
0.8550246122303208
0.5545679197859916
0.8293203977085578
0.47230058038449063
0.7529296433142696
1.0
0.5479576184643277
0.7390760450453177
0.709507742196105
1.0
0.438482259116378
0.7994049513735039
0.750114670610956
0.5620678797743759
0.8653574517160866
0.7044361067378564
0.6604451322167147
0.43385076739715506
0.7687179603645854
0.7395501197053502
0.2813287226896594
0.6153918693311841
0.8123160327374384
0.5132962776105418
0.8830419387185784
0.7725535171092929
0.7208029000621001
0.864396527479189
0.7714141118219835
0.7299879941344125
0.7348517046788421
0.7145041830978276
0.7729526281426318
0.8063571322971487
0.7356379467646799
0.8687917491561093
0.5607499546039189
0.6519409433061488
0.7849917314476584
0.613501176837675
0.5678908820994826
0.4970275443292873
0.8539189188426708
0.7973492427919403
0.7717752063232247
0.7636145838078525
0.7939195319950982
0.6711256150092034
1.0
0.8238834362040637
0.7228908174655044
0.6746055685756231
0.8550246122303208
0.6893401422964752
0.6711525506890634
0.2999124167222099
0.5834848798785628
0.5830083958424953
1.0
0.6231333050952684
0.6667305399246316
1.0
0.8120566380958877
0.7226791871840217
0.7253264111835745
0.7034446094757628
0.7462725247718405
0.9285585294425075
1.0
0.7068594703655073
0.5269626582906752
0.7975023258387687
0.8834176165980206
0.48521512643523124
0.5354083588333131
0.7952302560391393
0.7695288565336409
0.7848819892969288
0.578008791883623
0.681462515367226
0.7700470482858215
0.7500137629236472
0.23704432312469453
0.08344844509274739
0.3957668990793522
0.4439631670701619
0.6582308699500911
0.8384367929774376
0.6171414487610627
0.6989727848537495
0.7795585545806044
0.7709055351815028
0.6391175762129874
0.7642746987828242
0.7909645745314108
0.3957668990793522
0.6300646438631062
0.7980050762774282
0.5660453465699884
0.6299835457710766
0.7164594247352818
0.5569775185270097
0.7212822328388505
0.7787911906551555
0.7339398172483949
0.6810536558954333
0.77203970098543
0.6474620790555565
0.9518238667850483
0.5786591899423146
1.0
0.8143258662676828
0.7087625138000538
0.7598966450023206
0.07719821577512147
0.6399400902144738
1.0
0.7417622099285929
0.8463176292194823
0.6443790157205692
1.0
0.7955968689588631
0.49969240014521576
0.6719982927324885
0.6103701266951315
0.92816953820782
0.8009354273095778
0.40605411718590567
0.5004104963314822
0.44400645400052785
0.6857146428393398
0.8415781352462405
0.6809627162485188
0.5400448382507254
0.0763898574947537
0.795128843225781
0.8304643638160865
0.8577768906479205
0.7720467283401237
0.6310242995450076
0.39571129319979026
0.7480712688871031
0.7274144081177445
0.7320380088945065
0.6714120690183071
0.4388105704695584
0.8853324431963174
0.3713245284586238
0.5187925256227668
0.9290215793189913
0.710207924472839
0.6679969578301266
0.49387476047916307
0.43758542454232596
0.6861727665689381
0.7171209070980938
0.6054742114421614
0.7307808831354883
0.5620678797743759
0.7255669311584033
0.8837903387341743
0.8073473978662045
0.7963314847508229
0.28530990773657955
0.6468388914399981
0.3320752659428945
0.724260068039896
1.0
0.7646342950473932
0.796224665884944
0.8247997708739084
0.6146613523335616
0.7248303825632183
0.4600264589157563
0.8825918653908958
0.8012560620569962
0.4533379157565062
0.6388393228301856
1.0
0.7949703549552795
0.36080019994733814
0.6103701266951315
0.7035904222797257
0.5808503419072274
0.7764276377341923
0.7487712101111536
0.36080019994733814
0.6810536558954333
0.8409343893223951
0.8395258644126357
1.0
0.8622843008116714
0.670945676839428
0.48521512643523124
0.8620569467933905
0.6521921559321848
0.7254140203765411
0.5187925256227668
0.6623670188744905
0.07435551091213387
0.8123232720151398
0.8345720594714009
0.5620678797743759
0.8853324431963174
0.7927762489957738
0.7288685974460928
0.5914328797618056
0.5304139846423528
0.8016501676809374
0.8069811089019177
0.8395258644126357
0.6763172391888601
0.855626803959179
0.6711601315310926
0.7731292660457197
0.7729771219451893
0.8190761771630984
0.7556394684301622
1.0
0.7418740655582031
0.7687179603645854
0.4216242133394132
0.9228011126070437
0.6813021534686037
0.6212779373985278
0.7640365572666709
0.6630851823557513
0.7592785944101677
0.7344703864959863
0.7176899870452496
0.8498903622212226
0.6672485505300326
0.49088176544416273
0.6789452747816516
0.41087485766271375
0.7592785944101677
0.7310102395955599
0.7348663718556208
0.7569178448657808
0.7369561919687732
0.22684441717582712
0.6718753762712555
0.9029528367127205
0.7161948336929982
0.6962436183928224
0.7116716318307172
0.857114867069833
0.6980656892297723
0.808292928379869
0.5882043331959529
0.8050443192748795
0.928794177510531
0.5669484254423178
1.0
0.43468725381458884
0.7812184377269876
0.6137047299237861
0.7576525476241021
0.0763898574947537
0.9273043784200489
0.7212947999029187
0.7007260873853736
0.8530843527653331
0.5443170039730627
0.3491363016235356
0.3156128674176668
0.7131220626059702
0.553678762667519
0.8069811089019177
0.3072587414675242
0.7918419115643591
0.8916679571486271
0.39453463292920227
0.7387390095023957
0.6575872964630733
0.7615477095424763
0.5506786878144951
0.8191629491819536
0.7793961914779532
0.7352296611446568
0.9050524087445169
0.6930350225091937
0.30643569643093826
0.8280050254371633
0.6148342880552571
0.9354778158084617
0.7140579152560169
0.5541902305245903
0.7632964762047371
0.7211090298082639
0.820976394263518
0.41958493087470466
0.5318322141638376
0.5574469142021883
0.729391143571584
0.6743944959606
0.8479126490786739
0.0733189084497385
0.3935273893086275
0.76423876431212
0.6144404343428133
0.601904197181997
0.42690196229198424
0.708891585173159
0.5725773731361923
0.7979167395447808
0.7554720983468944
0.7061383402250002
0.8368924103702438
0.7054779216309924
0.8050443192748795
0.4520265334285784
0.727614733804092
0.7689132316389984
0.8466645878935672
0.6051940653561249
0.7667074660438626
0.5739273678210294
0.744811588816811
0.7313283034337239
0.8853324431963174
0.5668440486007994
0.7851116012531982
0.7384175131756944
0.6565963933252269
0.7161884717562004
0.6915819022542649
0.6155766687386894
0.8216291304334233
0.6887915153427597
0.8363774320487657
0.3692182321469701
0.7536404624749715
0.6674900267223473
0.7076909964584861
0.680469199601744
0.6032053256395503
0.7717265103903842
0.718480446259864
0.7754555331329731
0.5819686613778079
0.8232136595823202
0.7592785944101677
0.5506786878144951
0.8783569321185046
0.5851725941698034
0.6711601315310926
0.4524709455616234
0.8186661219182738
0.728459534777346
0.5793021366730275
0.7044269764439651
0.7451186418353792
0.7479126092728855
0.6353967708286677
0.718480446259864
0.7545081671699512
0.7669776948116807
0.739737866638791
0.5187925256227668
0.8711134388071626
0.7387938595706732
0.8227441279961223
0.42690196229198424
0.5612199416489316
0.6817525772862278
0.7067289093479907
0.788376975439589
0.47307173098816946
0.714098238198049
0.7710152954220402
0.6308664179117659
0.6020793702105908
0.8341896810776541
1.0
0.9078930218638563
0.5506786878144951
0.7356758754948113
0.7754779406246634
0.7645437279618121
0.7451186418353792
0.8268754708847608
0.47307173098816946
0.33205399393882223
0.6101489889985031
0.8348609279776742
0.9039029597441067
0.505598401749493
0.8721268654491957
0.7390865853116029
0.7559344161747121
0.7705121324890422
0.85831283912315
0.493361423316048
0.8019351347445229
0.6411271086232663
0.6414959067759751
0.5341124305082017
0.7162828925852874
0.7530056915261831
0.5421103834824756
0.7573381246448513
0.7417043670541521
0.5808503419072274
0.6757312319941005
0.7269729000463736
0.39341628310414006
0.5932374341144993
0.6994741408121309
0.7656344254594317
0.5892598416518163
0.7826799122580298
0.8362663623747396
0.737444648858604
0.6997304857374675
0.6155766687386894
0.6278643919995122
0.8673825388446861
0.7104251371717702
0.6993181291552459
0.6674900267223473
0.413509546571746
0.4543312961477909
0.6576161067711729
0.5763830337385997
0.40605411718590567
0.6714120690183071
0.7438812765328364
0.8302737036355048
0.39722722817407496
0.8560116674217574
0.8078951954147578
0.7446797840198933
0.8553573582769592
0.45716854189112305
0.6343078456108306
0.607575916517023
0.61561534614187
0.801919245496196
0.3746453486005239
0.7241034718396461
0.8233799305472517
0.7396001832563209
0.8792151003079132
0.7556006179117046
0.5636548756421653
0.68740817910063
0.6992457779896823
0.37288388368377645
0.7402612103724462
0.7938748427803375
0.44409790608467026
0.7957916072822124
0.7889592291133533
0.772106297439767
0.6460900215365654
0.7119996235197571
0.6182921469749708
0.6086293102556845
0.5911013668436879
0.5466164934179739
0.5761617771836358
0.5636317408117754
0.7178783931802739
1.0
0.7962979038590676
0.7881617358428461
0.6141311630052554
0.6414241926485363
0.6837719337744792
0.7952651527804776
0.7991583650323628
0.7182427450515019
0.8633647535789414
0.6704120193646588
0.796224665884944
0.43967077285785294
0.3790835790886
0.5465492361638644
0.5432754309548521
0.7459067521364361
0.6228001874887369
0.466190054491399
0.769925301405461
0.6782631276039478
0.3879295635142578
0.7708690941026393
0.42984756650114864
0.5442271760134161
0.8191656045668179
0.76232265319015
0.7602589657569957
0.7573558188364029
0.6393214739852522
0.8332550625545022
0.6571649481970065
0.4612870708639827
0.6254956638129507
0.8469984607780312
0.5745519007324753
0.7915143103707676
0.48983625892511634
0.7789901450258825
0.0763898574947537
0.2569683520609931
0.6246522504504449
0.6900096310527671
0.6282585879163395
0.8376813149594082
0.8174831154384631
0.7515302430469533
0.5574336609694772
0.45840639341462064
0.8552738485606436
0.5371281625015009
0.847662893449345
0.8037480914901759
0.741582267426667
0.9061305858538807
0.8825763176826918
0.6782631276039478
0.8085593728604501
0.5913560571876031
0.6628774411823016
0.5550277659996589
0.744676627165448
0.8067224886709684
0.5244436211548315
0.48647794219998897
0.42690196229198424
0.6234886655139786
0.5684764165995214
0.8539189188426708
0.7253903993670932
0.85630926332598
0.6584277832801706
0.5045877712354225
0.7691252834802678
0.7679215124993639
0.5477621066131096
0.7975074246913912
0.6711601315310926
0.9696134610345236
0.6023822467331167
0.6081588826739509
0.6593129438995682
0.5899249851568256
0.5058441695674722
0.9019472560508673
0.7007260873853736
0.6816310300295817
0.5606476757214677
0.4149814994266677
0.7111301368547022
0.7649607086051842
0.7400748110800139
0.7384387057064221
0.7250114466550742
0.8484498148420192
0.7278226902417623
1.0
0.7400932974617712
0.5891344444595428
0.3713245284586238
1.0
0.7739596805219655
0.41461741325696744
0.7279691153799022
0.5219636137797641
0.7261407354468508
0.7610024659717297
0.7552909753574085
0.5275328405356631
0.5534820883190615
0.7686919049078963
0.6513337617514718
0.8708333333333332
0.4576113518167338
1.0
0.6277722678762692
0.6714120690183071
0.6320910859534321
0.678562329234824
0.5473951894224056
0.8346429234361514
0.8409248999712389
0.7563150418174397
1.0
0.7485830986492682
0.5819686613778079
0.8687917491561093
0.5331506106582805
0.8745876325627936
1.0
0.5892446490984035
0.7649040816448778
0.5926770032422273
0.750640605090532
0.8079424841100769
0.7803582784607714
0.4291571894954195
0.5580587099216767
0.8594138074024946
0.7345250765923146
0.6171938695439472
0.5187925256227668
0.7927762489957738
0.7361762219252856
0.8395258644126357
0.7485753566183093
0.61561534614187
0.7650528160880592
0.8770199859586967
0.47627319395417134
0.737444648858604
0.6892090877988671
0.7646342950473932
0.7389916786574281
0.6964623595076228
0.6263319664931835
0.7473571294518293
0.5633108480044219
0.8738028819773545
0.7773956486582964
0.6994457976285569
0.740314948246049
0.844531130468427
0.4388365221785666
0.6270162535969237
0.7615477095424763
0.9025548714114906
0.6732171142669757
0.7504063309439233
0.7480636071738613
0.6080969531901561
0.514853060289021
0.7697382300442543
0.3626931783892932
0.5356188152907623
0.6496388973159694
0.7634515782821615
0.7248303825632183
1.0
0.4460145191014853
0.6486302361448376
0.7913109828649824
0.5417327399605266
0.7678073544452693
0.7559344161747121
0.7511951911835042
0.8548344382983494
0.7162147426271969
0.600695368585633
0.5571900322187471
0.7550266146686445
0.729691918888866
0.7007260873853736
0.6382144935487469
0.6647782402306476
0.6237930698924041
0.5010728837160167
0.6744929442605743
0.0763898574947537
0.39453463292920227
0.5020888205083999
0.6370141524731028
0.4543312961477909
0.9050524087445169
0.6240483221747662
0.7792799736966267
0.7528806355545838
0.854916231481792
1.0
0.7948075156287948
0.42984756650114864
0.8045064207931675
1.0
0.85630926332598
0.5528878274995772
0.8721044382098163
0.7760814478495655
0.6022768183351173
0.9071903732717316
0.48187937426829863
0.47307173098816946
0.6355714430625912
1.0
0.7091453247106113
0.4132350819018606
0.7724525966818765
0.7667163736592545
0.7014109134657586
0.6091658251798032
0.5997603831482572
1.0
0.7982633806537693
0.34838836395938116
