0.2765625
0.3076923076923077
0.20833333333333334
0.2236842105263158
0.29404761904761906
0.14473684210526316
0.3819444444444444
0.4333333333333333
0.24305555555555555
0.19291666666666665
0.2857142857142857
0.40535714285714286
0.14285714285714285
0.096875
0.475
0.27954545454545454
0.2777777777777778
0.184
0.32307692307692304
0.3879310344827586
0.3310810810810811
0.37
0.22596153846153846
0.5921875
0.34615384615384615
0.3585106382978724
0.6541666666666667
0.5
0.3275862068965517
0.3
0.28617021276595744
0.409375
0.3361111111111111
0.33076923076923076
0.3242424242424242
0.28
0.3083333333333333
0.14864864864864866
0.35186567164179106
0.2462328767123288
0.3096774193548387
0.28703703703703703
0.125
0.325
0.24375
0.4279411764705882
0.0
0.355
0.2375
0.21973684210526315
0.23421052631578942
0.17708333333333334
0.304
0.29782608695652174
0.368
0.2619047619047619
0.388235294117647
0.6
0.2411111111111111
0.23579545454545456
0.37435897435897436
0.23382352941176468
0.3
0.24074074074074073
0.07894736842105263
0.345
0.2792857142857143
0.4577380952380953
0.39705882352941174
0.23026315789473684
0.1875
0.22804878048780486
0.275531914893617
0.48709677419354835
0.36022727272727273
0.292
0.3
0.3346153846153846
0.1875
0.2727272727272727
0.334375
0.16744186046511625
0.3
0.2521428571428572
0.2872093023255814
0.057692307692307696
0.3359375
0.365625
0.2928571428571428
0.16891891891891891
0.25232558139534883
0.2222222222222222
0.5225
0.34736842105263155
0.4064516129032258
0.0
0.2619047619047619
0.28292682926829266
0.0
0.23275862068965517
0.25227272727272726
0.2872093023255814
0.27559523809523806
0.13541666666666666
0.08333333333333333
0.0
0.3522727272727273
0.35277777777777775
0.21485507246376812
0.21666666666666667
0.21153846153846154
0.20238095238095238
0.34393939393939393
0.2944444444444444
0.14375
0.34791666666666665
0.4166666666666667
0.38125
0.21739130434782608
0.39249999999999996
0.8125
0.3131578947368421
0.45689655172413796
0.4727272727272727
0.17124999999999999
0.5333333333333333
0.4074074074074074
0.24215686274509804
0.27297297297297296
0.30624999999999997
0.3423913043478261
0.26884057971014497
0.2425
0.28541666666666665
0.2985
0.3308510638297872
0.37884615384615383
0.2792682926829268
0.2552631578947368
0.34191176470588236
0.09523809523809523
0.21829268292682924
0.3909090909090909
0.3527777777777778
0.3333333333333333
0.07407407407407407
0.39903846153846156
0.027777777777777776
0.24342105263157895
0.3984693877551021
0.26129032258064516
1.1451612903225807
0.31607142857142856
0.013888888888888888
0.2191780821917808
0.23
0.4269230769230769
0.0
0.24756944444444448
0.4125
0.26899999999999996
0.24166666666666664
0.014285714285714285
0.2033333333333333
0.34249999999999997
0.3958333333333333
0.496875
0.32142857142857145
0.24864864864864863
0.2813953488372093
0.3076923076923077
1.1766666666666665
0.20909090909090908
0.296551724137931
0.1565217391304348
0.1962962962962963
0.34615384615384615
0.40789473684210525
0.33653846153846156
0.18421052631578946
0.2261904761904762
0.27941176470588236
0.32105263157894737
0.05
0.3625
0.32142857142857145
0.18106060606060606
0.285
0.28
0.3
0.35
0.2670731707317073
0.38437499999999997
0.33620689655172414
0.2732456140350877
0.26052631578947366
0.25
0.14285714285714285
0.2579268292682927
0.3532608695652174
0.4583333333333333
0.3425925925925926
0.42857142857142855
0.3403846153846154
0.0
0.2527027027027027
0.275
0.21153846153846154
0.35185185185185186
0.425
0.48125
0.11842105263157894
0.2976190476190476
0.2661290322580645
0.3658730158730159
0.05673076923076924
0.16458333333333333
0.3131578947368421
0.27058823529411763
0.22142857142857145
0.403125
0.28088235294117647
0.3261904761904762
0.2425
0.3409090909090909
0.3338709677419355
0.16052631578947368
0.0
0.26166666666666666
0.3222222222222222
0.21153846153846154
0.09210526315789473
0.3416666666666666
0.18841463414634146
0.3181818181818182
0.38333333333333336
1.1515151515151516
0.19206349206349205
0.21296296296296297
0.20789473684210527
0.05952380952380952
0.2928571428571428
0.2543478260869565
0.334469696969697
0.3017241379310345
0.25
0.175
0.17368421052631577
0.2625
0.16279069767441862
0.45199999999999996
0.2125
0.2462264150943396
0.24011627906976743
0.35714285714285715
0.0
0.26111111111111107
0.2619047619047619
0.075
0.25
0.25892857142857145
0.43076923076923074
0.3619047619047619
0.3119047619047619
0.27499999999999997
0.2777777777777778
0.125
0.2369047619047619
0.30675675675675673
0.535593220338983
0.057692307692307696
0.44749999999999995
0.29583333333333334
0.27
0.25239726027397263
0.36199999999999993
0.3387096774193548
0.3125
0.32954545454545453
0.0875
0.31176470588235294
0.35609756097560974
0.1875
0.0
0.344
0.185
0.18902439024390244
0.23333333333333334
0.02857142857142857
0.32596153846153847
0.06634615384615385
0.3833333333333333
0.4116666666666667
0.35555555555555557
0.27649999999999997
1.1703125
0.13095238095238096
0.19999999999999998
0.30925925925925923
0.275
0.33799999999999997
0.3847826086956522
0.4666666666666667
0.37058823529411766
0.31521739130434784
0.25
0.4263157894736842
0.2625
0.3194444444444444
0.0
0.22175925925925924
0.37142857142857144
0.5
0.4166666666666667
0.22
0.2689189189189189
0.3173076923076923
0.20833333333333334
0.3185185185185185
0.4212962962962963
0.2074074074074074
0.44375
0.07738095238095238
0.5592592592592592
0.3538461538461538
0.23709677419354838
0.4095238095238095
0.24444444444444446
0.38076923076923075
0.3546875
0.2944444444444444
0.39166666666666666
0.59
0.24897959183673468
1.1454545454545455
0.6541666666666667
0.2735294117647059
0.31153846153846154
0.33106060606060606
0.6749999999999999
0.3890243902439024
0.3414285714285714
0.27849999999999997
0.25142857142857145
0.358
0.19999999999999998
0.32
0.25921052631578945
0.3684210526315789
0.2944444444444444
0.3735294117647059
0.20738636363636365
0.33035714285714285
0.32142857142857145
0.3569230769230769
0.3019230769230769
0.16987179487179488
0.011904761904761904
0.22352941176470587
0.21346153846153845
0.29
0.3416666666666666
0.29537037037037034
0.2967741935483871
0.4095238095238095
0.2636363636363636
0.45
0.14625
0.40238095238095234
0.3641304347826087
0.20789473684210527
0.23684210526315788
0.37799999999999995
0.2777777777777778
0.254
0.33088235294117646
0.2453125
0.26666666666666666
0.1607758620689655
0.29583333333333334
0.4351851851851852
0.27878787878787875
0.325
0.412
0.3815789473684211
0.14285714285714285
0.20813953488372092
0.48269230769230764
0.31020408163265306
0.2980769230769231
0.22321428571428573
0.354
0.3897058823529412
0.25795454545454544
0.23717948717948717
0.299
0.30952380952380953
0.22236842105263155
0.3125
0.22992957746478876
0.6423076923076922
0.3201754385964912
0.11666666666666667
0.275
0.23281249999999998
0.4
0.41714285714285715
0.28035714285714286
0.2
0.4175
0.22443181818181818
0.07142857142857142
0.16515151515151513
0.4166666666666667
0.183
0.265
0.375
0.3055555555555556
0.31969696969696965
0.38333333333333336
0.6958333333333333
0.28703703703703703
0.24147727272727273
0.14473684210526316
0.4322916666666667
0.184
0.30952380952380953
0.20999999999999996
0.27307692307692305
0.3269230769230769
0.2961538461538461
0.225
0.36
0.3942307692307692
0.42037037037037034
0.284375
0.2702702702702703
0.34130434782608693
0.2520833333333333
0.3392857142857143
0.465625
0.2533333333333333
0.30714285714285716
0.47
0.2129032258064516
0.3547169811320755
0.2866666666666667
0.8125
0.20092592592592592
0.11029411764705882
0.2760869565217391
0.28928571428571426
0.43
0.21875
0.25892857142857145
0.43142857142857144
0.2725806451612903
0.20999999999999996
0.3815789473684211
0.35714285714285715
0.39999999999999997
0.675
0.3675
0.3055555555555556
0.24318181818181817
0.2852941176470588
0.32999999999999996
0.2887096774193548
0.2375
0.4863636363636364
0.20625
0.33076923076923076
0.32222222222222224
0.3684210526315789
0.4
0.16999999999999998
0.327027027027027
0.27910447761194035
0.375
0.2976190476190476
0.10465116279069768
0.18181818181818182
0.32211538461538464
0.3875
0.4051724137931034
0.34130434782608693
0.3595238095238095
0.3222222222222222
0.3692307692307692
0.1936619718309859
0.1723684210526316
0.36764705882352944
0.3125
0.3293478260869565
0.4148148148148148
0.39285714285714285
0.3093023255813953
0.4115384615384615
0.38181818181818183
0.5861111111111111
0.28774509803921566
0.10714285714285714
0.20875
0.23098591549295772
0.5125
0.22697368421052633
0.4107142857142857
0.24565217391304353
0.2111111111111111
0.32083333333333336
0.22788461538461538
0.23374999999999999
0.275
0.3144736842105263
0.3976190476190476
0.42205882352941176
0.19242424242424241
0.32685185185185184
0.11842105263157894
0.6111111111111112
0.4125
0.34285714285714286
0.3597222222222222
0.4083333333333333
0.6388888888888888
0.21749999999999997
0.3522727272727273
0.24659090909090908
0.35277777777777775
0.27375
0.2857142857142857
0.2697674418604651
0.33981481481481485
0.42592592592592593
0.3828125
0.23095238095238094
0.41875
0.4233333333333333
0.3474358974358974
0.20615942028985507
1.1546875
0.5208333333333334
0.29583333333333334
0.3778846153846154
0.38235294117647056
0.31484375
0.14695945945945946
0.3879310344827586
0.23421052631578942
0.4411764705882353
0.23214285714285715
0.32916666666666666
0.2238372093023256
0.2782051282051282
0.34868421052631576
0.1631578947368421
0.18653846153846151
0.36764705882352944
0.313425925925926
0.4102941176470588
0.2707317073170732
0.375
0.3783333333333333
0.2013392857142857
0.32195121951219513
0.2894736842105263
0.6423076923076922
0.31463414634146336
0.37
0.2727272727272727
0.34523809523809523
0.16346153846153846
0.31341463414634146
0.2891891891891892
0.26691176470588235
0.40625
0.3875
0.18181818181818182
0.38199999999999995
0.006944444444444444
0.3263888888888889
0.4166666666666667
0.2958333333333333
0.32083333333333336
0.4732142857142857
0.13125
0.30925925925925923
0.28703703703703703
0.32142857142857145
0.4325
0.18269230769230768
0.3269230769230769
0.32222222222222224
0.32500000000000007
0.19791666666666666
0.24880952380952379
0.2928571428571428
0.03787878787878788
0.3358695652173913
0.3847826086956522
0.3795454545454545
0.0
0.28181818181818186
0.4
0.23048780487804876
0.36363636363636365
0.263013698630137
0.25875
0.3375
0.3822222222222222
0.3177966101694915
0.6111111111111112
0.3071428571428571
0.325
0.30833333333333335
0.15
0.33399999999999996
0.2222222222222222
0.412
0.34629629629629627
0.3258620689655172
0.14423076923076922
0.2887096774193548
0.18518518518518517
0.25
0.38
0.2793103448275862
0.28617021276595744
0.34051724137931033
0.2619047619047619
0.027777777777777776
0.3854166666666667
0.11538461538461539
0.45
0.254
0.27156862745098037
0.23701923076923076
0.34545454545454546
0.3692307692307692
0.24387755102040815
0.2869318181818182
0.19230769230769232
0.33695652173913043
0.22142857142857145
0.29264705882352937
0.18055555555555555
0.43906249999999997
0.38333333333333336
0.1541095890410959
0.18262711864406778
0.4269230769230769
0.2326086956521739
0.4166666666666667
0.2797297297297297
0.37857142857142856
0.24285714285714285
0.5816666666666667
0.39565217391304347
0.3308510638297872
0.13953488372093023
0.23888888888888887
0.2833333333333333
0.31976744186046513
0.22569444444444445
0.34736842105263155
0.25925925925925924
0.4666666666666667
0.15916666666666665
0.2982142857142857
0.359375
0.46
0.375
0.3422413793103449
0.24642857142857144
0.3888888888888889
0.35462962962962963
0.42857142857142855
0.20967741935483872
0.425
0.2
0.41964285714285715
0.07142857142857142
0.34696969696969693
0.24857142857142855
0.2976190476190476
0.21190476190476187
0.269811320754717
0.09210526315789473
0.4789473684210526
0.3235294117647059
0.44642857142857145
0.35
0.2976190476190476
0.3
0.4175
0.3299019607843137
0.3630434782608695
0.41086956521739126
0.3333333333333333
1.1672413793103449
0.14285714285714285
0.25555555555555554
0.25232558139534883
0.36363636363636365
0.22777777777777775
0.28289473684210525
0.264
0.34629629629629627
0.10526315789473684
0.0
0.23484848484848486
0.525
0.3055555555555556
0.0
0.1346153846153846
0.31153846153846154
0.25918367346938775
0.4117647058823529
0.39199999999999996
0.15
0.388235294117647
0.4
0.3302325581395349
0.0
0.33695652173913043
0.40399999999999997
0.296551724137931
0.24710144927536237
0.3125
0.3055555555555556
0.3333333333333333
0.0
0.3396551724137931
0.375
