8.85
8.0
5.0
4.25
12.35
2.75
13.75
9.1
8.75
11.575
6.0
11.35
1.0
3.1
7.6
18.45
7.5
4.6
16.799999999999997
11.25
12.25
9.25
5.875
9.475
4.5
16.85
7.85
13.0
9.5
6.0
13.45
13.1
9.075
8.6
10.7
7.0
12.95
5.5
23.575
17.975
9.6
7.75
1.25
21.45
9.75
14.549999999999999
0.0
7.1
4.75
8.35
4.449999999999999
4.25
7.6
6.85
9.2
5.5
6.6
9.0
10.85
10.375
14.6
7.949999999999999
8.1
6.5
1.5
10.35
19.55
19.225
6.75
13.125
4.5
9.35
12.95
15.1
15.85
14.6
3.6
8.7
3.75
3.0
10.7
7.199999999999999
15.6
17.650000000000006
12.35
1.5
10.75
5.85
4.1
6.25
10.85
4.0
10.45
6.6
12.6
0.0
5.5
11.6
0.0
6.75
11.1
12.35
11.575
3.25
2.5
0.0
7.75
12.7
14.825
7.8
2.75
4.25
11.35
7.949999999999999
5.75
8.35
13.75
6.1
5.0
7.85
6.5
5.949999999999999
13.25
15.6
6.85
8.0
11.0
12.35
10.1
7.35
15.75
18.550000000000004
4.85
6.85
14.924999999999999
15.549999999999999
9.85
11.45
4.85
11.625
2.0
8.95
8.6
15.875
6.0
2.0
10.375
0.5
9.25
19.525000000000002
8.1
35.5
8.85
0.25
16.0
5.75
11.1
0.0
17.825000000000003
8.25
6.725
4.35
0.5
6.1
6.85
4.75
3.975
6.75
9.2
12.1
8.0
35.3
4.6
8.6
3.6
10.6
9.0
7.75
8.75
3.5
9.5
4.75
12.2
1.0
7.975
6.75
5.975
5.699999999999999
7.0
6.0
7.0
10.95
9.225
19.5
15.575
4.949999999999999
2.0
1.0
10.575
16.25
5.5
9.25
6.0
8.85
0.0
9.35
3.85
5.5
9.5
14.45
3.85
2.25
6.25
8.25
23.05
1.475
11.85
5.949999999999999
4.6
6.2
3.225
14.325
6.85
4.85
7.5
10.35
6.1
0.0
7.85
8.7
2.75
1.75
4.1
7.725
7.0
5.75
38.0
12.1
5.75
3.95
1.25
8.2
5.85
22.075
17.5
7.5
1.75
6.6
5.25
7.0
11.299999999999999
5.1
13.049999999999999
10.325
7.5
0.0
4.699999999999999
5.5
0.75
4.75
7.25
11.2
7.6
13.1
6.6
12.5
1.0
9.95
11.35
31.6
0.75
8.95
7.1
6.75
18.425000000000004
9.049999999999999
10.5
2.5
7.25
1.75
15.9
14.6
4.5
0.0
8.6
3.7
7.75
9.1
1.0
8.475
1.725
4.6
12.35
9.6
13.825
37.45
2.75
10.6
8.35
12.375
8.45
8.85
7.0
12.6
7.25
2.5
8.1
5.25
2.875
0.0
11.975
13.0
7.5
11.25
5.5
9.95
8.25
3.75
8.6
11.375
5.6
7.1
3.25
15.1
4.6
7.35
8.6
8.8
14.85
17.025
7.949999999999999
16.45
8.85
12.2
37.800000000000004
7.85
18.6
8.1
21.85
8.1
15.95
11.95
13.924999999999999
8.8
8.95
5.6
9.6
9.85
7.0
7.949999999999999
6.35
9.125
9.25
6.75
23.2
7.85
6.625
0.25
7.6
11.1
11.6
4.1
7.975
9.2
8.6
8.7
4.5
5.85
8.45
8.375
3.95
4.5
9.45
7.5
12.7
11.25
7.85
8.0
9.325
7.1
11.75
9.2
21.45
10.299999999999999
7.25
6.0
8.95
12.549999999999999
15.2
7.75
6.25
8.85
13.25
11.35
9.25
7.475
6.5
8.45
7.5
16.325000000000003
8.35
18.25
2.1
8.25
7.449999999999999
6.0
14.6
7.85
5.0
8.35
9.875
0.5
5.449999999999999
11.25
13.725
10.6
17.25
8.25
10.549999999999999
5.75
8.35
7.75
10.625
2.75
10.375
4.6
6.5
4.199999999999999
7.1
4.25
7.699999999999999
5.625
9.0
10.25
11.35
13.649999999999999
10.0
15.7
12.1
4.75
3.725
7.6
10.75
11.75
6.6
18.8
8.6
6.5
10.85
3.75
6.35
8.1
8.6
5.25
7.25
15.1
8.45
4.199999999999999
7.25
7.5
11.6
6.75
7.35
5.5
5.35
9.7
6.6
8.95
12.35
16.05
8.25
8.6
14.5
7.0
6.0
10.2
12.1
18.700000000000003
15.75
6.25
4.5
2.0
8.375
7.75
11.75
7.85
15.1
8.7
9.6
13.75
13.1
6.25
6.25
15.15
11.2
5.5
13.299999999999999
10.7
12.6
21.1
14.674999999999999
0.75
8.35
16.4
8.2
8.625
5.75
16.950000000000003
7.6
3.85
11.85
9.35
3.85
11.95
8.35
14.35
6.35
8.825
2.25
5.5
6.6
12.0
6.475
12.25
5.75
4.35
15.5
10.85
6.35
10.95
6.0
11.6
18.35
11.5
12.25
9.7
11.725
12.7
13.549999999999999
14.225
36.95
6.25
8.875
9.825
6.5
10.075
10.875
11.25
4.449999999999999
7.5
3.25
15.799999999999999
9.625
10.85
13.25
3.1
4.85
12.5
16.925000000000004
13.95
11.1
8.25
11.35
11.274999999999999
13.2
5.5
8.35
12.899999999999999
11.1
3.0
7.25
4.25
12.85
10.7
9.075
6.5
3.1
2.0
9.549999999999999
0.25
11.75
11.25
12.424999999999999
19.25
13.25
2.625
8.35
7.75
6.75
12.975
4.75
8.5
14.5
20.800000000000004
4.75
10.45
8.2
1.25
7.725
8.85
8.35
0.0
18.6
8.0
9.45
8.0
19.200000000000003
10.35
6.75
17.2
18.75
5.5
8.6
3.25
11.1
1.5
8.35
4.0
10.299999999999999
9.35
9.45
3.75
8.95
5.0
2.25
7.6
8.1
13.45
19.75
5.5
0.25
9.25
3.0
6.75
12.7
13.85
12.325
7.6
9.6
11.95
12.625
2.5
7.75
6.2
14.924999999999999
6.5
14.049999999999999
5.75
11.25
10.774999999999999
11.1
5.35
11.25
10.35
10.6
8.5
8.725
9.1
15.549999999999999
6.0
8.6
5.1
13.75
16.25
6.6
7.0
7.0
9.549999999999999
8.35
11.5
16.1
5.25
19.85
17.25
10.5
9.575
6.0
6.5
14.45
1.0
11.75
1.0
11.45
8.7
6.25
4.449999999999999
14.299999999999999
1.75
9.1
5.5
12.5
7.35
6.25
8.1
8.35
16.825
8.35
9.45
12.0
33.85
1.0
4.6
10.85
8.0
4.1
10.75
13.2
9.35
2.0
0.0
7.75
5.25
8.25
0.0
3.5
8.1
12.7
7.0
9.799999999999999
3.0
6.6
6.0
14.2
0.0
15.5
10.1
8.6
17.050000000000004
3.75
5.5
7.0
0.0
9.85
2.25
