0.7210526315789474
0.7289719626168224
0.7194244604316546
0.9051724137931034
0.564748201438849
0.8362068965517241
0.6108597285067874
0.44339622641509435
0.6232558139534884
0.8797250859106529
0.6698113207547169
0.6220472440944882
1.0
0.9101796407185628
0.5855855855855856
0.6442307692307693
0.45985401459854014
0.8130081300813008
0.7280334728033473
0.574468085106383
0.665158371040724
0.48031496062992124
0.8409090909090909
0.5225225225225225
0.7464788732394366
0.5181159420289855
0.30952380952380953
0.46408839779005523
0.7904191616766467
0.5739130434782609
0.6749116607773852
0.6153846153846154
0.6564885496183206
0.5886524822695035
0.6805555555555556
0.5984251968503937
0.5613207547169812
0.786046511627907
0.5504807692307693
0.7675544794188862
0.6527777777777778
0.7124183006535948
1.0
0.5216346153846154
0.6713615023474179
0.5643564356435643
1.0
0.55
0.8571428571428571
0.676056338028169
0.7788461538461539
0.7886178861788617
0.7985074626865671
0.75
0.5202702702702703
0.8571428571428571
0.6486486486486487
0.34408602150537637
0.5660377358490566
0.819672131147541
0.7752808988764045
0.8157894736842105
0.8130841121495327
0.738562091503268
0.8833333333333333
0.7590361445783133
0.7259615384615384
0.5849056603773585
0.6435643564356436
0.7792642140468228
0.7317073170731707
0.6713615023474179
0.6890459363957597
0.4603960396039604
0.6528301886792452
0.6908396946564885
0.47761194029850745
0.5608108108108109
0.6923076923076923
0.8194444444444444
0.7192118226600985
0.7028301886792453
0.6603053435114504
0.71900826446281
0.5971223021582733
0.903954802259887
0.6051282051282051
0.46236559139784944
0.65
0.7813953488372093
0.6733668341708543
0.8157894736842105
0.4418604651162791
0.7211538461538461
0.5247524752475248
1.0
0.8256880733944955
0.6338028169014085
1.0
0.8209876543209876
0.7587939698492462
0.6540284360189573
0.6492890995260664
0.7553956834532374
0.9221556886227545
1.0
0.6141732283464567
0.5260115606936416
0.7530266343825666
0.786096256684492
0.5652173913043478
0.5338983050847458
0.6526315789473685
0.7611940298507462
0.7741935483870968
0.49645390070921985
0.6726190476190477
0.4946236559139785
0.7266187050359713
0.3739130434782609
0.07142857142857142
0.52
0.7049180327868853
0.45544554455445546
0.786046511627907
0.43564356435643564
0.6456692913385826
0.7290076335877863
0.75
0.5319148936170213
0.6175298804780877
0.743801652892562
0.56
0.5319148936170213
0.6576923076923077
0.5217391304347826
0.5177304964539007
0.7136150234741784
0.5288461538461539
0.6102564102564103
0.8083333333333333
0.6509433962264151
0.5905511811023622
0.5776892430278885
0.7368421052631579
0.8700564971751412
0.5625
0.9148936170212766
0.7706093189964157
0.5153846153846153
0.7664670658682635
0.0
0.673202614379085
0.9468085106382979
0.691566265060241
0.7165354330708661
0.6470588235294118
1.0
0.7869249394673123
0.44881889763779526
0.6728971962616822
0.6
0.956989247311828
0.7604790419161677
0.5739130434782609
0.4927536231884058
0.2894736842105263
0.6132075471698113
0.7967914438502673
0.5876777251184834
0.4306569343065693
0.0
0.7615894039735099
0.7590361445783133
0.8543046357615894
0.782608695652174
0.3722627737226277
0.43564356435643564
0.6614173228346457
0.9042553191489362
0.7067307692307693
0.8070175438596491
0.6242774566473989
0.981651376146789
0.5876288659793815
0.4915254237288136
0.7688172043010753
0.8532110091743119
0.5984251968503937
0.5826086956521739
0.45544554455445546
0.6037735849056604
0.8333333333333334
0.5846645367412141
0.7123745819397993
0.7884615384615384
0.8723404255319149
0.675
0.7763713080168776
0.6454183266932271
0.5254237288135594
0.40145985401459855
0.3709677419354839
0.6635514018691588
0.9655172413793104
0.8072916666666666
0.825
0.8712121212121212
0.56353591160221
0.5148514851485149
0.42105263157894735
0.8833333333333333
0.8571428571428571
0.7013888888888888
0.5721153846153846
0.903954802259887
0.7710843373493976
0.52
0.6
0.7022900763358778
0.5263157894736842
0.6792452830188679
0.635036496350365
0.56
0.6141732283464567
0.7951807228915663
0.7581395348837209
1.0
0.8323353293413174
0.6716417910447762
0.5652173913043478
0.9468085106382979
0.5074626865671642
0.7562724014336918
0.559322033898305
0.4827586206896552
0.0
0.8694158075601375
0.7806451612903226
0.8076923076923077
0.981651376146789
0.6870229007633588
0.7284768211920529
0.5288461538461539
0.549520766773163
0.8641975308641975
0.9482758620689655
0.7813953488372093
0.6881720430107527
0.9278846153846154
0.6017699115044248
0.7615894039735099
0.7396226415094339
0.7890295358649789
0.6456692913385826
1.0
0.6206896551724138
0.8571428571428571
0.9310344827586207
0.9174311926605505
0.7530864197530864
0.6041666666666666
0.7976190476190477
0.6115107913669064
0.6804733727810651
0.7336683417085427
0.851063829787234
0.7932489451476793
0.6425339366515838
0.3557692307692308
0.8548387096774194
0.5578947368421052
0.6627218934911243
0.6377952755905512
0.6914600550964187
0.673202614379085
0.6201117318435754
0.7058823529411765
0.6220472440944882
0.925
0.694560669456067
0.5323741007194245
0.6910569105691057
0.918918918918919
0.8333333333333334
0.8440366972477065
0.8173076923076923
0.7617021276595745
0.9516129032258065
0.5763888888888888
0.8926553672316384
0.47761194029850745
0.5865921787709497
0.6176470588235294
0.6384615384615384
0.0
0.9541284403669725
0.6722408026755853
0.611764705882353
0.8524590163934426
0.5390070921985816
0.4782608695652174
0.43859649122807015
0.6153846153846154
0.6590909090909091
0.9482758620689655
0.46
0.8811881188118812
0.6896551724137931
1.0
0.7491638795986622
0.75
0.4942528735632184
0.56353591160221
0.7559055118110236
0.7754010695187166
0.673202614379085
0.8275862068965517
0.6797385620915033
0.5901639344262295
0.7973856209150327
0.3763440860215054
0.9182692307692307
0.4972067039106145
0.47761194029850745
0.845679012345679
0.5912408759124088
0.7272727272727273
0.6069364161849711
0.5507246376811594
0.5675675675675675
0.6113207547169811
0.5315315315315315
0.734982332155477
0.0
0.16666666666666666
0.7115384615384616
0.7388059701492538
0.5528846153846154
0.32142857142857145
0.5359712230215827
0.5594059405940595
0.6730769230769231
0.732620320855615
0.5536723163841808
0.7909604519774012
0.7473684210526316
0.7276595744680852
0.36633663366336633
0.7611940298507462
0.6336633663366337
0.8907103825136612
0.56353591160221
0.8514851485148515
0.5120192307692307
0.7189542483660131
0.7692307692307693
0.9908256880733946
0.6685393258426966
0.7792642140468228
0.6525821596244131
0.5074626865671642
0.738562091503268
0.6758241758241759
0.7473684210526316
0.7210526315789474
0.5416666666666666
0.7956989247311828
0.35294117647058826
0.6771653543307087
0.7064220183486238
0.6916666666666667
0.672566371681416
0.45985401459854014
0.734982332155477
0.75
0.7417582417582418
0.6180555555555556
0.8694158075601375
0.6804733727810651
0.5524861878453039
0.8078817733990148
0.5216346153846154
0.6371681415929203
0.38613861386138615
0.9711538461538461
0.660377358490566
0.5663716814159292
0.6903765690376569
0.7419354838709677
0.7
0.6119402985074627
0.7440476190476191
0.6733668341708543
0.7706093189964157
0.5976331360946746
0.5
0.839572192513369
0.6627218934911243
0.7578692493946732
0.38095238095238093
0.5303514376996805
0.6826923076923077
0.8209876543209876
0.7142857142857143
0.7457627118644068
0.5594059405940595
0.8317757009345794
0.7482014388489209
0.7789473684210526
0.819672131147541
0.95
0.8548387096774194
0.56353591160221
0.7831325301204819
0.7741935483870968
0.5976095617529881
0.7612903225806451
0.8177339901477833
0.7288135593220338
0.23809523809523808
0.44525547445255476
0.7978142076502732
0.8620689655172413
0.4583333333333333
0.8130081300813008
0.5754716981132075
0.8073394495412844
0.8130841121495327
0.7741935483870968
0.5472972972972973
0.803030303030303
0.5826771653543307
0.6850393700787402
0.5529411764705883
0.7196652719665272
0.8333333333333334
0.5072463768115942
0.690566037735849
0.6375
0.42105263157894735
0.7013888888888888
0.7440476190476191
0.5655737704918032
0.6736111111111112
0.6778242677824268
0.6758241758241759
0.5714285714285714
0.7759197324414716
0.8548387096774194
0.7284768211920529
0.8130841121495327
0.7368421052631579
0.6762589928057554
0.7784431137724551
0.5
0.6648351648351648
0.7431192660550459
0.4158415841584158
0.5773195876288659
0.5139664804469274
0.7380952380952381
0.5391304347826087
0.7807017543859649
0.6821192052980133
0.7894736842105263
0.5565217391304348
0.7783251231527094
0.7595419847328244
0.5099009900990099
0.8297872340425532
0.5608108108108109
0.569811320754717
0.5411764705882353
0.7966101694915254
0.8865979381443299
0.5491329479768786
0.6466346153846154
0.6055776892430279
0.6509433962264151
0.9567307692307693
0.7916666666666666
0.5531914893617021
0.5912408759124088
0.5083798882681564
0.5876288659793815
0.6339622641509434
0.7647058823529411
0.5067567567567568
0.7518072289156627
0.8072289156626506
0.594059405940594
0.8613861386138614
0.6359832635983264
0.5833333333333334
0.4827586206896552
0.6398104265402843
0.5606060606060606
0.5346534653465347
0.35251798561151076
0.6269230769230769
0.925
0.7617021276595745
0.7520661157024794
0.5135135135135135
0.6236559139784946
0.5057471264367817
0.7457627118644068
0.78125
0.5671641791044776
0.7824427480916031
0.6525821596244131
0.825
0.6069364161849711
0.5154639175257731
0.5643564356435643
0.6910112359550562
0.6183206106870229
0.6826923076923077
0.5714285714285714
0.6216216216216216
0.7261904761904762
0.5769230769230769
0.7048192771084337
0.5238095238095238
0.6538461538461539
0.6095617529880478
0.7185929648241206
0.6039603960396039
0.6212765957446809
0.8316831683168316
0.7974683544303798
0.6820083682008368
0.7049180327868853
0.5742574257425742
0.8059071729957806
0.6516129032258065
0.6354679802955665
0.6416184971098265
0.738498789346247
0.0
0.391304347826087
0.7839506172839507
0.5954198473282443
0.5806451612903226
0.7980295566502463
0.7951807228915663
0.5418994413407822
0.8076923076923077
0.4423076923076923
0.925
0.5181159420289855
0.819672131147541
0.7319148936170212
0.7013574660633484
0.8620689655172413
0.8636363636363636
0.7619047619047619
0.769811320754717
0.5445544554455446
0.6075949367088608
0.559322033898305
0.7469879518072289
0.7319587628865979
0.5141509433962265
0.6881720430107527
0.4166666666666667
0.5545023696682464
0.5418994413407822
0.8055555555555556
0.6131386861313869
0.9166666666666666
0.6018957345971564
0.7078651685393258
0.7282051282051282
0.7796610169491526
0.5263157894736842
0.9137931034482759
0.6106194690265486
0.9538461538461539
0.6910112359550562
0.49171270718232046
0.6350710900473934
0.549520766773163
0.4421052631578947
0.9166666666666666
0.6176470588235294
0.6808510638297872
0.4811320754716981
0.7540983606557377
0.6862745098039216
0.6797385620915033
0.6415094339622641
0.5985576923076923
0.762589928057554
0.7763713080168776
0.7089552238805971
0.9705882352941176
0.7954545454545454
0.7722772277227723
0.5360824742268041
1.0
0.7163461538461539
0.38613861386138615
0.6884422110552764
0.5423728813559322
0.6225895316804407
0.7021276595744681
0.8095238095238095
0.40942028985507245
0.5399361022364217
0.7857142857142857
0.7238805970149254
0.896551724137931
0.6705202312138728
1.0
0.7611940298507462
0.8157894736842105
0.6106194690265486
0.6099290780141844
0.5608108108108109
0.8712121212121212
0.6703296703296703
0.7401574803149606
0.7241379310344828
0.6204379562043796
0.6180555555555556
0.7031802120141343
0.5271565495207667
0.8571428571428571
1.0
0.5763888888888888
0.7913669064748201
0.5346534653465347
0.7245283018867924
0.7290076335877863
0.7584905660377359
0.36082474226804123
0.46808510638297873
0.7455830388692579
0.6994535519125683
0.6521739130434783
0.5423728813559322
0.7251908396946565
0.6230769230769231
0.7488372093023256
0.5401069518716578
0.7457627118644068
0.7614457831325301
0.8625429553264605
0.46808510638297873
0.7284768211920529
0.7806451612903226
0.8333333333333334
0.7548387096774194
0.8876404494382022
0.35135135135135137
0.7878787878787878
0.5072463768115942
0.9615384615384616
0.78125
0.7368421052631579
0.6679245283018868
0.7917675544794189
0.55
0.41605839416058393
0.5172413793103449
0.8969072164948454
0.7450980392156863
0.6512820512820513
0.7409638554216867
0.4482758620689655
0.5111821086261981
0.7079889807162535
0.6557377049180327
0.6183206106870229
0.4367816091954023
0.8271604938271605
0.5148514851485149
1.0
0.7049180327868853
0.967741935483871
0.7339901477832512
0.7471910112359551
0.8514851485148515
0.8348623853211009
0.7320754716981132
0.9361702127659575
0.49635036496350365
0.7456140350877193
0.5972222222222222
0.5474452554744526
0.7722772277227723
0.6294117647058823
0.7473684210526316
0.6153846153846154
0.6194029850746269
0.3829787234042553
0.6289592760180995
0.0
1.0
0.5647058823529412
0.628140703517588
0.5979381443298969
0.8275862068965517
0.6380090497737556
0.7251908396946565
0.5905511811023622
0.9042553191489362
1.0
0.7291666666666666
0.6428571428571429
0.7806451612903226
1.0
0.9015151515151515
0.5886524822695035
0.7491166077738516
0.6534653465346535
0.5752212389380531
0.8715596330275229
0.38823529411764707
0.7288135593220338
0.5359712230215827
1.0
0.5418326693227091
0.48031496062992124
0.6703296703296703
0.7052341597796143
0.7916666666666666
0.6
0.46226415094339623
1.0
0.7409638554216867
0.6111111111111112
