0.6684210526315789
0.719626168224299
0.7913669064748201
0.8189655172413793
0.5683453237410072
0.7931034482758621
0.6380090497737556
0.5283018867924528
0.6372093023255814
0.7319587628865979
0.6226415094339622
0.7322834645669292
1.0
0.592814371257485
0.5495495495495496
0.6418269230769231
0.5255474452554745
0.8373983739837398
0.7698744769874477
0.624113475177305
0.6923076923076923
0.5905511811023622
0.8712121212121212
0.4774774774774775
0.5774647887323944
0.5652173913043478
0.44047619047619047
0.5248618784530387
0.48502994011976047
0.6434782608695652
0.6784452296819788
0.5435897435897435
0.6259541984732825
0.6524822695035462
0.5972222222222222
0.7007874015748031
0.5990566037735849
0.7813953488372093
0.5168269230769231
0.6876513317191283
0.5833333333333334
0.7777777777777778
1.0
0.5168269230769231
0.6995305164319249
0.5693069306930693
1.0
0.57
0.8571428571428571
0.7136150234741784
0.7980769230769231
0.8455284552845529
0.7388059701492538
0.7878787878787878
0.44594594594594594
0.8690476190476191
0.5765765765765766
0.3655913978494624
0.6084905660377359
0.825136612021858
0.8258426966292135
0.7052631578947368
0.8317757009345794
0.7516339869281046
0.875
0.7891566265060241
0.6514423076923077
0.6075471698113207
0.7128712871287128
0.7591973244147158
0.8211382113821138
0.6995305164319249
0.6501766784452296
0.504950495049505
0.6981132075471698
0.6679389312977099
0.5522388059701493
0.527027027027027
0.75
0.7916666666666666
0.6502463054187192
0.6981132075471698
0.648854961832061
0.5840220385674931
0.5503597122302158
0.903954802259887
0.5846153846153846
0.46236559139784944
0.6625
0.772093023255814
0.7035175879396985
0.8333333333333334
0.6395348837209303
0.75
0.5247524752475248
1.0
0.8165137614678899
0.6431924882629108
1.0
0.49382716049382713
0.7236180904522613
0.6113744075829384
0.6492890995260664
0.8057553956834532
0.5688622754491018
1.0
0.6220472440944882
0.5491329479768786
0.648910411622276
0.8021390374331551
0.5362318840579711
0.5847457627118644
0.6473684210526316
0.7910447761194029
0.8207885304659498
0.5673758865248227
0.6011904761904762
0.44086021505376344
0.7697841726618705
0.45217391304347826
0.40476190476190477
0.55
0.7131147540983607
0.5297029702970297
0.7813953488372093
0.49504950495049505
0.7480314960629921
0.7175572519083969
0.7916666666666666
0.5957446808510638
0.5856573705179283
0.5895316804407713
0.59
0.5886524822695035
0.6076923076923076
0.5760869565217391
0.5957446808510638
0.6807511737089202
0.6634615384615384
0.6051282051282051
0.8083333333333333
0.6320754716981132
0.5905511811023622
0.5657370517928287
0.8157894736842105
0.8870056497175142
0.5833333333333334
0.9468085106382979
0.7813620071684588
0.49615384615384617
0.5389221556886228
0.8
0.6928104575163399
0.9680851063829787
0.7156626506024096
0.7322834645669292
0.6666666666666666
1.0
0.7094430992736077
0.49606299212598426
0.7476635514018691
0.6823529411764706
0.956989247311828
0.49101796407185627
0.6521739130434783
0.5072463768115942
0.5526315789473685
0.6226415094339622
0.7754010695187166
0.6208530805687204
0.49635036496350365
0.8
0.7814569536423841
0.8132530120481928
0.8410596026490066
0.7558528428093646
0.48175182481751827
0.44554455445544555
0.7401574803149606
0.851063829787234
0.7451923076923077
0.8508771929824561
0.630057803468208
0.981651376146789
0.5876288659793815
0.5677966101694916
0.7956989247311828
0.8807339449541285
0.7086614173228346
0.6347826086956522
0.44554455445544555
0.6273584905660378
0.8409090909090909
0.5750798722044729
0.7190635451505016
0.7884615384615384
0.9148936170212766
0.725
0.8059071729957806
0.5896414342629482
0.6271186440677966
0.4744525547445255
0.5645161290322581
0.7476635514018691
1.0
0.828125
0.7875
0.9090909090909091
0.569060773480663
0.5594059405940595
0.631578947368421
0.875
0.9047619047619048
0.5902777777777778
0.5649038461538461
0.9096045197740112
0.7590361445783133
0.55
0.6823529411764706
0.6564885496183206
0.6578947368421053
0.6867924528301886
0.6861313868613139
0.59
0.6062992125984252
0.8313253012048193
0.7627906976744186
1.0
0.5149700598802395
0.7388059701492538
0.5507246376811594
0.9680851063829787
0.582089552238806
0.7419354838709677
0.6016949152542372
0.5057471264367817
0.8
0.7697594501718213
0.5419354838709678
0.8173076923076923
0.981651376146789
0.6259541984732825
0.7748344370860927
0.5144230769230769
0.5527156549520766
0.5679012345679012
0.9655172413793104
0.7674418604651163
0.6236559139784946
0.9471153846153846
0.6194690265486725
0.7549668874172185
0.7622641509433963
0.8059071729957806
0.6299212598425197
1.0
0.6724137931034483
0.8690476190476191
0.9655172413793104
0.7706422018348624
0.4876543209876543
0.625
0.8452380952380952
0.5827338129496403
0.5857988165680473
0.7638190954773869
0.8936170212765957
0.8354430379746836
0.6018099547511312
0.38461538461538464
0.8870967741935484
0.6210526315789474
0.5857988165680473
0.7244094488188977
0.5509641873278237
0.6993464052287581
0.5251396648044693
0.7941176470588235
0.6141732283464567
0.9166666666666666
0.7196652719665272
0.5107913669064749
0.7967479674796748
0.9459459459459459
0.8712121212121212
0.8623853211009175
0.8413461538461539
0.7404255319148936
0.9516129032258065
0.6041666666666666
0.8983050847457628
0.5373134328358209
0.5139664804469274
0.6058823529411764
0.6153846153846154
0.8
0.908256880733945
0.6889632107023411
0.6
0.8852459016393442
0.6170212765957447
0.6086956521739131
0.49122807017543857
0.6410256410256411
0.696969696969697
0.9827586206896551
0.56
0.9405940594059405
0.7241379310344828
1.0
0.725752508361204
0.6428571428571429
0.4942528735632184
0.56353591160221
0.8110236220472441
0.7967914438502673
0.7189542483660131
0.8103448275862069
0.6862745098039216
0.639344262295082
0.8300653594771242
0.3655913978494624
0.9278846153846154
0.43575418994413406
0.5671641791044776
0.5370370370370371
0.6715328467153284
0.7112299465240641
0.6127167630057804
0.5833333333333334
0.5
0.6641509433962264
0.5405405405405406
0.7491166077738516
0.8
0.30952380952380953
0.6466346153846154
0.7238805970149254
0.5192307692307693
0.39285714285714285
0.539568345323741
0.5841584158415841
0.6192307692307693
0.7540106951871658
0.5932203389830508
0.8305084745762712
0.6736842105263158
0.7276595744680852
0.39603960396039606
0.7761194029850746
0.6633663366336634
0.8743169398907104
0.5580110497237569
0.8811881188118812
0.5120192307692307
0.7450980392156863
0.7194570135746606
0.9908256880733946
0.7303370786516854
0.745819397993311
0.6901408450704225
0.5671641791044776
0.7777777777777778
0.5439560439560439
0.7789473684210526
0.631578947368421
0.5694444444444444
0.8315412186379928
0.5529411764705883
0.6377952755905512
0.7339449541284404
0.7166666666666667
0.6548672566371682
0.5474452554744526
0.6996466431095406
0.6726190476190477
0.5824175824175825
0.5625
0.7285223367697594
0.5857988165680473
0.56353591160221
0.7044334975369458
0.5144230769230769
0.6460176991150443
0.4158415841584158
0.9711538461538461
0.6745283018867925
0.6194690265486725
0.7447698744769874
0.5419354838709678
0.6882352941176471
0.5970149253731343
0.6666666666666666
0.7035175879396985
0.7670250896057348
0.514792899408284
0.5508474576271186
0.8342245989304813
0.5680473372781065
0.7191283292978208
0.4166666666666667
0.5527156549520766
0.7692307692307693
0.5740740740740741
0.5934065934065934
0.847457627118644
0.599009900990099
0.8504672897196262
0.8057553956834532
0.7789473684210526
0.825136612021858
0.95
0.8655913978494624
0.56353591160221
0.7734939759036145
0.7813620071684588
0.549800796812749
0.5419354838709678
0.6995073891625616
0.8135593220338984
0.40476190476190477
0.5036496350364964
0.819672131147541
0.7931034482758621
0.5
0.8373983739837398
0.6037735849056604
0.8165137614678899
0.8317757009345794
0.7903225806451613
0.5067567567567568
0.8333333333333334
0.6377952755905512
0.7559055118110236
0.5588235294117647
0.7364016736401674
0.8385416666666666
0.5543478260869565
0.720754716981132
0.575
0.5789473684210527
0.5833333333333334
0.6666666666666666
0.5819672131147541
0.5763888888888888
0.7405857740585774
0.5439560439560439
0.6904761904761905
0.7591973244147158
0.8763440860215054
0.7615894039735099
0.822429906542056
0.7684210526315789
0.762589928057554
0.46706586826347307
0.5841584158415841
0.5659340659340659
0.7431192660550459
0.4752475247524752
0.5670103092783505
0.4581005586592179
0.8809523809523809
0.6347826086956522
0.8333333333333334
0.6821192052980133
0.6631578947368421
0.6347826086956522
0.7044334975369458
0.7480916030534351
0.5594059405940595
0.7914893617021277
0.5135135135135135
0.6679245283018868
0.6705882352941176
0.847457627118644
0.7250859106529209
0.5606936416184971
0.6201923076923077
0.5418326693227091
0.6792452830188679
0.9711538461538461
0.7916666666666666
0.5602836879432624
0.635036496350365
0.4692737430167598
0.5773195876288659
0.6566037735849056
0.7973856209150327
0.49324324324324326
0.7662650602409639
0.8024096385542169
0.6732673267326733
0.900990099009901
0.6443514644351465
0.6527777777777778
0.47126436781609193
0.6492890995260664
0.6515151515151515
0.5495049504950495
0.35611510791366907
0.573076923076923
0.95
0.7489361702127659
0.6060606060606061
0.43243243243243246
0.6344086021505376
0.4827586206896552
0.6682808716707022
0.796875
0.6268656716417911
0.7748091603053435
0.704225352112676
0.7875
0.6069364161849711
0.5773195876288659
0.5495049504950495
0.7865168539325843
0.6335877862595419
0.7692307692307693
0.6904761904761905
0.5315315315315315
0.6547619047619048
0.625
0.7228915662650602
0.6904761904761905
0.75
0.5737051792828686
0.7085427135678392
0.7128712871287128
0.6595744680851063
0.8811881188118812
0.8185654008438819
0.7238493723849372
0.6721311475409836
0.5792079207920792
0.8312236286919831
0.4774193548387097
0.6009852216748769
0.6763005780346821
0.6779661016949152
0.8
0.4492753623188406
0.47530864197530864
0.5877862595419847
0.5268817204301075
0.6847290640394089
0.8048192771084337
0.5363128491620112
0.8365384615384616
0.5865384615384616
0.8
0.5688405797101449
0.8469945355191257
0.7276595744680852
0.6832579185520362
0.8448275862068966
0.9015151515151515
0.6369047619047619
0.7660377358490567
0.5445544554455446
0.6666666666666666
0.6016949152542372
0.8012048192771084
0.6357388316151202
0.5660377358490566
0.6129032258064516
0.44047619047619047
0.5829383886255924
0.46368715083798884
0.7222222222222222
0.6423357664233577
0.946969696969697
0.5876777251184834
0.7808988764044944
0.7589743589743589
0.8305084745762712
0.5263157894736842
0.9482758620689655
0.6194690265486725
0.958974358974359
0.7191011235955056
0.5138121546961326
0.6303317535545023
0.5559105431309904
0.4473684210526316
0.875
0.6058823529411764
0.7446808510638298
0.5283018867924528
0.7049180327868853
0.7254901960784313
0.7581699346405228
0.7018867924528301
0.6105769230769231
0.7769784172661871
0.8143459915611815
0.7388059701492538
0.9823529411764705
0.8333333333333334
0.8118811881188119
0.5670103092783505
1.0
0.6394230769230769
0.49504950495049505
0.6683417085427136
0.559322033898305
0.5537190082644629
0.7106382978723405
0.8690476190476191
0.48188405797101447
0.5623003194888179
0.8571428571428571
0.7611940298507462
0.896551724137931
0.6473988439306358
1.0
0.7089552238805971
0.868421052631579
0.5929203539823009
0.6879432624113475
0.5472972972972973
0.8939393939393939
0.6098901098901099
0.7874015748031497
0.7931034482758621
0.6277372262773723
0.5763888888888888
0.6643109540636042
0.5399361022364217
0.9166666666666666
1.0
0.5277777777777778
0.8273381294964028
0.5841584158415841
0.7509433962264151
0.7175572519083969
0.7584905660377359
0.5360824742268041
0.574468085106383
0.7279151943462897
0.7540983606557377
0.5362318840579711
0.5847457627118644
0.6641221374045801
0.5653846153846154
0.7441860465116279
0.5935828877005348
0.7796610169491526
0.7662650602409639
0.7353951890034365
0.574468085106383
0.7615894039735099
0.5419354838709678
0.8489583333333334
0.5290322580645161
0.9269662921348315
0.3333333333333333
0.8181818181818182
0.5471014492753623
0.9326923076923077
0.8072916666666666
0.7684210526315789
0.6867924528301886
0.7506053268765133
0.58
0.5036496350364964
0.5172413793103449
0.7766323024054983
0.7712418300653595
0.6102564102564103
0.7771084337349398
0.5632183908045977
0.5143769968051118
0.5785123966942148
0.5737704918032787
0.6335877862595419
0.47126436781609193
0.5679012345679012
0.5594059405940595
1.0
0.7131147540983607
0.967741935483871
0.6551724137931034
0.8370786516853933
0.9405940594059405
0.8165137614678899
0.7320754716981132
0.9574468085106383
0.5474452554744526
0.7894736842105263
0.6041666666666666
0.635036496350365
0.8811881188118812
0.611764705882353
0.7789473684210526
0.5538461538461539
0.6268656716417911
0.4326241134751773
0.6108597285067874
0.8
1.0
0.6588235294117647
0.6633165829145728
0.5876288659793815
0.8103448275862069
0.6153846153846154
0.7022900763358778
0.7007874015748031
0.9361702127659575
1.0
0.7291666666666666
0.7619047619047619
0.5419354838709678
1.0
0.9318181818181818
0.6453900709219859
0.7314487632508834
0.6633663366336634
0.6106194690265486
0.8807339449541285
0.5176470588235295
0.847457627118644
0.5215827338129496
1.0
0.5657370517928287
0.5826771653543307
0.5054945054945055
0.581267217630854
0.7916666666666666
0.6705882352941176
0.5283018867924528
1.0
0.7771084337349398
0.6666666666666666
