0.15013404825737264
0.16666666666666663
0.3547169811320755
0.25
0.14486921529175045
0.23580786026200873
0.11111111111111116
0.15053763440860213
0.2610966057441253
0.1903171953255426
0.14358974358974363
0.12720848056537104
0.5915492957746479
0.242603550295858
0.36363636363636365
0.08939974457215838
0.13127413127413123
0.5204460966542751
0.07692307692307687
0.31229235880398676
0.12380952380952381
0.19753086419753085
0.2596491228070176
0.12972972972972974
0.48275862068965514
0.12375249500998009
0.1146496815286624
0.18068535825545173
0.19999999999999996
0.3105022831050228
0.14741035856573703
0.13731343283582087
0.12878787878787878
0.336996336996337
0.13157894736842102
0.3275862068965517
0.08823529411764708
0.400990099009901
0.07446808510638303
0.08454106280193241
0.1573770491803279
0.29830508474576267
0.8064516129032258
0.0767123287671233
0.16582914572864327
0.09137055837563457
1.0
0.20725388601036265
0.30434782608695654
0.2525252525252525
0.31958762886597936
0.5577689243027888
0.38735177865612647
0.37275985663082434
0.1030927835051546
0.2978723404255319
0.32460732984293195
0.130718954248366
0.08372093023255811
0.18095238095238098
0.1620370370370371
0.15856777493606133
0.265625
0.1548387096774193
0.2931034482758621
0.26016260162601623
0.0699638118214716
0.1594827586206896
0.26
0.23102310231023104
0.546875
0.3107769423558897
0.14453125
0.09890109890109888
0.18934911242603547
0.10526315789473684
0.21238938053097345
0.09999999999999998
0.2426778242677824
0.6222222222222222
0.20654911838790935
0.1421568627450981
0.11313131313131308
0.0942126514131898
0.1155378486055777
0.4314868804664723
0.14534883720930236
0.12903225806451613
0.40476190476190477
0.4139650872817955
0.08551068883610446
0.27118644067796616
0.15642458100558654
0.25130890052356025
0.0949720670391061
1.0
0.4722222222222222
0.15121951219512197
0.9411764705882353
0.3355263157894737
0.0976744186046512
0.07606263982102912
0.0778032036613272
0.3587786259541985
0.3950617283950617
1.0
0.14693877551020407
0.09883720930232553
0.08999999999999997
0.17616580310880825
0.368
0.15859030837004406
0.17994858611825193
0.19285714285714284
0.1439114391143912
0.1410788381742739
0.12650602409638556
0.1568627450980392
0.46875
0.17391304347826086
0.07058823529411762
0.21621621621621623
0.21052631578947367
0.0802139037433155
0.19626168224299068
0.2331288343558282
0.15498154981549817
0.10727969348659006
0.25
0.14937759336099588
0.1698513800424628
0.09562841530054644
0.21276595744680848
0.14937759336099588
0.211864406779661
0.12350597609561753
0.3484848484848485
0.14939759036144573
0.2844036697247706
0.15934065934065933
0.3568464730290456
0.09113924050632916
0.14814814814814814
0.17429193899782136
0.2770562770562771
0.4314868804664723
0.10830324909747291
0.4568527918781726
0.11787072243346008
0.13272311212814647
0.20298507462686566
0.01320132013201325
0.14723926380368102
0.625
0.1491782553729456
0.3275862068965517
0.1573770491803279
0.9803921568627451
0.06962785114045622
0.16666666666666663
0.29565217391304344
0.303030303030303
0.3870967741935484
0.191358024691358
0.25
0.1428571428571429
0.16216216216216217
0.14213197969543145
0.1705426356589147
0.06756756756756754
0.13709677419354838
0.013605442176870763
0.341296928327645
0.2637362637362637
0.7066666666666667
0.23232323232323238
0.13991769547325106
0.09045226130653261
0.15444015444015446
0.594059405940594
0.291970802919708
0.2794759825327511
0.09289617486338797
0.7431192660550459
0.14814814814814814
0.13793103448275867
0.20903954802259883
0.33333333333333337
0.31932773109243695
0.2767857142857143
0.07999999999999996
0.08955223880597019
0.35862068965517246
0.0791738382099828
0.11650485436893199
0.32291666666666663
0.8541666666666666
0.5128205128205128
0.2577962577962578
0.16806722689075626
0.31034482758620685
0.14345991561181437
0.18181818181818177
0.16535433070866146
0.8
0.2454308093994778
0.3908045977011494
0.29166666666666663
0.1700879765395894
0.09424083769633507
0.1578947368421053
0.3706896551724138
0.2901554404145078
0.13559322033898302
0.1428571428571429
0.6099706744868035
0.14694894146948945
0.2222222222222222
0.3125
0.19330855018587356
0.2702702702702703
0.12133072407045009
0.38524590163934425
0.213903743315508
0.14876033057851235
0.17506631299734743
0.29268292682926833
1.0
0.19374999999999998
0.19780219780219777
0.36220472440944884
0.6
0.20512820512820518
0.11891891891891893
0.10612244897959189
0.2516556291390728
0.012944983818770184
0.194888178913738
0.41216216216216217
0.31958762886597936
0.7762557077625571
0.10370370370370374
0.3355704697986577
0.08847184986595169
0.07903780068728528
0.3100303951367781
0.8064516129032258
0.28915662650602414
0.2233502538071066
0.4158878504672897
0.13502109704641352
0.36363636363636365
0.1129326047358834
0.14516129032258063
0.19917012448132776
0.9642857142857143
0.23584905660377353
0.29166666666666663
0.6
0.6161137440758293
0.28093645484949836
0.15555555555555556
0.2857142857142857
0.18972332015810278
0.2068965517241379
0.0848214285714286
0.47058823529411764
0.2546201232032854
0.106280193236715
0.08668730650154799
0.5
0.09909909909909909
0.20433436532507743
0.32067510548523204
0.06052631578947365
0.22857142857142854
0.1428571428571429
0.5316455696202531
0.14876033057851235
0.25514403292181065
0.07821229050279332
0.12184873949579833
0.4156862745098039
0.9189189189189189
0.36111111111111116
0.4753363228699552
0.21204819277108433
0.30112359550561796
0.3475935828877005
0.10676156583629892
0.36151603498542273
0.19999999999999996
0.22295081967213115
0.1708185053380783
0.21413276231263378
0.013029315960912058
0.812785388127854
0.2421052631578947
0.42599277978339345
0.32054176072234764
0.14516129032258063
0.09411764705882353
0.25
0.32417582417582413
0.13235294117647056
0.8
0.21276595744680848
0.5236051502145922
0.4727272727272728
1.0
0.13827993254637438
0.1573033707865169
0.16993464052287577
0.17109144542772858
0.2588235294117647
0.16582914572864327
0.1568627450980392
0.3423423423423423
0.13793103448275867
0.12355212355212353
0.2259136212624585
0.12903225806451613
0.5533980582524272
0.14084507042253525
0.18461538461538463
0.3157894736842105
0.31075697211155373
0.11340206185567014
0.08785529715762275
0.1113243761996161
0.09933774834437081
0.19631901840490795
0.34444444444444444
0.24196597353497162
0.012944983818770184
0.07246376811594202
0.08188585607940446
0.369811320754717
0.09028727770177836
0.13157894736842102
0.12133891213389125
0.09160305343511455
0.1868365180467091
0.13123359580052496
0.2533333333333333
0.196078431372549
0.14876033057851235
0.30454545454545456
0.08421052631578951
0.19354838709677424
0.26
0.18313253012048192
0.1690962099125365
0.20661157024793386
0.07734806629834257
0.15000000000000002
0.17129629629629628
0.7853881278538812
0.1182519280205655
0.23549488054607504
0.15308641975308646
0.2016806722689075
0.19333333333333336
0.13411078717201164
0.3214285714285714
0.1428571428571429
0.31666666666666665
0.1439114391143912
0.06557377049180324
0.19047619047619047
0.5047619047619047
0.38565022421524664
0.13559322033898302
0.1283018867924528
0.12757973733583494
0.1581920903954802
0.16393442622950816
0.2007168458781362
0.1962134251290878
0.20433436532507743
0.17210682492581597
0.2660098522167488
0.07788595271210019
0.13617021276595742
0.08421052631578951
0.3855421686746988
0.14077669902912626
0.13008130081300817
0.0792452830188679
0.42068965517241375
0.48630136986301364
0.3319502074688797
0.1586402266288952
0.08490566037735847
0.12267657992565051
0.08125000000000004
0.1145374449339207
0.2481012658227848
0.20433436532507743
0.08557457212713937
0.1282051282051282
0.08027923211169286
0.35238095238095235
0.3090909090909091
0.25936599423631124
0.26573426573426573
0.11586901763224178
0.29323308270676696
0.3533834586466166
0.33333333333333337
0.1826923076923077
0.5063291139240507
0.30028328611898014
0.17159763313609466
0.19207683073229287
0.14417744916820707
0.1659751037344398
0.41355932203389834
0.18092909535452317
0.2571428571428571
0.13157894736842102
0.13709677419354838
0.18446601941747576
0.3964757709251101
0.11857707509881421
0.5283018867924528
0.14507772020725385
0.47111111111111115
0.2698412698412699
0.4655172413793104
0.10135135135135132
0.32974910394265233
0.11764705882352944
0.14074074074074072
0.16842105263157892
0.09037328094302555
0.25316455696202533
0.12525252525252528
0.11698113207547167
0.1875
0.16666666666666663
0.2007168458781362
0.1586402266288952
0.24489795918367352
0.19512195121951215
0.07581227436823101
0.1352941176470588
0.3529411764705882
0.23429541595925296
0.24861878453038677
0.3322259136212624
0.28888888888888886
0.3228699551569507
0.3601532567049809
0.20666666666666667
0.09793814432989689
0.1607142857142857
0.4953271028037384
0.0788177339901478
0.14893617021276595
0.217687074829932
0.3893805309734514
0.25217391304347825
0.27586206896551724
0.5673758865248226
0.13881748071979438
0.25
0.27341772151898736
0.10852713178294571
0.10354223433242504
0.24053452115812912
0.09999999999999998
0.1464354527938343
0.28409090909090906
0.2695035460992907
0.19191919191919193
0.06162464985994398
0.09125475285171103
0.1293302540415704
0.23589743589743595
0.5918854415274464
0.6616541353383458
0.12345679012345678
0.3263598326359832
0.2222222222222222
0.14432989690721654
0.19875776397515532
0.21333333333333337
0.101010101010101
0.14880201765447665
0.13736903376018628
0.26530612244897955
0.21940928270042193
0.08450704225352113
0.15053763440860213
0.26388888888888884
0.06507592190889366
0.12328767123287676
0.09375
0.14009661835748788
0.20920502092050208
0.4819277108433735
0.3183856502242153
0.09433962264150941
0.1797752808988764
0.13255360623781676
0.23129251700680276
0.08674101610904583
0.30727762803234504
0.17741935483870963
0.20729366602687138
0.14320987654320982
0.38636363636363635
0.09444444444444444
0.11458333333333337
0.11311053984575836
0.11891891891891893
0.12639405204460963
0.29955947136563876
0.26415094339622647
0.3369565217391305
0.15083798882681565
0.22346368715083798
0.2848664688427299
0.3076923076923077
0.19827586206896552
0.125
0.08391608391608396
0.24880382775119614
0.2018779342723005
0.2175732217573222
0.25152129817444224
0.07986111111111116
0.22388059701492535
0.1132075471698113
0.25306122448979596
0.16507936507936505
0.1362397820163488
0.12690355329949243
0.1116751269035533
0.013157894736842146
0.1512605042016807
0.25545171339563866
0.13709677419354838
0.14035087719298245
0.27
0.1442542787286064
0.217687074829932
0.41414141414141414
0.22009569377990434
0.39766081871345027
0.12133072407045009
0.33251833740831294
0.31767337807606266
0.18439716312056742
0.49777777777777776
0.48920863309352514
0.15297450424929182
0.10490693739424706
0.09207161125319696
0.21006564551422324
0.10788381742738584
0.2594594594594595
0.13479052823315119
0.09045226130653261
0.11891891891891893
0.1282051282051282
0.0680272108843537
0.1523809523809524
0.20740740740740737
0.34782608695652173
0.740484429065744
0.07025761124121777
0.10679611650485432
0.3189189189189189
0.25850340136054417
0.28985507246376807
0.4769230769230769
0.1385281385281385
0.8549222797927462
0.11253196930946296
0.17469879518072284
0.06772009029345372
0.07167235494880542
0.07975460122699385
0.2157676348547718
0.2508960573476703
0.45296167247386765
0.15300546448087426
0.22818791946308725
0.25263157894736843
0.3076923076923077
0.18604651162790697
0.09536423841059605
0.3587786259541985
0.2520325203252033
0.19494584837545126
0.8362573099415205
0.37142857142857144
0.13385826771653542
0.11827956989247312
0.9056603773584906
0.11557788944723613
0.08999999999999997
0.09022556390977443
0.11158798283261806
0.06849315068493156
0.2876404494382022
0.2931937172774869
0.1282051282051282
0.07167235494880542
0.41509433962264153
0.16842105263157892
0.4482758620689655
0.14525139664804465
0.7936507936507937
0.3904382470119522
0.27118644067796616
0.12448132780082988
0.3864406779661017
0.09375
0.3571428571428571
0.26706231454005935
0.310204081632653
0.3214285714285714
0.3471074380165289
0.20143884892086328
0.14453125
0.073943661971831
0.34408602150537637
0.8333333333333334
0.1578947368421053
0.279245283018868
0.27083333333333337
0.11481481481481481
0.14509803921568631
0.11032028469750887
0.10256410256410253
0.19999999999999996
0.13883677298311448
0.1826923076923077
0.3801652892561983
0.1074380165289256
0.19402985074626866
0.1586638830897703
0.3107769423558897
0.12979351032448383
0.2647058823529411
0.1426844014510278
0.1952054794520548
0.20377358490566033
0.3355704697986577
0.14093959731543626
0.2953367875647669
0.41355932203389834
0.3793103448275862
0.15286624203821653
0.3781818181818182
0.124
0.56
0.2976501305483029
0.36363636363636365
0.19393939393939397
0.10035842293906805
0.21621621621621623
0.13492063492063489
0.24836601307189543
0.2046979865771812
0.14501510574018128
0.1865889212827988
0.18138424821002386
0.2516556291390728
0.07486631016042777
0.09472259810554806
0.08270676691729328
0.1045296167247387
0.16993464052287577
0.3081570996978852
0.09473684210526312
0.8888888888888888
0.21818181818181814
0.48
0.17955112219451375
0.11586901763224178
0.2975206611570248
0.46288209606986896
0.10839160839160844
0.6
0.2702702702702703
0.22608695652173916
0.09964412811387902
0.24691358024691357
0.3116883116883117
0.4244604316546763
0.32579185520361986
0.09185803757828814
0.27350427350427353
0.136986301369863
0.11675126903553301
0.014234875444839812
0.5753424657534247
0.1807228915662651
0.08866995073891626
0.1465968586387435
0.3438914027149321
0.12470023980815348
0.09504950495049502
0.14785992217898836
0.4390243902439024
1.0
0.32664756446991405
0.2807017543859649
0.41216216216216217
0.9545454545454546
0.7137809187279152
0.28800000000000003
0.15530303030303028
0.25365853658536586
0.13793103448275867
0.9223300970873787
0.17647058823529416
0.29370629370629375
0.11599999999999999
0.9894736842105263
0.16563146997929612
0.14937759336099588
0.1406727828746177
0.09575923392612862
0.5774647887323944
0.31055900621118016
0.14358974358974363
0.975609756097561
0.2704225352112676
0.21276595744680848
