0.62912033722141
0.6963389000812872
0.5884575155485934
0.7591815318173287
0.6734522687970517
0.6829294339178085
0.5177771042937576
0.6433168509414338
0.6706788855239447
0.6471665468143486
0.7813407792346543
0.6898024832626971
0.7708445162904278
0.8039905465331668
0.8014071852816801
0.7656888144261489
0.5675823712264418
0.7924789994636445
0.6912788600760552
0.4276337839297072
0.5630552859750853
0.49837595824226255
0.6376463054117608
0.7170267804825687
0.8932670394370805
0.6031486987837509
0.3039872540724263
0.5624538237709232
0.8312117394621581
0.49371673359290347
0.7393962114024283
0.7208803572598823
0.6207731502924809
0.4398005625967406
0.5868312493774868
0.6347215705342414
0.5364845381961463
0.8222548226047856
0.48628595601482943
0.7156265732579511
0.5113269815977982
0.7158627907654838
0.8900247521052611
0.5291723511594106
0.6932102501020905
0.5160535363887563
0.9897847467359863
0.6469553120244471
0.6481028147411381
0.7028270139298416
0.6802522660411003
0.8696989269980926
0.6916993332843084
0.508066011629187
0.4396227531763474
0.6300280466617714
0.8224684860122116
0.21972167731234574
0.5289635039098648
0.6326546204514711
0.472332571160632
0.737706967918259
0.7416619529407923
0.6598831368322949
0.9218932882781838
0.6774467297543216
0.7154159630330672
0.6192996780524935
0.611246552186492
0.7167925990218377
0.7785652373949075
0.6804025541924941
0.7387835433811014
0.5366514435302161
0.6400282550404239
0.6591099665916103
0.6127833741443708
0.5419084553811064
0.5012074581470912
0.9074244682670289
0.5796313222166738
0.6096673304499001
0.6426292616675094
0.6887341209159938
0.645062046094492
0.896614535835571
0.7664947353457365
0.6055417685766197
0.6404031681110761
0.8237028665560996
0.5804808868671938
0.7331691862864722
0.41492037110490493
0.6347455925583482
0.607408292405269
0.7163488149630864
0.6311014368193737
0.6270659384670276
0.9902479859060486
0.6228234376342329
0.6279646294352794
0.5947238954663129
0.5886872579836211
0.6400730293357452
0.9171209886311382
0.985575184513536
0.6766304182085308
0.48508452194248913
0.6923431314157913
0.7349312557029123
0.7381543819706233
0.38221812896930696
0.6270800470745697
0.7816818639974077
0.7274956451048613
0.6172786305898197
0.6563579185583928
0.513208901093412
0.6249657058717513
0.3134073727064931
0.253086403671475
0.6065029167903788
0.4541870347564234
0.5214593898420636
0.7967593994146377
0.5410088527290708
0.745168743645523
0.689301842264781
0.5718337437480433
0.6332084254009966
0.6965668948037681
0.6644139850428192
0.5841639131540083
0.638095759979268
0.6731116394020604
0.6423739569156316
0.44108475625272847
0.6333327698937552
0.4684871468636568
0.6586858499332864
0.7916348400251849
0.5976304199921368
0.6455330053660978
0.7485321780603438
0.7042061630077754
0.8633800046332423
0.6074901022953292
0.8182599245420092
0.7284101527621343
0.6140148893897012
0.7129421736626542
0.1887138156634417
0.729215368156515
0.8125786774836925
0.6046711477198058
0.719062925148535
0.6901868438896761
0.9902479859060486
0.6890057956350076
0.5486952726597156
0.6710163176839483
0.6259333940603107
0.6762768511885189
0.7836355373553281
0.4007738087565035
0.7490838083794571
0.3432652321561356
0.733848304361117
0.7628478732750796
0.5568389386203996
0.5047876579481089
0.12457098328601388
0.6562157081515706
0.7408975443083616
0.7676129587956192
0.6866790110437158
0.6160875360976978
0.41194050606893784
0.7977991563432887
0.6617719598799805
0.4950932234027885
0.7288396370163377
0.4812243451826363
0.7522454982873746
0.4507234869815485
0.400142720396583
0.637361896673304
0.7429164362818179
0.6070679847585868
0.4892725331740344
0.4461421707939084
0.5716947859313721
0.5525186451187748
0.5778593799624906
0.7090821486260517
0.706243131335138
0.6730725991432046
0.6897121315135759
0.6152990051734744
0.7317061643385048
0.557317070387285
0.6223455853019438
0.23235906624203442
0.7196977505096207
0.40325980781792814
0.5873292103638424
0.7246718955179139
0.6348677740537427
0.5993010940568844
0.5379438727830218
0.3167828879633572
0.9369724543043865
0.6238553089091301
0.6305267446615234
0.6814453327989307
0.8972583428828079
0.6598533130140374
0.6393212949162789
0.6356602066912964
0.6369010886480341
0.3265088540527783
0.6407220986660436
0.5666658905779696
0.6273045816700934
0.637569961801763
0.789345750911129
0.8108161845681641
0.9467362405626588
0.8479216496505819
0.700376763063247
0.7017739909928113
0.7625167429747681
0.5531565016640989
0.6655937730647792
0.3354517506606056
0.5666379960957312
0.19018584577726771
0.6326294200649816
0.7152200164360154
0.675687877286847
0.6781679868194248
0.6472083024231914
0.6493333440524842
0.6151828205129362
0.5479364039807012
0.6253861652750574
0.8749221194721967
0.8017345341667503
0.541484720554597
0.57027809503907
0.6083060876965449
0.7162334970188959
0.7003598829378017
0.6404488017386256
0.6943661917039994
0.9897847467359863
0.7127095357763651
0.626633051340063
0.4163112431164316
0.8682526740012215
0.5374492774528913
0.6392034123581061
0.6027101218113452
0.6192672757321487
0.5801463642722695
0.6001322754739282
0.8111708282414739
0.6470897374014384
0.5446877565126358
0.5181671008986604
0.5493695681406828
0.44579018344644245
0.5751333179453993
0.6542193284916451
0.6415478197268535
0.6721105661006909
0.6795076426785329
0.6154878050768595
0.6398792750137164
0.946703325489639
0.6874617316229285
0.6666927170099829
0.646570168948386
0.8870668271523843
0.5230090687434389
0.8417010046290294
0.4895694557072923
0.7119980218171633
0.6762768511885189
0.5519218056214112
0.8976248718557414
0.35606893436765286
0.7034037355567714
0.6295852387681276
0.6891557023337873
0.12389321440147588
0.7512429931890524
0.7073741828505109
0.6471658259562896
0.6263323812171575
0.5802567762710038
0.31497568726128644
0.5101563876325821
0.7035505532585236
0.48928240458580186
0.8532984871524396
0.46906801378327423
0.6195083739390621
0.8117734847405637
0.8177770427733683
0.6809415320534011
0.6481678137897817
0.6206015895564703
0.5627994346223787
0.8820430653804406
0.7196691015287467
0.7452974216878953
0.7860002888817013
0.6498005206957034
0.41344817468352735
0.65194677763987
0.4274585231001894
0.5741030036608328
0.7264391323738597
0.5330788101963645
0.563712018451245
0.589822865638653
0.6827871768619915
0.4933657501983757
0.5775139125141917
0.487106166427499
0.6646584411341101
0.6610597445417213
0.7483968933384986
0.12411122489048151
0.30496942720871056
0.7549166458230688
0.6156867480308417
0.6156690668328316
0.3500964813248416
0.661500010681374
0.6067258467727479
0.6694480928441258
0.6893363595615405
0.6969492982913658
0.7898941032329717
0.7326558079004348
0.7084333056796859
0.4677177263911984
0.7627817966155214
0.6544585094160309
0.7118585831893358
0.6038951423357828
0.6219827439024761
0.5567815444078825
0.7198829410572165
0.5849108778132113
0.6977039538527967
0.47149444589818124
0.7122355530516464
0.6083779112484877
0.5300316340190383
0.5109282271677684
0.5991791390375605
0.6601245530191391
0.6525171021313236
0.7725673813102905
0.7472616421851503
0.28287026312297403
0.6864580194731055
0.7711599773042709
0.7481645274691683
0.5179847141059448
0.5751329658755251
0.7082489593899901
0.6759253558603187
0.5905290152927793
0.6332813501883334
0.6918160340396042
0.5767125280596728
0.5640205215144332
0.6802636282126453
0.5530606169483778
0.5832364604768021
0.48315533649077025
0.5992875653593763
0.5848284253246702
0.5404385947728259
0.6499959100187005
0.5861678586857776
0.6381648984170161
0.6340718863744677
0.6601751400208528
0.6642350865020766
0.6749537796554521
0.5435360633791485
0.38473398359506733
0.8107115287414605
0.6518166526568825
0.6919210714742166
0.34964226024447226
0.5635507735594961
0.6015817522987347
0.5572914621097422
0.6492619587024242
0.6397519169056887
0.5746960631623996
0.7511100727688979
0.5917233122205927
0.6350049923245848
0.6250786194325992
0.7163488149630864
0.6719203946381112
0.5638610067974037
0.6200097714820262
0.7179088304258836
0.7287677470510662
0.5693675575828474
0.6842024890692741
0.6437066179952887
0.2471877128289055
0.5873440776580289
0.5887896508637459
0.7648390218418184
0.5575108561536066
0.7832412356291965
0.7388824576313349
0.7905031926863924
0.7406332035922925
0.5998349814878643
0.45232642259210626
0.6268325739564705
0.4839700915987858
0.7130657630486419
0.4970581876691025
0.6592242170214121
0.5426205676092171
0.621576210450097
0.6544507216852113
0.7106225571246882
0.3384221362367623
0.6487399776934897
0.6733382049030883
0.35711443196396697
0.6425592973384129
0.6381560472536455
0.669197125444459
0.5941300931553462
0.7046302403060463
0.5937782243788866
0.6444249064431926
0.7060699270665598
0.6618657776681605
0.5889876660014185
0.8478693918735278
0.5685533783483648
0.6312595312394556
0.7677909697639755
0.46859200451633526
0.4017250126752632
0.7221540286544874
0.6318352880700895
0.4036567347565673
0.7370560856817159
0.6903541990753678
0.6653021811581392
0.38272597405096376
0.6667299981218393
0.6942337064041906
0.5759359324794193
0.6931721198994931
0.4479179853942235
0.5750143441900069
0.5634554978566966
0.7252773344805785
0.6900608875962178
0.4876666334668861
0.7355155485164064
0.7686347663915005
0.7399624636722368
0.627759768480098
0.8464071939561022
0.626931948463938
0.5438440275676857
0.725132986015016
0.39339009250658963
0.6664729004995882
0.6925687327229899
0.4459014364619203
0.6349801168653775
0.6266444879745295
0.608730355713448
0.5230509121915218
0.6609684667985807
0.5977945439097136
0.4898377040000564
0.46903025673244714
0.4455353492453233
0.6084192739673377
0.6137775126194572
0.6218342329095607
0.7148659143691174
0.6621633029677638
0.7168818623837887
0.6610261044122131
0.5639613573280629
0.5902520025537683
0.7124313278924084
0.6052058318386715
0.5125325527439658
0.7623030461889426
0.6186103115867503
0.7149920422099507
0.5079185877742727
0.4227595981357597
0.6121465559231605
0.49961865860851773
0.626818236734012
0.5291408142363732
0.4373778928884734
0.8174926969085126
0.6713293949598446
0.5090192307874486
0.7460520662963703
0.41139184091484426
0.5159895044842737
0.7667446624357221
0.6762322207117594
0.6499925208887705
0.5854239762942504
0.5298261654964632
0.6624883329683784
0.6648992143405781
0.4259544835595031
0.6634794470060319
0.6407398417526937
0.6127313218844248
0.6665839298744682
0.5419682942799421
0.6686158509902298
0.12402803684850079
0.5121003873235045
0.5212518204305243
0.6305950792208885
0.5127858996510071
0.6835408123186093
0.6953209567497827
0.7161771271997421
0.7687133001705098
0.4229449779883998
0.8357689603034706
0.6161970093472361
0.6273968178991531
0.6653193369384167
0.6157901910236655
0.7904740228956635
0.6818239577658944
0.6723506334417154
0.6957199118452959
0.6012526055774583
0.5074659515774208
0.3591913642768319
0.7461235292810577
0.6902869191403564
0.4481005987664265
0.49927908443998503
0.43734750665831723
0.4862349143015777
0.6751028469403821
0.9074244682670289
0.5837737128221654
0.6569715526584292
0.5297643122301079
0.5141180694424634
0.7731308697707511
0.6555584006480473
0.37796601705732735
0.5637044762406856
0.5837532942226575
0.9452197279197154
0.45007812006647097
0.5496921381314424
0.5841369414761851
0.6025178720971713
0.4578025829090394
0.9428127980219976
0.6295852387681276
0.4140674455220396
0.6580853600890711
0.4120132963876043
0.6833480638166864
0.6591256430154928
0.6640665863377482
0.7438077583396765
0.6447941840182165
0.6377676737321387
0.7642355342642512
0.7551505490490671
0.5958184568699734
0.5415074309870097
0.445573773037471
0.9902479859060486
0.7202318663255332
0.4227569572111909
0.6613292960577015
0.3750224670450222
0.676672717711056
0.6650757935480105
0.5810822526082715
0.5434825480413248
0.565817583626586
0.7745952576307003
0.6846473803337554
0.32196966277192685
0.5468844980763313
0.8791226195903346
0.631181218900871
0.7331691862864722
0.6053992399064164
0.3771553364711945
0.4770606961772223
0.6685174355097208
0.7383573191192832
0.6648151321264042
0.3473218462451223
0.5845088126950369
0.6388307002942845
0.7374060127634441
0.571022826389137
0.734085004770423
0.9183566197892136
0.5867018085318532
0.6966578754842361
0.5004133039408313
0.6796723967649123
0.7018898553226842
0.7174925927944289
0.40436577822341535
0.4141188041279781
0.7388065587241839
0.49836078349780655
0.8517462514160294
0.3838873380840777
0.6472029289863775
0.6168774576652201
0.8178365545141657
0.6618293016778093
0.7172631020184557
0.6033556452685714
0.6869672504836256
0.35393654220699
0.6464246773162139
0.6834650496536411
0.5898096645399604
0.4547883175698404
0.5790812085639896
0.7498760753536198
0.5599750426192281
0.6149252686251557
0.5670097687092192
0.5748689095659931
0.6902450875540316
0.6502480760214935
0.7655527973522369
0.675114935973331
0.6149386352785775
0.61631375026675
0.7219043357180465
0.745724779818331
0.6787574311053812
0.6688792461368831
0.41716309222806724
0.5508887769486324
0.6492880777335757
0.49629887895803043
0.6028579425994705
0.4995970544583819
0.6132814111459219
0.5391994108943527
0.9745813701871593
0.45793879982046504
0.5172958346928123
0.6477818378173933
0.46608590477859085
0.6219827439024761
0.7499703572081668
0.6465069474068774
0.7625167429747681
0.5954690987230958
0.6340840519834807
0.48485753971405904
0.5566355712366307
0.5502331185551821
0.6354795621874737
0.6798950955285188
0.5390233629948383
0.6157962058856388
0.5746064626571854
0.5813102831808619
0.17741239620717206
0.7708445162904278
0.5430344991385757
0.6093405003659567
0.3956985337574336
0.7913878902515352
0.43591626407652406
0.6212144478214228
0.8084577826105703
0.7702070668600589
0.40325980781792814
0.6132905522347798
0.37496344993686925
0.7180043829364787
0.985575184513536
0.6761627478464929
0.5981249515360014
0.7329798566999057
0.568535709291178
0.5118659502746598
0.7259312927352194
0.4164827976479268
0.6822963665892883
0.5951880321614867
0.9451443786812042
0.6739449838911908
0.6116482777387957
0.6659188755521872
0.7144624289339201
0.9118913595299094
0.5929185141861446
0.6510058768490191
0.7163488149630864
0.7300662102332947
0.6563358046267713
