0.8833648562431335
0.8903857469558716
0.8803339600563049
0.9251319169998169
0.7887398600578308
0.8443424105644226
0.8346580266952515
0.8625719547271729
0.8257685899734497
0.9364109635353088
0.9105783700942993
0.7838051319122314
0.9427483081817627
0.9608280062675476
0.8386213779449463
0.8547718524932861
0.732501745223999
0.9452493190765381
0.8574070930480957
0.8389267921447754
0.8549949526786804
0.8011627197265625
0.9332736134529114
0.8287060260772705
0.8919724822044373
0.7786404490470886
0.5544736981391907
0.7531119585037231
0.9459524154663086
0.8116325736045837
0.9297915697097778
0.8868600726127625
0.9004453420639038
0.8359039425849915
0.8234627842903137
0.8779953122138977
0.7434377074241638
0.9101130366325378
0.7367516756057739
0.9098178148269653
0.8560356497764587
0.8888216614723206
1.0
0.7584766745567322
0.8653889298439026
0.8088061213493347
1.0
0.8257110714912415
0.916542112827301
0.8808819651603699
0.8278486132621765
0.9098875522613525
0.8460928201675415
0.7203680276870728
0.6746988892555237
0.8971498608589172
0.8820862174034119
0.5975404381752014
0.7579455375671387
0.8810293078422546
0.7678406238555908
0.9010681509971619
0.9051206111907959
0.7805764079093933
0.9464624524116516
0.8765127658843994
0.8512352108955383
0.8732679486274719
0.8888041377067566
0.9094289541244507
0.9079802632331848
0.8915071487426758
0.9226720333099365
0.7119420766830444
0.8761261105537415
0.9165831804275513
0.7915715575218201
0.7282752394676208
0.7832284569740295
0.9204978942871094
0.8464222550392151
0.8329242467880249
0.888127863407135
0.8741569519042969
0.7946203947067261
0.9582630395889282
0.904922366142273
0.8230912685394287
0.8414145708084106
0.9101130366325378
0.7884278893470764
0.9053455591201782
0.7348164916038513
0.8149648904800415
0.7786510586738586
1.0
0.8395414352416992
0.8627813458442688
1.0
0.9398300647735596
0.8213911652565002
0.8720661997795105
0.8700948357582092
0.9001265168190002
0.9909713268280029
1.0
0.8823084831237793
0.7404133081436157
0.9061670303344727
0.9601494669914246
0.8758302330970764
0.6775048971176147
0.8254978656768799
0.8461423516273499
0.8930333852767944
0.7836633920669556
0.8683789372444153
0.832804262638092
0.8999035358428955
0.6660314202308655
0.49988341331481934
0.8227845430374146
0.7325980067253113
0.7992557287216187
0.8714244365692139
0.8566625118255615
0.8161105513572693
0.8937739133834839
0.8460656404495239
0.8119083642959595
0.8693743348121643
0.8751349449157715
0.8290485143661499
0.8150017261505127
0.9361239075660706
0.7842040061950684
0.8055490851402283
0.8711515665054321
0.7987420558929443
0.856969952583313
0.8764185905456543
0.8118321895599365
0.8698420524597168
0.8699999451637268
0.8952575325965881
0.9445410966873169
0.8307992815971375
0.9350130558013916
0.9011396169662476
0.8814539909362793
0.8938358426094055
0.18922466039657593
0.7682943940162659
0.964481770992279
0.8598450422286987
0.9142655730247498
0.7974114418029785
1.0
0.920872151851654
0.805713951587677
0.8393099308013916
0.8319652676582336
0.9775228500366211
0.9266319274902344
0.7516193985939026
0.8934981822967529
0.5795237421989441
0.8967640399932861
0.9449089765548706
0.8538981080055237
0.740572452545166
0.19818338751792908
0.8556580543518066
0.9038867354393005
0.895926833152771
0.9121302366256714
0.7556269764900208
0.6883707642555237
0.8695758581161499
0.8766271471977234
0.8624590635299683
0.9010431170463562
0.7255664467811584
0.9362953901290894
0.8402667045593262
0.6591683030128479
0.9474328756332397
0.8768080472946167
0.8658130764961243
0.8225276470184326
0.6793053150177002
0.8158277273178101
0.8367038369178772
0.8177012801170349
0.8824519515037537
0.8278486132621765
0.8166041374206543
0.8467841148376465
0.8798161149024963
0.8852037787437439
0.8029964566230774
0.7842692732810974
0.6074375510215759
0.8400083184242249
1.0
0.8781149387359619
0.8835484385490417
0.9330306053161621
0.7531867623329163
0.800965428352356
0.6949512362480164
0.9352188110351562
0.8924102187156677
0.8646034598350525
0.7999868988990784
0.9685400724411011
0.8906251192092896
0.8246623873710632
0.8189797401428223
0.9134595990180969
0.7821137309074402
0.8489770889282227
0.8470805287361145
0.8216724395751953
0.8832890391349792
0.9069015383720398
0.9075988531112671
1.0
0.9507505297660828
0.8295395970344543
0.8891116380691528
0.9462621808052063
0.840032160282135
0.8378999829292297
0.7177028059959412
0.829100489616394
0.18327093124389648
0.9334094524383545
0.8792620897293091
0.8278486132621765
0.932961642742157
0.9020283222198486
0.7968863844871521
0.7735471725463867
0.8105577826499939
0.9416705965995789
0.7443042397499084
0.9076618552207947
0.8417083621025085
0.9358587265014648
0.8550267219543457
0.8043200373649597
0.8659933805465698
0.892446756362915
0.9063493013381958
1.0
0.744864284992218
0.8949992656707764
1.0
0.9536007046699524
0.8992530703544617
0.8642517328262329
0.8760302662849426
0.803261399269104
0.8186800479888916
0.8361716866493225
0.8660150766372681
0.9115319848060608
0.8412158489227295
0.6909890174865723
1.0
0.6727042198181152
0.824057400226593
0.8779953122138977
0.830326497554779
0.8868469595909119
0.8344020247459412
0.749781608581543
0.8830641508102417
0.962769627571106
0.8498586416244507
0.8101028203964233
0.8814991116523743
1.0
0.7742489576339722
0.8826315999031067
0.8320355415344238
0.9103192090988159
0.9775228500366211
0.8356623649597168
0.9582630395889282
0.800757110118866
0.8834384083747864
0.9216671586036682
0.9151337146759033
0.19842976331710815
0.9589197039604187
0.8944391012191772
0.9216671586036682
0.8913229703903198
0.7836833000183105
0.718074381351471
0.7215450406074524
0.8315722942352295
0.7132033705711365
0.7095135450363159
0.806238055229187
0.8610702753067017
0.8291158676147461
1.0
0.9058748483657837
0.8431696891784668
0.8622453212738037
0.76729816198349
0.9220150709152222
0.9418955445289612
0.7953755855560303
0.8999170064926147
0.7587332129478455
0.6153054237365723
0.9173721075057983
0.7181983590126038
0.9501420259475708
0.8446780443191528
0.7915715575218201
0.9279751777648926
0.8225242495536804
0.9348313808441162
0.753481388092041
0.7596775889396667
0.7459874153137207
0.8631551265716553
0.7852492928504944
0.91532963514328
0.1917780637741089
0.5573722720146179
0.8675110936164856
0.7920498847961426
0.8098171353340149
0.6062553524971008
0.7999582290649414
0.7725385427474976
0.9407036304473877
0.9245239496231079
0.8284958600997925
0.8601661920547485
0.9042900800704956
0.898533821105957
0.689437747001648
0.8463860154151917
0.8901958465576172
0.9028746485710144
0.7529835104942322
0.8492169380187988
0.7548045516014099
0.8122928142547607
0.8936102986335754
0.932961642742157
0.832949161529541
0.9152857065200806
0.8632186651229858
0.8592891693115234
0.9007822275161743
0.8712642192840576
0.8287747502326965
0.8911601305007935
0.7957264184951782
0.9167871475219727
0.696467936038971
0.8930425047874451
0.80733323097229
0.7774420976638794
0.8940020203590393
0.7407000660896301
0.9091612696647644
0.8854771256446838
0.8444148898124695
0.8721360564231873
0.9477697610855103
0.816786527633667
0.7611743807792664
0.8849295377731323
0.7604816555976868
0.891272246837616
0.6978645324707031
1.0
0.8165411353111267
0.7979826331138611
0.8254948854446411
0.8000344634056091
0.9468479156494141
0.7502689957618713
0.8889474868774414
0.8366665244102478
0.8927174806594849
0.7511854767799377
0.680358350276947
0.957367479801178
0.8573945760726929
0.9119002223014832
0.6062553524971008
0.8148009777069092
0.8642215728759766
0.9120967388153076
0.8922490477561951
0.8265562057495117
0.8068010210990906
0.9239826798439026
0.8761047720909119
0.8155996203422546
0.8841981887817383
1.0
0.9788264632225037
0.76729816198349
0.8695542216300964
0.9032240509986877
0.8698185086250305
0.7937833666801453
0.8849295377731323
0.8265562057495117
0.5602091550827026
0.746473491191864
0.8852673768997192
0.8869074583053589
0.7764829993247986
0.9359341263771057
0.89388108253479
0.8142299652099609
0.9051206111907959
1.0
0.7103758454322815
0.8804850578308105
0.8071560263633728
0.8579239845275879
0.8639132976531982
0.8389491438865662
0.8617192506790161
0.7756075263023376
0.8618484139442444
0.789093017578125
0.7821137309074402
0.8673362731933594
0.8854771256446838
0.6324104070663452
0.8668288588523865
0.8202139735221863
0.8930480480194092
0.7419155240058899
0.915282666683197
0.9449988603591919
0.8069344162940979
0.8996772170066833
0.8287747502326965
0.8803339600563049
0.9349908828735352
0.796962320804596
0.8669619560241699
0.7797694206237793
0.704868733882904
0.8236241936683655
0.8465135097503662
0.7330734729766846
0.7599108219146729
0.9010431170463562
0.7408256530761719
0.9142350554466248
0.7547956705093384
0.8675655126571655
0.9265421032905579
0.8036223649978638
0.914912223815918
0.6726016998291016
0.8362745046615601
0.8207223415374756
0.8815006017684937
0.9486550092697144
0.7408558130264282
0.8554621338844299
0.9062265157699585
0.9038738012313843
0.9707763195037842
0.8712969422340393
0.7560778856277466
0.8321872353553772
0.8624985218048096
0.8553858995437622
0.8642544150352478
0.9188351631164551
0.6852172613143921
0.8973546624183655
0.880510687828064
0.8762006163597107
0.8111509680747986
0.8108243942260742
0.8416814804077148
0.8340036273002625
0.8164836764335632
0.7680186629295349
0.7701817154884338
0.7241678237915039
0.9075192213058472
1.0
0.87513667345047
0.8759205937385559
0.8431203961372375
0.8216981887817383
0.8561367392539978
0.8998691439628601
0.8912975788116455
0.8425024747848511
0.9467324018478394
0.907625138759613
0.8507218956947327
0.7393031120300293
0.822466254234314
0.7328974008560181
0.810040295124054
0.8725582957267761
0.8391168117523193
0.7407411932945251
0.8901668190956116
0.8793697357177734
0.7294281125068665
0.8856816291809082
0.682905375957489
0.7842172980308533
0.9048240184783936
0.8361982107162476
0.8738648891448975
0.8475699424743652
0.8179260492324829
0.902326762676239
0.8361726999282837
0.7257547974586487
0.7771956324577332
0.9092662930488586
0.8282734155654907
0.8417041897773743
0.7781162261962891
0.9078286290168762
0.19842976331710815
0.7974042892456055
0.8594964742660522
0.8793631792068481
0.7697388529777527
0.8849238753318787
0.893425464630127
0.8651952743530273
0.8422250151634216
0.7223393321037292
0.8974322080612183
0.7745116949081421
0.8871704936027527
0.8967758417129517
0.8701594471931458
0.8999170064926147
0.9382266402244568
0.8895903825759888
0.8682113885879517
0.7809886336326599
0.7943450808525085
0.705105721950531
0.8928263783454895
0.9325181245803833
0.7142844200134277
0.7573069334030151
0.6151416897773743
0.801274836063385
0.7989302277565002
0.9204978942871094
0.8474203944206238
0.9529049396514893
0.8470109701156616
0.8159471750259399
0.9082472324371338
0.863399863243103
0.8526203036308289
0.7857856154441833
0.891272246837616
0.9896907806396484
0.8184316754341125
0.7285993695259094
0.8483119606971741
0.8000710606575012
0.6854473352432251
0.962769627571106
0.9216671586036682
0.8378905653953552
0.8701936602592468
0.683836817741394
0.896009624004364
0.8892763257026672
0.8840351104736328
0.8369670510292053
0.900692880153656
0.9092662930488586
0.807435154914856
0.9949470162391663
0.7804277539253235
0.770732045173645
0.8402667045593262
1.0
0.8650181889533997
0.6924375891685486
0.8220183253288269
0.6005228161811829
0.8377485275268555
0.8793964982032776
0.8708879351615906
0.7408862113952637
0.817122220993042
0.811957061290741
0.8170005083084106
1.0
0.7685093879699707
1.0
0.7911486625671387
0.9053455591201782
0.8868619799613953
0.8507567644119263
0.7457878589630127
0.9054920077323914
0.8913637399673462
0.8894092440605164
1.0
0.8636436462402344
0.8668288588523865
0.9245485067367554
0.8190544843673706
0.9163215160369873
1.0
0.8405624032020569
0.8986750841140747
0.8200007081031799
0.8645471334457397
0.9223908185958862
0.8700512647628784
0.7793889045715332
0.7814003825187683
0.9226720333099365
0.8525015711784363
0.9293112754821777
0.7065187692642212
0.9134595990180969
0.9204302430152893
0.9077475666999817
0.9301068186759949
0.8815006017684937
0.8697841167449951
0.9533540606498718
0.7512236833572388
0.8069344162940979
0.861847460269928
0.8682637214660645
0.8213474750518799
0.848923921585083
0.7628838419914246
0.7570096254348755
0.7702502608299255
0.9547910690307617
0.8881098628044128
0.8430984616279602
0.8754368424415588
0.9191573858261108
0.8350887298583984
0.750837504863739
0.8622453212738037
0.9589504599571228
0.7963786721229553
0.8796018958091736
0.8285409808158875
0.8172137141227722
0.7949919700622559
0.8718679547309875
0.7327530980110168
0.845485508441925
0.7826370596885681
0.9164453148841858
0.7984933257102966
1.0
0.7086221575737
1.0
0.8483959436416626
0.8132781982421875
0.8492169380187988
0.7994767427444458
0.8628373742103577
0.9462621808052063
0.7593204379081726
0.8435577154159546
0.8541818261146545
0.7272825241088867
0.8279643654823303
0.9216671586036682
0.839887261390686
0.8787611126899719
0.7774673104286194
0.7779167294502258
0.8671600818634033
0.1764497309923172
0.9427483081817627
0.7968432903289795
0.8272088170051575
0.8324429392814636
0.8999170064926147
0.8265066146850586
0.9071205258369446
0.8590438961982727
0.9166998863220215
1.0
0.9017009735107422
0.7305570244789124
0.8650545477867126
1.0
0.9582805633544922
0.7823969721794128
0.9245485067367554
0.8754453659057617
0.8458130955696106
0.9365214109420776
0.6871122717857361
0.8258987069129944
0.7846289277076721
1.0
0.8614091873168945
0.7668388485908508
0.9031410217285156
0.8806892037391663
0.859337568283081
0.8379084467887878
0.8627389073371887
1.0
0.872853696346283
0.7138450741767883
