0.5872777700424194
0.7967288494110107
0.7664204239845276
0.892479419708252
0.680857241153717
0.8079906702041626
0.727703869342804
0.8625719547271729
0.6698562502861023
0.8374900817871094
0.9105783700942993
0.6919286251068115
0.786564290523529
0.761263906955719
0.45272305607795715
0.7375833988189697
0.6215323209762573
0.8062452077865601
0.7553974986076355
0.7171204686164856
0.7494451403617859
0.7622767090797424
0.5394811034202576
0.527367353439331
0.826886773109436
0.6216933727264404
0.40964245796203613
0.5694181323051453
0.7134386897087097
0.731436014175415
0.8226068615913391
0.8175634741783142
0.8729783296585083
0.7339761853218079
0.7462683916091919
0.8727280497550964
0.6797716021537781
0.7980672121047974
0.5977088809013367
0.7696852087974548
0.7687889933586121
0.794449508190155
1.0
0.6057077646255493
0.8488860726356506
0.7358859777450562
1.0
0.7197737097740173
0.8871524333953857
0.8679441809654236
0.7600449919700623
0.7785751819610596
0.6860694289207458
0.6954232454299927
0.6105408668518066
0.8821837902069092
0.527097761631012
0.5972190499305725
0.6437011957168579
0.7952406406402588
0.6873039603233337
0.5958088040351868
0.8095141649246216
0.645452082157135
0.8721325397491455
0.7898256182670593
0.7349894642829895
0.7734963893890381
0.8399528861045837
0.8146901726722717
0.7766678929328918
0.8909668326377869
0.8039677739143372
0.579364538192749
0.7598581910133362
0.8385604023933411
0.7618047595024109
0.6630635261535645
0.6466651558876038
0.9204978942871094
0.689285159111023
0.7494207620620728
0.8177969455718994
0.8216139674186707
0.6822171807289124
0.676089882850647
0.768073320388794
0.5610063672065735
0.605606734752655
0.7980672121047974
0.6534573435783386
0.7808929085731506
0.3443377614021301
0.7265396118164062
0.600361704826355
0.7896285057067871
0.48878079652786255
0.8575214743614197
0.602044939994812
0.7878193259239197
0.7062761783599854
0.7479005455970764
0.7410998344421387
0.7944973111152649
0.7830219864845276
1.0
0.7882370948791504
0.654594361782074
0.7620190978050232
0.9601494669914246
0.8257728219032288
0.5583646297454834
0.575509250164032
0.7996158599853516
0.696685791015625
0.5688603520393372
0.7385543584823608
0.572830855846405
0.7273682951927185
0.5908269286155701
0.44479864835739136
0.6636314392089844
0.5521829724311829
0.7705877423286438
0.7479010820388794
0.7816320061683655
0.7339496612548828
0.8067537546157837
0.7096512913703918
0.6041622757911682
0.6262238025665283
0.8241994380950928
0.6750019788742065
0.6033417582511902
0.8439509868621826
0.6362501382827759
0.6982275247573853
0.8650198578834534
0.6830689907073975
0.729268491268158
0.7866607308387756
0.7696874737739563
0.7757707834243774
0.7013863325119019
0.7707017064094543
0.6943550705909729
0.736371636390686
0.8338727355003357
0.6899709701538086
0.8094035983085632
0.7124161720275879
0.14716140925884247
0.5897390246391296
0.8946962356567383
0.791032075881958
0.9116793870925903
0.6307920217514038
0.602044939994812
0.7915588021278381
0.6884250640869141
0.7489166259765625
0.8013384342193604
0.8798789978027344
0.7294657230377197
0.6707234382629395
0.8455579876899719
0.5795237421989441
0.8960912227630615
0.9210268259048462
0.7333809733390808
0.626807451248169
0.1597963124513626
0.63404381275177
0.810867190361023
0.6221766471862793
0.8175086379051208
0.6293918490409851
0.6220250725746155
0.792450487613678
0.8052428960800171
0.7205095887184143
0.7709335088729858
0.6273560523986816
0.596021294593811
0.7926725745201111
0.5855208039283752
0.8401564359664917
0.6900584101676941
0.8594826459884644
0.7455387711524963
0.6383092403411865
0.7328779101371765
0.7595028877258301
0.7457346320152283
0.7837108373641968
0.7600449919700623
0.7297011017799377
0.8301119208335876
0.7997267842292786
0.6460098624229431
0.6723994612693787
0.695243239402771
0.6074375510215759
0.7408738136291504
1.0
0.7334725260734558
0.6462433934211731
0.5537586212158203
0.5767358541488647
0.73607337474823
0.6949512362480164
0.9232724905014038
0.8543970584869385
0.7802219390869141
0.6763037443161011
0.688413679599762
0.8164904713630676
0.696711003780365
0.780735194683075
0.8847354054450989
0.7821137309074402
0.680621862411499
0.7832154631614685
0.679241418838501
0.7892177700996399
0.8221284747123718
0.7972718477249146
1.0
0.7330538630485535
0.7810745239257812
0.8446605801582336
0.8775337338447571
0.7992768883705139
0.6415573358535767
0.586334228515625
0.7356082201004028
0.1501414030790329
0.8056977391242981
0.8622283935546875
0.7600449919700623
0.6056767106056213
0.8721495866775513
0.5474129915237427
0.6359627842903137
0.7608819007873535
0.8126154541969299
0.731488049030304
0.7981217503547668
0.5996565222740173
0.8307697176933289
0.784382700920105
0.5899863839149475
0.7075268626213074
0.8123906850814819
0.8122779726982117
1.0
0.6966841816902161
0.8580739498138428
1.0
0.611269474029541
0.775964081287384
0.7618752717971802
0.838744044303894
0.6980598568916321
0.7038669586181641
0.6866732835769653
0.8387657999992371
0.8335621953010559
0.750211775302887
0.5440859794616699
1.0
0.6087028384208679
0.7092443108558655
0.8727280497550964
0.778165876865387
0.790404736995697
0.746877133846283
0.7385676503181458
0.7896947860717773
0.8930104970932007
0.7567815184593201
0.6943496465682983
0.7444774508476257
1.0
0.7035772800445557
0.7159541249275208
0.7459485530853271
0.7271311283111572
0.8798789978027344
0.7456094026565552
0.676089882850647
0.7684075236320496
0.8014058470726013
0.6731363534927368
0.8072750568389893
0.16110897064208984
0.6250247359275818
0.790266215801239
0.6731363534927368
0.7855315804481506
0.5842177271842957
0.6264461874961853
0.6621574759483337
0.7024915814399719
0.6593337059020996
0.7040208578109741
0.6842889785766602
0.7736799120903015
0.8291158676147461
0.8260372281074524
0.8112533092498779
0.7367985844612122
0.7679951786994934
0.5950304865837097
0.8605713248252869
0.9201637506484985
0.6200782656669617
0.871778130531311
0.6227185130119324
0.3755446672439575
0.7951409816741943
0.5200240015983582
0.8331329822540283
0.7417290806770325
0.7618047595024109
0.8236167430877686
0.7466018795967102
0.9207032322883606
0.6571341753005981
0.5981881618499756
0.697655200958252
0.754324734210968
0.4913586974143982
0.7949399948120117
0.1479485183954239
0.44035834074020386
0.7365764379501343
0.6303198933601379
0.6596311330795288
0.5104551911354065
0.6941742300987244
0.5938767790794373
0.8467016816139221
0.9106376767158508
0.6300187110900879
0.5604188442230225
0.5659369826316833
0.7084211707115173
0.6277872323989868
0.7998594641685486
0.8413445949554443
0.818841278553009
0.5765325427055359
0.7656261324882507
0.6129467487335205
0.6295715570449829
0.7945889830589294
0.6056767106056213
0.7044985294342041
0.8298688530921936
0.8484929203987122
0.8345728516578674
0.8268648982048035
0.8104445934295654
0.7436332106590271
0.5865187048912048
0.7957264184951782
0.7142994403839111
0.5819313526153564
0.812828004360199
0.7082419395446777
0.7676891684532166
0.8247387409210205
0.6201029419898987
0.7907575368881226
0.7790886163711548
0.7646404504776001
0.7828181982040405
0.8351241946220398
0.7065659165382385
0.584373414516449
0.692050039768219
0.6081632375717163
0.8243888020515442
0.6376222968101501
0.8993178606033325
0.7337522506713867
0.7228307127952576
0.7315806150436401
0.7843015789985657
0.7144162058830261
0.5979737043380737
0.7857828736305237
0.7012298703193665
0.7048075795173645
0.6716434359550476
0.60768061876297
0.9438199400901794
0.7511183023452759
0.7785364985466003
0.5104551911354065
0.7693380117416382
0.7464900016784668
0.7731041312217712
0.8344061374664307
0.7250290513038635
0.7408990859985352
0.8331925272941589
0.7592930197715759
0.7232381701469421
0.8034732937812805
0.7896285057067871
0.8710960745811462
0.5950304865837097
0.7869707345962524
0.6878301501274109
0.673668384552002
0.778734564781189
0.692050039768219
0.7250290513038635
0.4716130495071411
0.63362717628479
0.80311518907547
0.8707998991012573
0.6938082575798035
0.7888110876083374
0.8929535150527954
0.7146617770195007
0.8095141649246216
1.0
0.6507930755615234
0.4723617136478424
0.7553605437278748
0.7791388630867004
0.6192197203636169
0.752379834651947
0.7241659164428711
0.6246946454048157
0.6970347166061401
0.671809196472168
0.7821137309074402
0.7635703682899475
0.7790886163711548
0.4124924838542938
0.7807008624076843
0.731330931186676
0.8432356119155884
0.558442234992981
0.8189908266067505
0.8450301885604858
0.5705141425132751
0.7900499701499939
0.7436332106590271
0.7664204239845276
0.6981884837150574
0.7479105591773987
0.8483292460441589
0.6861832737922668
0.6489548087120056
0.7876190543174744
0.8101507425308228
0.5637134313583374
0.6834285259246826
0.7709335088729858
0.4266372323036194
0.6179614067077637
0.6691228747367859
0.668658435344696
0.8337031006813049
0.7478007078170776
0.7505683898925781
0.619694173336029
0.7348530888557434
0.7456551790237427
0.783370852470398
0.8379186987876892
0.6398734450340271
0.7256863117218018
0.7009581327438354
0.9031283259391785
0.8656872510910034
0.8712969422340393
0.568301796913147
0.7615995407104492
0.825653076171875
0.7857567071914673
0.7532028555870056
0.792661190032959
0.6394422650337219
0.8220213055610657
0.8173866868019104
0.7992520928382874
0.713185727596283
0.6990994811058044
0.7292125821113586
0.7365630865097046
0.7073094844818115
0.746173083782196
0.6089757084846497
0.5757797956466675
0.8413304686546326
0.7896285057067871
0.6766414642333984
0.8332409262657166
0.5910217761993408
0.596623420715332
0.7675650715827942
0.7609975337982178
0.7427133321762085
0.8222248554229736
0.8672734498977661
0.886921226978302
0.6134167313575745
0.636178195476532
0.7726019024848938
0.6049519181251526
0.670051097869873
0.843973696231842
0.7231756448745728
0.5453400611877441
0.5418952703475952
0.776563823223114
0.5949268937110901
0.777798593044281
0.4622291028499603
0.6451944708824158
0.6868333220481873
0.7217102646827698
0.7986668348312378
0.7211620211601257
0.7197602391242981
0.8286706805229187
0.7550415992736816
0.5353686809539795
0.6276342272758484
0.8269220590591431
0.767413854598999
0.6669851541519165
0.6485521197319031
0.7783284187316895
0.16110897064208984
0.7490310072898865
0.7103089690208435
0.8655949234962463
0.5980481505393982
0.6864920258522034
0.8233334422111511
0.7597865462303162
0.7793180346488953
0.5606881976127625
0.6601271033287048
0.6265578269958496
0.8070721626281738
0.7111514806747437
0.7790988683700562
0.871778130531311
0.5368979573249817
0.7903363704681396
0.7223650813102722
0.5974795818328857
0.7564610838890076
0.5559855699539185
0.8057620525360107
0.7851735949516296
0.66037517786026
0.5686407685279846
0.5063113570213318
0.6944823861122131
0.7343102097511292
0.9204978942871094
0.7804203629493713
0.554060697555542
0.7127242088317871
0.6800596714019775
0.7550114989280701
0.7714033126831055
0.8526203036308289
0.6938870549201965
0.8243888020515442
0.8210058212280273
0.6905829906463623
0.5537177920341492
0.722070038318634
0.73751300573349
0.5420927405357361
0.8930104970932007
0.6731363534927368
0.6596571803092957
0.8701936602592468
0.43520262837409973
0.8237742781639099
0.7811746597290039
0.7786365151405334
0.6990773677825928
0.7940277457237244
0.8269220590591431
0.7609087228775024
0.7542192935943604
0.7682644128799438
0.6990180015563965
0.7926725745201111
0.602044939994812
0.734171986579895
0.6441280841827393
0.690222978591919
0.4982549250125885
0.7856127023696899
0.7150169014930725
0.8326795697212219
0.5624247193336487
0.7608529925346375
0.5457338690757751
0.7715564966201782
1.0
0.637704610824585
1.0
0.6115037798881531
0.7808929085731506
0.8241720795631409
0.6926952600479126
0.6651585102081299
0.47807249426841736
0.8455414772033691
0.8857565522193909
1.0
0.7965853810310364
0.7807008624076843
0.8042863011360168
0.7644345164299011
0.8997889757156372
1.0
0.7476840615272522
0.7953457832336426
0.7563022375106812
0.7030906081199646
0.8563429713249207
0.7169460654258728
0.7310810685157776
0.7114531397819519
0.8039677739143372
0.7616679072380066
0.8132213950157166
0.5790563225746155
0.8847354054450989
0.8594908714294434
0.7927531599998474
0.9085169434547424
0.783370852470398
0.7820769548416138
0.8397279977798462
0.6653076410293579
0.5705141425132751
0.8300735950469971
0.7280317544937134
0.818925142288208
0.7322500348091125
0.6150048971176147
0.7442671656608582
0.6056790351867676
0.8565914630889893
0.7454071044921875
0.7451118230819702
0.7814316153526306
0.7783177495002747
0.7239779233932495
0.6343243718147278
0.7679951786994934
0.8244616985321045
0.6152249574661255
0.7672509551048279
0.7005152106285095
0.7340696454048157
0.7423080801963806
0.8265565633773804
0.48131054639816284
0.799416184425354
0.6955459117889404
0.7557927370071411
0.7336012721061707
1.0
0.5203629732131958
1.0
0.6805011630058289
0.7056204080581665
0.7656261324882507
0.7053189277648926
0.704114556312561
0.8775338530540466
0.6838299632072449
0.6710279583930969
0.7722364068031311
0.650688111782074
0.7230150699615479
0.6731363534927368
0.7508756518363953
0.7762491106987
0.6732300519943237
0.6026517748832703
0.7845291495323181
0.15536218881607056
0.786564290523529
0.7468599677085876
0.7107223868370056
0.7982380986213684
0.871778130531311
0.7327441573143005
0.8380963206291199
0.7691038846969604
0.8257562518119812
1.0
0.7840263247489929
0.5546667575836182
0.8487306237220764
1.0
0.5451919436454773
0.5705336332321167
0.8042863011360168
0.8173274397850037
0.7772982716560364
0.585053026676178
0.6155703067779541
0.7277688980102539
0.6592637896537781
1.0
0.6660277843475342
0.6731383204460144
0.8428714275360107
0.8386945128440857
0.8592550754547119
0.808339536190033
0.8627389073371887
0.7896285057067871
0.7779766917228699
0.5117313861846924
