0.8743060231208801
0.8668986558914185
0.8476192355155945
0.8952087163925171
0.7613846063613892
0.8095345497131348
0.8105366230010986
0.8616682291030884
0.7826084494590759
0.9195681810379028
0.9109913110733032
0.7429102659225464
0.9430842995643616
0.9606499671936035
0.8003629446029663
0.8139783143997192
0.6885533928871155
0.9422552585601807
0.8118000626564026
0.835839569568634
0.8288760185241699
0.7857920527458191
0.9173881411552429
0.8005581498146057
0.8295387029647827
0.6920617818832397
0.5200945734977722
0.7362431883811951
0.9280058741569519
0.7916637063026428
0.9102876782417297
0.872713565826416
0.8889946341514587
0.8217700123786926
0.8091605305671692
0.8755024671554565
0.7159131169319153
0.890554666519165
0.6892657279968262
0.8838474750518799
0.8347902894020081
0.8735826015472412
1.0
0.7167744040489197
0.8571702837944031
0.7883550524711609
1.0
0.8123773336410522
0.9073387980461121
0.8767443895339966
0.7899748682975769
0.90399169921875
0.8222213387489319
0.7084599733352661
0.6286432147026062
0.8886792063713074
0.861735999584198
0.6074703931808472
0.7173728942871094
0.853000819683075
0.7252801060676575
0.8947740793228149
0.877496063709259
0.7786435484886169
0.9334377646446228
0.8676421642303467
0.8059674501419067
0.8721738457679749
0.8586529493331909
0.887409508228302
0.9026799201965332
0.8987334370613098
0.9090662598609924
0.6525775790214539
0.8593127131462097
0.8927047848701477
0.7684094309806824
0.6804244518280029
0.7265529036521912
0.9282159805297852
0.8309324383735657
0.8130178451538086
0.8688360452651978
0.846401035785675
0.7638152241706848
0.956628143787384
0.9009711146354675
0.8301081657409668
0.8406884670257568
0.890554666519165
0.7548242807388306
0.8539020419120789
0.7004500031471252
0.7642956972122192
0.7329971790313721
1.0
0.8254134058952332
0.8665863871574402
1.0
0.9287335276603699
0.8025047779083252
0.8367008566856384
0.8284383416175842
0.8753692507743835
0.9910914301872253
1.0
0.8675003051757812
0.6775838732719421
0.8768996000289917
0.9609954953193665
0.8481243848800659
0.6115303635597229
0.7992084622383118
0.8121395111083984
0.8761319518089294
0.7614967226982117
0.8338176012039185
0.8347532749176025
0.8911184072494507
0.6674776077270508
0.49873027205467224
0.7874324917793274
0.6982561945915222
0.7835835814476013
0.841455340385437
0.8038434386253357
0.80572909116745
0.8779786825180054
0.8239128589630127
0.7919948101043701
0.8395238518714905
0.8502098321914673
0.7876973748207092
0.7873717546463013
0.9301426410675049
0.7043939232826233
0.7698938846588135
0.8749203681945801
0.7519832849502563
0.8355231881141663
0.851885974407196
0.7945833206176758
0.8578210473060608
0.8423221707344055
0.843745768070221
0.9298414587974548
0.7796778082847595
0.9157445430755615
0.8948752880096436
0.8697481751441956
0.8645414113998413
0.15658298134803772
0.7478404641151428
0.9640176296234131
0.8458051681518555
0.9136613011360168
0.7998974323272705
1.0
0.8895345330238342
0.7857832312583923
0.8246267437934875
0.8139449954032898
0.9777083992958069
0.9064521789550781
0.7311872243881226
0.8595055937767029
0.585940420627594
0.8951388001441956
0.9250451326370239
0.8262355327606201
0.6912513375282288
0.17055675387382507
0.8218876123428345
0.8954457640647888
0.8888178467750549
0.8903732895851135
0.69712895154953
0.6404733061790466
0.8459087610244751
0.8729496002197266
0.843014121055603
0.8472612500190735
0.6636260747909546
0.9281091690063477
0.8014789819717407
0.6025320291519165
0.9457166790962219
0.8389509916305542
0.8621875643730164
0.8033378720283508
0.6440121531486511
0.7931306958198547
0.8101969361305237
0.7738595604896545
0.8549238443374634
0.7899748682975769
0.7472478747367859
0.8363939523696899
0.8749158978462219
0.859013557434082
0.80413419008255
0.7607908844947815
0.6134453415870667
0.7918040156364441
1.0
0.8509855270385742
0.8748210668563843
0.9174365401268005
0.7308160066604614
0.7790123820304871
0.6957008838653564
0.9139263033866882
0.8836228251457214
0.8469594717025757
0.7526633143424988
0.9710202813148499
0.8688888549804688
0.7983071804046631
0.7943454384803772
0.900682270526886
0.7821890711784363
0.8369709849357605
0.8525903820991516
0.7780500054359436
0.868191659450531
0.9003635048866272
0.89016193151474
1.0
0.9488584399223328
0.7931744456291199
0.8603538870811462
0.9484671354293823
0.8150502443313599
0.8152801394462585
0.6327375769615173
0.8158857822418213
0.1689727008342743
0.9170639514923096
0.870195746421814
0.7899748682975769
0.929307758808136
0.8885836601257324
0.7596216797828674
0.7350846529006958
0.7786419987678528
0.9058646559715271
0.7327712178230286
0.88909912109375
0.8362677693367004
0.9200432300567627
0.8373737335205078
0.7853195071220398
0.8433484435081482
0.8816364407539368
0.8955817818641663
1.0
0.7009376883506775
0.8873984813690186
1.0
0.9507511258125305
0.8726226091384888
0.8066967725753784
0.8690182566642761
0.7767118215560913
0.7664430141448975
0.8261160254478455
0.8437990546226501
0.9060460329055786
0.8260923624038696
0.6450701951980591
1.0
0.6309158802032471
0.7719373106956482
0.8755024671554565
0.8039639592170715
0.8750725388526917
0.7983542680740356
0.7410497665405273
0.8681117296218872
0.9503790140151978
0.8139414191246033
0.7824185490608215
0.8692495226860046
1.0
0.7512767910957336
0.8774831891059875
0.8045987486839294
0.8931746482849121
0.9777083992958069
0.7924262285232544
0.956628143787384
0.7715577483177185
0.849816083908081
0.8740096092224121
0.9091774225234985
0.17151764035224915
0.9491877555847168
0.8653274774551392
0.8740096092224121
0.8697496652603149
0.755786657333374
0.690410852432251
0.6727163195610046
0.806058406829834
0.6787157654762268
0.7048083543777466
0.7816031575202942
0.8530874252319336
0.8268389701843262
1.0
0.8842640519142151
0.8352088332176208
0.8482177257537842
0.7445406317710876
0.9107556343078613
0.9278375506401062
0.7909748554229736
0.874151349067688
0.7484424114227295
0.5534310936927795
0.9113476276397705
0.7316524386405945
0.9307749271392822
0.7963624596595764
0.7684094309806824
0.9062833786010742
0.8184509873390198
0.9239888191223145
0.6926442384719849
0.6985579133033752
0.7122888565063477
0.8495236039161682
0.708881676197052
0.9025615453720093
0.16192762553691864
0.5395067930221558
0.8358133435249329
0.7616397738456726
0.7683485150337219
0.5940046310424805
0.7703559398651123
0.7253056764602661
0.9346674680709839
0.9136640429496765
0.82712322473526
0.8520416617393494
0.8994531035423279
0.8754948973655701
0.6542157530784607
0.8113768696784973
0.8633797764778137
0.8826825022697449
0.7334524989128113
0.8433433771133423
0.7228729128837585
0.7907297611236572
0.8677783012390137
0.929307758808136
0.7890400290489197
0.9018326997756958
0.8603225946426392
0.8375052213668823
0.889342188835144
0.8557993769645691
0.8164440393447876
0.8844138979911804
0.8106773495674133
0.9084151983261108
0.6078031659126282
0.8820964097976685
0.7986418008804321
0.739852249622345
0.8779006600379944
0.6860848069190979
0.8931670188903809
0.8751919269561768
0.8404807448387146
0.8545239567756653
0.9340255260467529
0.766684889793396
0.7378180027008057
0.8785111904144287
0.7194838523864746
0.8775780200958252
0.644466757774353
1.0
0.7960984706878662
0.7781519293785095
0.7911974787712097
0.7947012186050415
0.9020838141441345
0.7381666302680969
0.8789739608764648
0.8012884259223938
0.8763331174850464
0.6806648969650269
0.6241364479064941
0.9459537267684937
0.8114146590232849
0.8884884715080261
0.5940046310424805
0.7839970588684082
0.8243699073791504
0.8743189573287964
0.8769196271896362
0.829881489276886
0.7782642245292664
0.8987173438072205
0.8446159958839417
0.7984973192214966
0.8558374643325806
1.0
0.9738190770149231
0.7445406317710876
0.8398205637931824
0.8796235918998718
0.8430086970329285
0.7886789441108704
0.8785111904144287
0.829881489276886
0.545914888381958
0.6975862383842468
0.8565696477890015
0.8720577359199524
0.7400080561637878
0.9254574179649353
0.8929226994514465
0.80958092212677
0.8774961829185486
1.0
0.668168842792511
0.856825053691864
0.7880567312240601
0.8511443138122559
0.8143912553787231
0.8120425343513489
0.833625316619873
0.6941606402397156
0.8411344885826111
0.7922322750091553
0.7821890711784363
0.8313332200050354
0.8751919269561768
0.5783098340034485
0.8499914407730103
0.786615788936615
0.889327883720398
0.7385995984077454
0.8930471539497375
0.9454740881919861
0.7715435028076172
0.8651266098022461
0.8164440393447876
0.8476192355155945
0.9308902025222778
0.7819616794586182
0.8544954657554626
0.7721123099327087
0.6602939963340759
0.7873820066452026
0.8136505484580994
0.7301340103149414
0.7444035410881042
0.8472612500190735
0.7189772129058838
0.9101284146308899
0.7289139032363892
0.8612642884254456
0.9111965894699097
0.780567467212677
0.893495500087738
0.6362769603729248
0.8005058765411377
0.7620671391487122
0.8861734867095947
0.935143768787384
0.6784775853157043
0.82489413022995
0.8769643306732178
0.9030839204788208
0.9598828554153442
0.8826509714126587
0.7145758271217346
0.836395263671875
0.8312845826148987
0.8203550577163696
0.8503705859184265
0.911884069442749
0.6514429450035095
0.8744822144508362
0.867988109588623
0.8316443562507629
0.8000827431678772
0.7749075889587402
0.777452826499939
0.823697566986084
0.7667024731636047
0.7570816278457642
0.7397674918174744
0.6742039322853088
0.8946648240089417
1.0
0.8476623892784119
0.8558202981948853
0.7928972840309143
0.7749713063240051
0.8435030579566956
0.8740970492362976
0.8657504916191101
0.8256499171257019
0.9373907446861267
0.8945143222808838
0.8402810096740723
0.6755773425102234
0.8091152310371399
0.6915880441665649
0.7714115977287292
0.861272394657135
0.7922295928001404
0.7283666729927063
0.8745374083518982
0.8707568049430847
0.6443943977355957
0.8644266724586487
0.6483318209648132
0.7364675402641296
0.8700822591781616
0.809831976890564
0.8342800140380859
0.8268789052963257
0.8071563243865967
0.8989545702934265
0.8073245882987976
0.6900733709335327
0.7578142881393433
0.9053032994270325
0.7809314727783203
0.8194900155067444
0.7333594560623169
0.8777979612350464
0.17151764035224915
0.7703093886375427
0.818632185459137
0.8684526085853577
0.7720630168914795
0.8791967630386353
0.8759604096412659
0.8142090439796448
0.8264058232307434
0.6626022458076477
0.8889340758323669
0.6945304870605469
0.8592364192008972
0.8752979636192322
0.8514746427536011
0.874151349067688
0.9214504361152649
0.8812610507011414
0.8456573486328125
0.7488394975662231
0.7806180119514465
0.6162065863609314
0.8863584995269775
0.9157077670097351
0.6801246404647827
0.7486299872398376
0.590065062046051
0.7544364333152771
0.7382510304450989
0.9282159805297852
0.8478248715400696
0.9372977018356323
0.8037710785865784
0.7729924321174622
0.8865149021148682
0.8682711720466614
0.8580082058906555
0.7902717590332031
0.8775780200958252
0.9898166656494141
0.7855270504951477
0.7092642784118652
0.808649480342865
0.7541993856430054
0.6700526475906372
0.9503790140151978
0.8740096092224121
0.8109975457191467
0.8683478832244873
0.5984379649162292
0.8880800604820251
0.8676068782806396
0.8625191450119019
0.7900159358978271
0.8723117709159851
0.9053032994270325
0.7727678418159485
0.9949347376823425
0.7805498242378235
0.7158336043357849
0.8014789819717407
1.0
0.8365142345428467
0.6517596244812012
0.8000347018241882
0.5623595714569092
0.8085015416145325
0.8627802133560181
0.8644348978996277
0.6690170764923096
0.7762263417243958
0.8114128708839417
0.7795203924179077
1.0
0.7115438580513
1.0
0.7621877789497375
0.8539020419120789
0.8805940747261047
0.827053964138031
0.6840428709983826
0.8814901113510132
0.8863856196403503
0.8882314562797546
1.0
0.8692179918289185
0.8499913811683655
0.9114076495170593
0.780752420425415
0.9068477153778076
1.0
0.7991461157798767
0.8816051483154297
0.7921498417854309
0.8413712978363037
0.9064186215400696
0.8547913432121277
0.7616223692893982
0.7463729977607727
0.9090662598609924
0.823045015335083
0.9340780377388
0.6185729503631592
0.900682270526886
0.9109948873519897
0.8876745104789734
0.910508930683136
0.8861734867095947
0.8367810249328613
0.9395153522491455
0.6962104439735413
0.7715435028076172
0.8384175896644592
0.8426871299743652
0.8209592700004578
0.8135643601417542
0.7166125774383545
0.7616775035858154
0.7076078057289124
0.9516897201538086
0.8603317737579346
0.8319238424301147
0.8676843643188477
0.8927119970321655
0.8225132822990417
0.7005240321159363
0.8482177257537842
0.9479191899299622
0.770474374294281
0.8586324453353882
0.7957995533943176
0.8113896250724792
0.7614517211914062
0.8532561659812927
0.6669248342514038
0.8128435015678406
0.7735739946365356
0.8931572437286377
0.7765569090843201
1.0
0.6731307506561279
1.0
0.8171560168266296
0.7764688730239868
0.8433433771133423
0.7908694744110107
0.8406708836555481
0.9484670758247375
0.7633553743362427
0.7853402495384216
0.8153597116470337
0.7325487732887268
0.8096072673797607
0.8740096092224121
0.826207160949707
0.8627889156341553
0.7534348964691162
0.7615064978599548
0.8466570377349854
0.16380707919597626
0.9430842995643616
0.7696292400360107
0.7695367932319641
0.798012912273407
0.874151349067688
0.8117220997810364
0.8895048499107361
0.8262771368026733
0.906929612159729
1.0
0.8780426383018494
0.7076492309570312
0.8569492697715759
1.0
0.9420531392097473
0.7620465755462646
0.9114076495170593
0.8385034799575806
0.8306229114532471
0.9266781210899353
0.6427990794181824
0.832905113697052
0.736278235912323
1.0
0.8353993892669678
0.7426891326904297
0.8882491588592529
0.8587788343429565
0.868340015411377
0.8190600275993347
0.8628191351890564
1.0
0.8635806441307068
0.6994227766990662
