0.024
0.23
-0.091
-0.234
0.03
-0.036
0.011
0.077
-0.136
0.001
-0.021
0.303
0.122
0.07
-0.007
-0.002
-0.17
0.002
-0.002
0.05
-0.047
0.0
-0.193
-0.102
0.492
0.0
0.057
0.188
0.009
0.109
-0.001
0.08
0.009
-0.177
0.054
0.008
-0.02
-0.116
-0.006
0.001
0.032
-0.101
0.01
0.0
-0.047
0.05
0.0
0.02
0.171
-0.098
-0.246
0.002
-0.161
0.119
0.169
0.11
-0.114
0.219
0.03
0.029
0.299
0.028
0.101
-0.112
-0.09
-0.394
0.0
0.051
0.243
-0.066
0.002
-0.063
-0.001
0.184
0.033
-0.017
-0.047
0.143
-0.024
-0.077
0.059
0.005
-0.014
0.003
0.099
0.002
0.026
0.277
0.1
-0.128
0.005
-0.063
0.132
-0.332
-0.054
0.0
0.035
-0.093
0.029
-0.017
-0.003
0.363
0.329
-0.087
-0.026
0.0
0.062
-0.007
0.0
0.175
0.316
0.308
0.005
0.101
-0.167
-0.539
0.084
0.051
-0.111
-0.082
0.488
0.095
0.201
-0.081
0.054
0.161
0.333
0.004
-0.062
-0.53
0.014
0.01
0.139
-0.315
0.005
0.0
-0.129
-0.003
-0.267
0.05
0.108
0.017
0.051
0.032
-0.004
-0.055
0.116
0.0
-0.081
0.005
-0.057
0.182
0.055
0.0
0.0
0.015
0.273
0.029
0.002
0.011
-0.167
-0.331
0.061
-0.028
0.113
0.417
-0.302
0.14
0.179
0.305
-0.034
0.188
0.056
-0.408
0.064
-0.036
-0.193
0.027
0.249
0.336
0.0
-0.344
-0.104
-0.042
0.094
0.308
-0.05
0.111
0.0
0.101
0.477
-0.01
0.05
-0.018
-0.001
-0.246
0.0
0.111
0.087
-0.011
0.185
-0.12
0.036
0.206
0.04
-0.046
-0.138
-0.021
-0.042
0.157
0.004
-0.081
0.106
-0.027
-0.013
-0.027
-0.002
0.095
-0.337
-0.018
-0.489
0.01
-0.072
0.093
0.047
-0.356
-0.058
0.0
0.065
0.186
0.316
0.205
0.173
0.016
0.291
0.234
0.184
0.004
0.059
-0.246
0.0
-0.014
0.097
-0.017
-0.017
0.047
0.012
-0.043
0.109
-0.002
-0.279
0.139
0.024
0.077
-0.099
0.0
0.223
0.106
0.045
-0.166
-0.023
0.006
0.108
-0.17
-0.066
0.014
-0.21
0.078
-0.044
-0.001
-0.011
0.448
-0.063
-0.002
0.015
-0.167
-0.243
0.087
-0.014
-0.197
-0.001
0.032
0.015
-0.311
0.126
0.097
-0.004
-0.244
0.105
0.077
-0.027
-0.105
-0.469
-0.047
-0.033
0.198
0.013
-0.009
-0.133
0.042
-0.383
-0.001
0.073
0.096
-0.011
0.012
0.14
-0.034
0.006
0.0
-0.014
0.142
0.306
-0.023
0.223
0.244
-0.127
0.197
-0.138
0.27
0.074
0.211
-0.001
-0.114
0.276
0.033
0.16
0.063
-0.035
0.0
0.145
-0.001
-0.24
-0.002
0.193
0.199
-0.001
-0.131
-0.022
-0.588
0.132
0.018
0.007
0.206
-0.111
-0.005
0.011
-0.133
0.169
0.092
0.24
0.035
-0.153
0.068
-0.01
-0.127
-0.267
0.0
0.309
-0.012
-0.012
-0.097
0.104
0.234
0.172
0.019
-0.139
-0.078
-0.015
-0.037
0.09
-0.153
0.112
-0.053
0.005
0.139
0.203
0.006
-0.002
-0.055
0.006
0.049
-0.027
0.051
0.169
-0.003
-0.01
-0.272
0.0
0.058
-0.133
-0.106
0.01
0.002
-0.094
-0.041
0.286
0.24
-0.112
0.002
-0.569
-0.051
0.005
0.0
0.221
-0.079
0.05
0.184
-0.081
0.158
0.029
0.0
0.146
0.004
-0.006
0.073
-0.001
0.059
0.129
-0.084
-0.588
-0.17
0.048
0.158
0.135
0.002
-0.021
0.123
0.113
-0.025
0.111
0.037
0.02
0.256
-0.203
-0.003
-0.043
0.0
0.012
-0.016
-0.489
0.033
0.103
0.02
0.008
0.001
0.212
0.313
-0.019
0.099
0.064
0.102
0.152
-0.101
-0.005
0.073
0.246
0.098
0.169
0.043
-0.163
0.561
0.045
-0.13
0.109
0.018
0.012
0.076
-0.031
0.071
-0.06
0.159
0.047
-0.219
0.066
0.004
-0.029
0.002
-0.03
-0.027
-0.001
-0.077
-0.283
-0.161
-0.24
0.111
0.023
0.101
0.11
-0.002
0.0
0.068
-0.042
-0.007
0.134
0.144
0.341
0.104
0.088
0.094
0.019
0.111
-0.031
0.016
-0.028
0.027
0.229
0.001
-0.032
-0.088
-0.02
-0.046
0.136
-0.033
0.021
-0.057
0.315
-0.025
-0.262
0.333
-0.121
0.14
-0.318
0.128
0.533
-0.245
-0.04
0.015
0.366
0.094
-0.039
0.071
-0.003
0.044
-0.18
0.069
0.072
0.07
-0.022
0.002
0.196
0.147
-0.005
-0.008
0.177
0.135
-0.002
-0.431
-0.246
0.142
0.007
0.0
0.01
-0.113
-0.013
0.292
0.064
0.103
0.009
-0.022
0.029
0.19
-0.295
0.0
-0.029
0.312
-0.569
0.272
-0.007
0.305
0.185
0.047
0.333
0.311
0.042
0.066
-0.204
0.014
-0.019
0.0
0.318
0.011
0.21
-0.029
-0.054
0.098
-0.133
-0.117
0.019
0.235
-0.005
-0.217
0.049
-0.007
-0.084
0.04
0.106
0.001
0.088
0.185
0.068
0.029
-0.001
0.208
-0.025
0.333
0.016
-0.094
0.101
0.0
-0.024
0.647
0.129
-0.127
-0.033
0.012
-0.161
-0.228
0.186
-0.136
0.182
0.008
0.229
0.001
-0.142
0.152
0.0
0.002
-0.049
0.106
0.006
0.13
-0.069
-0.327
0.022
-0.01
0.014
-0.005
-0.062
0.003
0.028
0.316
0.282
-0.018
0.015
-0.128
0.233
0.178
-0.001
0.001
0.031
0.064
0.07
-0.045
0.067
0.262
0.168
0.084
0.0
-0.001
-0.065
0.145
0.04
0.004
0.015
-0.027
0.238
-0.003
0.138
0.006
-0.18
0.149
-0.014
0.009
0.152
-0.095
0.234
0.035
0.136
0.533
0.163
0.069
0.127
0.253
-0.034
0.145
0.021
0.033
0.123
-0.461
0.046
-0.072
0.09
-0.133
0.033
0.004
-0.35
-0.299
-0.113
0.193
0.122
-0.331
0.01
0.074
0.264
-0.152
0.002
0.33
0.033
0.0
-0.059
0.353
0.07
0.0
-0.064
-0.37
0.005
0.2
-0.015
0.034
-0.331
0.059
0.145
0.009
-0.008
0.311
0.213
0.016
-0.067
-0.331
-0.011
0.0
-0.101
0.328
