0.34090909361839294
0.21666666865348816
0.8709677457809448
0.574999988079071
0.25925925374031067
0.32499998807907104
0.3137255012989044
0.15555556118488312
0.3870967626571655
0.5641025900840759
0.3333333432674408
0.18000000715255737
0.5
0.6666666865348816
0.3333333432674408
0.26851850748062134
0.17142857611179352
0.6538461446762085
0.1785714328289032
0.36000001430511475
0.37254902720451355
0.2571428716182709
0.43589743971824646
0.1666666716337204
0.6666666865348816
0.0
0.125
0.24074074625968933
0.2916666567325592
0.5
0.2068965584039688
0.17073170840740204
0.1702127605676651
0.3199999928474426
0.30645161867141724
0.48571428656578064
0.16949152946472168
0.5322580933570862
0.10000000149011612
0.23275862634181976
0.4677419364452362
0.2542372941970825
0
0.0
0.5106382966041565
0.24193547666072845
1.0
0.19565217196941376
0.48571428656578064
0.6170212626457214
0.3333333432674408
0.5769230723381042
0.43589743971824646
0.23076923191547394
0.1794871836900711
0.5142857432365417
0.2666666805744171
0.11999999731779099
0.20338982343673706
0.6166666746139526
0.3333333432674408
0.4318181872367859
0.30000001192092896
0.5454545617103577
0.925000011920929
0.4313725531101227
0.0
0.2857142984867096
0.4583333432674408
0.5538461804389954
0.5769230723381042
0.5319148898124695
0.17931035161018372
0.02857142873108387
0.3571428656578064
0.3820224702358246
0.26923078298568726
0.23076923191547394
0.15555556118488312
0.25925925374031067
0.3863636255264282
0.37288135290145874
0.3932584226131439
0.3695652186870575
0.24074074625968933
0.8928571343421936
0.24390244483947754
0.20000000298023224
0.6315789222717285
0.5967742204666138
0.14084507524967194
0.550000011920929
0.20000000298023224
0.3333333432674408
0.08571428805589676
1.0
0.5806451439857483
0.5531914830207825
0
0.5
0.14084507524967194
0.3207547068595886
0.3207547068595886
0.8387096524238586
0.6666666865348816
1.0
0.3448275923728943
0.12359550595283508
0.0
0.35555556416511536
0.0714285746216774
0.18867924809455872
0.3181818127632141
0.4583333432674408
0.3137255012989044
0.20000000298023224
0.18965516984462738
0.3199999928474426
0.4838709533214569
0.06521739065647125
0.0
0.1304347813129425
0.22727273404598236
0.17741934955120087
0.25806450843811035
0.0833333358168602
0.14000000059604645
0.483146071434021
0.38235294818878174
0.20000000298023224
0.3692307770252228
0.3586956560611725
0.30434781312942505
0.20000000298023224
0.49295774102211
0.0
0.3199999928474426
0.5106382966041565
0.17777778208255768
0.3414634168148041
0.5249999761581421
0.1525423675775528
0.27586206793785095
0.4153846204280853
0.5
0.8214285969734192
0.1599999964237213
0.6666666865348816
0.3137255012989044
0.2112676054239273
0.625
0
0.21212121844291687
0.7777777910232544
0.0
0.2571428716182709
0.09090909361839294
0
0.3965517282485962
0.17241379618644714
0.2666666805744171
0.1666666716337204
0.8510638475418091
0.3333333432674408
0.15217390656471252
0.0
0.1818181872367859
0.2666666805744171
0.2888889014720917
0.22641509771347046
0.17142857611179352
0
0.4642857015132904
0.45098039507865906
0.5357142686843872
0.6153846383094788
0.17142857611179352
0.06818182021379471
0.18000000715255737
0.5555555820465088
0.0
0.44999998807907104
0.11235955357551575
0.9032257795333862
0.30000001192092896
0.09433962404727936
0.6170212626457214
0.3448275923728943
0.48571428656578064
0.15217390656471252
0.20454545319080353
0.22033898532390594
0.38461539149284363
0.09166666865348816
0.38461539149284363
0.37037035822868347
0
0.6000000238418579
0.30434781312942505
0.38461539149284363
0.1666666716337204
0.2571428716182709
0.2222222238779068
0.1666666716337204
1.0
0.9117646813392639
0.6842105388641357
0.41025641560554504
0.2777777910232544
0.19354838132858276
0.5454545617103577
0.800000011920929
0.48571428656578064
0.33870968222618103
0.20370370149612427
0.9285714030265808
0.31578946113586426
0.239130437374115
0.1666666716337204
0.3404255211353302
1.0
0.29807692766189575
0.4901960790157318
0.30434781312942505
0.3448275923728943
0.529411792755127
0.32258063554763794
0
0.3541666567325592
0.375
0.0714285746216774
0.6666666865348816
0.23076923191547394
0.27450981736183167
0.11320754885673523
0.3513513505458832
0
0.43589743971824646
0.23728813230991364
0.5185185074806213
0.9354838728904724
0.2978723347187042
0.3928571343421936
0.20000000298023224
0.14166666567325592
0.6176470518112183
0
0.4838709533214569
0.5600000023841858
0.3888888955116272
0.1538461595773697
0.3928571343421936
0.5
0.52173912525177
0.4137931168079376
1.0
0.22499999403953552
0.5714285969734192
1.0
0.7419354915618896
0.44117647409439087
0.23999999463558197
0.5714285969734192
0.35185185074806213
0.15000000596046448
0.1267605572938919
0
0.6231883764266968
0.3529411852359772
0.17777778208255768
0.8888888955116272
0.1666666716337204
0.15000000596046448
0.48571428656578064
0.22826087474822998
0.18644067645072937
0.27906978130340576
0.5
0.5517241358757019
0.800000011920929
0.1607142835855484
0.3333333432674408
0.4615384638309479
1.0
0.5
0.48275861144065857
0.37037035822868347
0.47058823704719543
0.8085106611251831
0.1599999964237213
0.8928571343421936
0.19230769574642181
0.4651162922382355
0.2857142984867096
0.4084506928920746
0
0.8387096524238586
0.3076923191547394
0.44897958636283875
0.5333333611488342
0.1599999964237213
0.10869564861059189
0.30000001192092896
0.3414634168148041
0.3461538553237915
0
0.19565217196941376
0.5
0
1.0
0.4307692348957062
0.2586206793785095
0.4864864945411682
0.2777777910232544
0.3799999952316284
0.31111112236976624
0.42424243688583374
0.32499998807907104
0.21212121844291687
0.1818181872367859
0.18644067645072937
0.1599999964237213
0.29629629850387573
0.39534884691238403
0.23076923191547394
0.5588235259056091
0.3921568691730499
0.17777778208255768
0.11235955357551575
0.0
0.23076923191547394
0.4000000059604645
0.1666666716337204
0.2344827651977539
0
0.0
0.17592592537403107
0.41025641560554504
0.23333333432674408
0.125
0.18518517911434174
0.10000000149011612
0.30985915660858154
0.3333333432674408
0.4285714328289032
0.6428571343421936
0.40909090638160706
0.47058823704719543
0.04545454680919647
0.4583333432674408
0.4583333432674408
0.7166666388511658
0.2777777910232544
0.5
0.10000000149011612
0.24242424964904785
0.5098039507865906
0.9354838728904724
0.3333333432674408
0.4615384638309479
0.5319148898124695
0.19230769574642181
0.18644067645072937
0.22413793206214905
0.7777777910232544
0.4318181872367859
0.2222222238779068
0.3137255012989044
0.0
0.517241358757019
0.48275861144065857
0.5249999761581421
0.1538461595773697
0.17142857611179352
0.1310344785451889
0.24137930572032928
0.4137931168079376
0.4516128897666931
0.6282051205635071
0.125
0.2777777910232544
0.3863636255264282
0.18888889253139496
0.1538461595773697
0.06818182021379471
0.5
0.22033898532390594
0.1538461595773697
0.1071428582072258
0.2711864411830902
0.6326530575752258
0.3589743673801422
0.17241379618644714
0.15492957830429077
0.3333333432674408
0.10000000149011612
0.09433962404727936
0.42222222685813904
0.15000000596046448
0.21551723778247833
0.125
0.11666666716337204
0.42222222685813904
0.44117647409439087
0.2931034564971924
0.4166666567325592
0.17741934955120087
0.38333332538604736
0.8709677457809448
0.7777777910232544
0.6499999761581421
0.8999999761581421
0.7872340679168701
0.2777777910232544
0.24561403691768646
0.21568627655506134
0.4000000059604645
0.2881355881690979
0.47727271914482117
0.4166666567325592
0.0625
0.17142857611179352
0.699999988079071
0.625
0.23999999463558197
0.6538461446762085
0.15555556118488312
0.48275861144065857
0.3333333432674408
0.3333333432674408
0.1794871836900711
0.5128205418586731
0.2571428716182709
0.11999999731779099
0.26530611515045166
0.125
0.7941176295280457
0.0
0.32692307233810425
0.5263158082962036
0.5454545617103577
0.4516128897666931
0.2586206793785095
0.27272728085517883
0.4677419364452362
0.1071428582072258
0.3103448152542114
0.04878048598766327
0.5692307949066162
0.5957446694374084
0.2857142984867096
0.4000000059604645
0.7777777910232544
0.4516128897666931
0.5
0.17741934955120087
0.24137930572032928
0.48275861144065857
0.06818182021379471
0.20000000298023224
0.4883720874786377
0.04878048598766327
0.15217390656471252
0.44999998807907104
0.3214285671710968
0.3863636255264282
0.17391304671764374
0.4545454680919647
0.6516854166984558
0.22580644488334656
0.7058823704719543
0.1794871836900711
0.3285714387893677
0.1666666716337204
0.4166666567325592
0.4615384638309479
0.10112359374761581
0.18691588938236237
0.4307692348957062
0.31111112236976624
0.29629629850387573
0.37037035822868347
0.20000000298023224
0.3529411852359772
0.5581395626068115
0.3499999940395355
0.3571428656578064
0.22033898532390594
0.1794871836900711
0.3070175349712372
0.0
0.4583333432674408
0.4375
0.0892857164144516
0.23999999463558197
0.37837839126586914
0.18867924809455872
0.38461539149284363
0.05714285746216774
0.0555555559694767
0.3239436745643616
0.8999999761581421
0.5147058963775635
0.41304346919059753
0.13333334028720856
0.1764705926179886
0.4054054021835327
0.18965516984462738
0.7352941036224365
0.19230769574642181
0.5056179761886597
0.4680851101875305
0.6842105388641357
0.12359550595283508
0.20000000298023224
0.08571428805589676
0.2549019753932953
0.1702127605676651
0.31111112236976624
0.5609756112098694
0.30000001192092896
0.18965516984462738
0.4444444477558136
0.6078431606292725
0.04878048598766327
0.2222222238779068
0.4307692348957062
0.14084507524967194
0.4166666567325592
0.3970588147640228
0.4375
0.49275362491607666
0.1607142835855484
0.22727273404598236
0.17142857611179352
0.5362318754196167
0.20338982343673706
0.20454545319080353
0.15730337798595428
0.21551723778247833
0
0.0357142873108387
0.29411765933036804
0.1489361673593521
0.47999998927116394
0.4545454680919647
0.42105263471603394
0.44186046719551086
0.40740740299224854
0.1111111119389534
0.6842105388641357
0.0
0.6499999761581421
0.5
0.4117647111415863
0.625
0.5897436141967773
0.18965516984462738
0.4711538553237915
0.10000000149011612
0.3478260934352875
0.11320754885673523
0.47058823704719543
0.4615384638309479
0.10169491171836853
0.4399999976158142
0.125
0.1320754736661911
0.25581395626068115
0.1111111119389534
0.3529411852359772
0.7692307829856873
0.16981132328510284
0.2549019753932953
0.4390243887901306
0.4166666567325592
1.0
0
0.23076923191547394
0.7804877758026123
0.09803921729326248
0.25925925374031067
0.30188679695129395
0.11666666716337204
0.15909090638160706
1.0
0.3265306055545807
0.6800000071525574
0.2666666805744171
0.3181818127632141
0.20338982343673706
0.2711864411830902
0.3571428656578064
0.20370370149612427
0.7419354915618896
0.5362318754196167
0.3333333432674408
0.9591836929321289
0.23076923191547394
0.1875
0.25
0
0.25
0.04545454680919647
0.15492957830429077
0.07547169923782349
0.239130437374115
0.44117647409439087
0.48571428656578064
0.0
0.13333334028720856
0.26829269528388977
0.4166666567325592
0.8333333134651184
0.16853933036327362
0
0.41025641560554504
0.550000011920929
0.12820513546466827
0.4000000059604645
0.20512820780277252
0.5897436141967773
0.3965517282485962
0.2571428716182709
1.0
0.3137255012989044
0.4677419364452362
0.20000000298023224
0.11666666716337204
0.48571428656578064
0
0.23999999463558197
0.5161290168762207
0.4583333432674408
0.45192307233810425
0.3595505654811859
0.32692307233810425
0.15000000596046448
0.2800000011920929
0.22068965435028076
0.6499999761581421
0.0714285746216774
0.09433962404727936
0.3404255211353302
0.4507042169570923
0.5322580933570862
0.15555556118488312
0.4166666567325592
0.3008849620819092
0.5512820482254028
0.23999999463558197
0.3928571343421936
0.1355932205915451
0.8235294222831726
0.32203391194343567
0.4313725531101227
0.03333333507180214
0.23076923191547394
0.0
0.37037035822868347
0.8823529481887817
0.7777777910232544
0.41428571939468384
0.23275862634181976
0.19565217196941376
0.17142857611179352
0.4864864945411682
0.6410256624221802
0.27272728085517883
0.26829269528388977
0.29411765933036804
0.37837839126586914
0.125
0.31521740555763245
0.13636364042758942
0.12765957415103912
0.1621621549129486
0.5
0.20967741310596466
1.0
0.27272728085517883
0.8888888955116272
0.3863636255264282
0.3333333432674408
0.5
0.48275861144065857
0.4326923191547394
0.7777777910232544
0.11764705926179886
0.3499999940395355
0.20000000298023224
0.1568627506494522
0.4375
0.44897958636283875
0.7777777910232544
0.43661972880363464
0.5641025900840759
0.20000000298023224
0.29411765933036804
0
0.5
0.0833333358168602
0.1267605572938919
0.30000001192092896
0.32499998807907104
0.3529411852359772
0.449438214302063
0.1599999964237213
0.6666666865348816
1.0
0.7058823704719543
0.5609756112098694
0.2542372941970825
1.0
0.6153846383094788
0.2800000011920929
0.2137930989265442
0.625
0.23076923191547394
0.6129032373428345
0.0
0.4166666567325592
0.20370370149612427
0
0.35384616255760193
0.10000000149011612
0.24137930572032928
0.3478260934352875
0.2222222238779068
0.1666666716337204
0.17777778208255768
1.0
0.529411792755127
0.2142857164144516
