0.409
0.467
0.903
0.75
0.315
0.5
0.47
0.244
0.516
0.589
0.422
0.34
0.9
0.957
0.366
0.462
0.285
0.73
0.315
0.6
0.588
0.54
0.589
0.166
0.777
0.0
0.125
0.685
0.638
0.782
0.275
0.17
0.276
0.76
0.612
0.729
0.186
0.838
0.211
0.387
0.677
0.644
0.0
0.0
0.617
0.483
1.0
0.347
0.571
0.723
0.481
0.576
0.564
0.23
0.205
0.571
0.266
0.24
0.254
0.883
0.372
0.5
0.467
0.575
0.925
0.549
0.212
0.414
0.5
0.769
0.576
0.659
0.234
0.057
0.451
0.471
0.23
0.256
0.377
0.31
0.409
0.355
0.606
0.434
0.315
0.892
0.365
0.24
0.631
0.951
0.253
0.55
0.2
0.481
0.114
1.0
0.677
0.744
0.0
0.558
0.225
0.49
0.603
0.87
0.893
1.0
0.344
0.393
0.0
0.488
0.076
0.773
0.409
0.708
0.442
0.434
0.241
0.32
0.612
0.217
0.0
0.282
0.291
0.419
0.709
0.25
0.26
0.73
0.735
0.434
0.446
0.434
0.369
0.434
0.661
0.0
0.72
0.574
0.311
0.341
0.575
0.203
0.275
0.584
0.5
0.821
0.28
0.8
0.269
0.225
0.617
0.0
0.272
0.9
0.0
0.756
0.121
0.0
0.482
0.241
0.387
0.25
0.851
0.468
0.304
0.384
0.818
0.288
0.577
0.358
0.285
0.0
0.535
0.568
0.535
0.769
0.285
0.238
0.34
0.6
0.0
0.55
0.337
0.903
0.35
0.49
0.702
0.483
0.729
0.391
0.5
0.288
0.615
0.141
0.43
0.518
0.0
0.833
0.594
0.446
0.5
0.485
0.222
0.241
1.0
0.911
0.684
0.41
0.722
0.419
0.909
0.825
0.571
0.645
0.305
0.928
0.387
0.304
0.25
0.531
1.0
0.432
0.584
0.369
0.344
0.529
0.419
0.0
0.553
0.75
0.076
0.7
0.307
0.211
0.49
0.378
0.0
0.538
0.288
0.518
0.935
0.446
0.392
0.266
0.275
0.647
0.0
0.725
0.64
0.981
0.717
0.392
0.605
0.739
0.413
1.0
0.3
0.657
1.0
0.838
0.5
0.32
0.685
0.403
0.15
0.211
0.0
0.782
0.45
0.322
1.0
0.222
0.125
0.729
0.369
0.186
0.325
0.7
0.482
0.85
0.157
0.403
0.692
0.7
0.615
0.612
0.527
0.882
0.851
0.36
0.892
0.23
0.581
0.285
0.661
0.0
0.903
0.461
0.53
0.716
0.391
0.304
0.3
0.39
0.384
0.0
0.282
0.875
0.0
1.0
0.615
0.482
0.54
0.722
0.56
0.488
0.515
0.5
0.272
0.125
0.474
0.16
0.981
0.441
0.23
0.588
0.433
0.377
0.269
0.0
0.256
0.378
0.2
0.324
0.0
0.0
0.379
0.538
0.322
0.125
0.263
0.128
0.394
0.577
0.428
0.642
0.431
0.882
0.214
0.791
0.541
0.883
0.722
0.875
0.188
0.272
0.549
0.935
0.588
0.661
0.617
0.192
0.627
0.362
0.833
0.454
0.241
0.442
0.083
0.586
0.548
0.7
0.589
0.285
0.255
0.465
0.586
0.661
0.641
0.125
0.722
0.409
0.277
0.717
0.309
0.89
0.271
0.717
0.228
0.338
0.795
0.487
0.224
0.309
0.288
0.075
0.358
0.711
0.125
0.293
0.062
0.25
0.555
0.5
0.448
0.75
0.419
0.532
0.903
0.833
0.85
0.916
0.808
0.722
0.37
0.23
0.523
0.338
0.5
0.583
0.062
0.285
0.866
0.725
0.36
0.73
0.288
0.645
0.532
0.333
0.205
0.512
0.432
0.24
0.265
0.263
0.794
0.0
0.557
0.526
0.909
0.661
0.482
0.291
0.677
0.14
0.448
0.804
0.784
0.68
0.357
0.5
0.833
0.548
0.765
0.403
0.379
0.548
0.238
0.25
0.534
0.512
0.282
0.45
0.321
0.409
0.326
0.363
0.719
0.467
1.044
0.205
0.341
0.25
0.75
0.525
0.28
0.364
0.507
0.444
0.945
0.551
0.521
0.528
0.558
0.4
0.414
0.661
0.205
0.387
0.0
0.583
0.812
0.122
0.4
0.432
0.377
0.423
0.1
0.087
0.507
0.916
0.676
0.358
0.133
0.192
0.459
0.284
0.735
0.23
0.573
0.787
0.684
0.382
0.25
0.114
0.176
0.297
0.444
0.829
0.3
0.241
0.444
0.647
0.268
0.377
0.492
0.309
0.5
0.779
0.812
0.71
0.21
0.291
0.214
0.695
0.254
0.25
0.404
0.344
0.0
0.038
0.352
0.191
0.56
0.5
0.387
0.465
0.555
0.111
0.684
0.0
0.85
0.838
0.49
0.7
0.589
0.241
0.596
0.114
0.405
0.509
0.588
0.487
0.152
0.56
0.062
0.264
0.372
0.172
0.528
0.769
0.339
0.294
0.487
0.75
1.0
0.0
0.564
0.829
0.098
0.703
0.547
0.275
0.204
1.0
0.408
0.96
0.311
0.333
0.474
0.627
0.426
0.379
0.87
0.695
0.625
1.04
0.346
0.187
0.3
0.0
0.453
0.047
0.253
0.622
0.347
0.705
0.571
0.0
0.291
0.731
0.625
0.833
0.337
0.0
0.538
0.55
0.692
0.68
0.23
0.615
0.5
0.729
1.0
0.471
0.677
0.255
0.208
0.714
0.0
0.4
0.709
0.583
0.625
0.449
0.471
0.2
0.68
0.268
0.8
0.076
0.377
0.531
0.633
0.854
0.311
0.583
0.426
0.602
0.52
0.392
0.186
0.823
0.372
0.49
0.033
0.346
0.0
0.945
0.882
0.833
0.5
0.362
0.347
0.285
0.54
0.666
0.303
0.243
0.294
0.432
0.325
0.38
0.333
0.148
0.216
0.558
0.451
1.0
0.5
1.0
0.409
0.372
0.875
0.548
0.596
0.9
0.245
0.35
0.32
0.32
0.812
0.53
0.833
0.521
0.871
0.347
0.313
0.0
0.9
0.166
0.366
0.35
0.475
0.372
0.539
0.34
0.8
1.0
0.705
1.024
0.288
1.0
0.769
0.608
0.268
0.708
0.564
0.87
0.083
0.583
0.298
0.0
0.415
0.12
0.379
0.413
0.275
0.25
0.222
1.0
0.647
0.214
