0.9165000915527344
0.94357830286026
0.9247753024101257
0.9760652780532837
0.9019629955291748
0.9378122091293335
0.9109799861907959
0.8667044043540955
0.8850908279418945
0.9804055690765381
0.8788020014762878
0.8532108068466187
1.0
0.9567077159881592
0.8883695006370544
0.9301533102989197
0.8322533369064331
0.9856820702552795
0.8969042301177979
0.8678901791572571
0.8731773495674133
0.8008316159248352
0.9646413922309875
0.8753686547279358
0.9194766283035278
0.845124363899231
0.7919394969940186
0.8941661715507507
0.9286974668502808
0.8624966144561768
0.950305700302124
0.92055743932724
0.8975803256034851
0.9036630988121033
0.9002753496170044
0.8600041270256042
0.8109775185585022
0.974075198173523
0.8578983545303345
0.9218345880508423
0.9290195107460022
0.9039065837860107
1.0
0.8732976913452148
0.8693960309028625
0.881899893283844
1.0
0.8734692931175232
0.9709069132804871
0.8871869444847107
0.9555801749229431
0.9146373271942139
0.9348713159561157
0.8665065765380859
0.741016149520874
0.9661576747894287
0.907960057258606
0.2977486550807953
0.7950295805931091
0.8886584043502808
0.8319881558418274
0.9549871683120728
0.9406086206436157
0.7886683940887451
1.0
0.9428075551986694
0.9193063378334045
0.9072852730751038
0.8983899354934692
0.9112191796302795
0.9119417071342468
0.9451267123222351
0.9374180436134338
0.8346010446548462
0.8707169890403748
0.9236342906951904
0.8471823930740356
0.8002874255180359
0.8329076170921326
0.9805513024330139
0.856489896774292
0.8749696612358093
0.9210862517356873
0.8908032178878784
0.8947537541389465
0.9381757974624634
0.9461045861244202
0.8707544803619385
0.9471811652183533
0.974075198173523
0.7834388613700867
0.9287041425704956
0.8386409282684326
0.9502474069595337
0.8484477996826172
1.0
0.9206112623214722
0.9067965149879456
1.0
0.9408372044563293
0.870523989200592
0.9127651453018188
0.9044892191886902
0.9357579946517944
0.9787020087242126
1.0
0.8799335956573486
0.8797225952148438
0.9285148978233337
0.9581601619720459
0.8950280547142029
0.8763911724090576
0.8589925169944763
0.8584753274917603
0.956457257270813
0.9226389527320862
0.913737416267395
0.8644768595695496
0.9401366710662842
0.7584998607635498
0.6488417387008667
0.8783113956451416
0.8868317008018494
0.9057648181915283
0.9375724792480469
0.8535239100456238
0.8861660361289978
0.9211025834083557
0.8806601762771606
0.933977484703064
0.925955057144165
0.8934800028800964
0.8761369585990906
0.936916172504425
0.939060389995575
0.8512849807739258
0.8428880572319031
0.9088826775550842
0.8573532700538635
0.9216533303260803
0.9462963938713074
0.8742473721504211
0.9207355380058289
0.929624080657959
0.9075389504432678
0.9284340739250183
0.8812914490699768
0.976014256477356
0.9584079384803772
0.9067052006721497
0.9132211208343506
0.5055745840072632
0.8319193124771118
0.9867830276489258
0.9233217835426331
0.8773958086967468
0.8416187167167664
1.0
0.912764847278595
0.8661260008811951
0.9212334752082825
0.9283568859100342
0.994720995426178
0.915468692779541
0.8301631212234497
0.9073339104652405
0.927403450012207
0.9059672951698303
0.9477530717849731
0.9062015414237976
0.8155838251113892
0.5060285925865173
0.9533067941665649
0.9394515752792358
0.9681804180145264
0.9216532707214355
0.8225769400596619
0.7566860914230347
0.9167989492416382
0.950901210308075
0.8992596864700317
0.9254634380340576
0.8413556814193726
0.9617454409599304
0.8706932663917542
0.8069620132446289
0.9425491094589233
0.95428466796875
0.8606777787208557
0.8624966144561768
0.8113819360733032
0.8638039827346802
0.8578246235847473
0.8310310244560242
0.9093458652496338
0.9555801749229431
0.9294149279594421
0.932691752910614
0.96617192029953
0.9318411350250244
0.9404033422470093
0.8257647752761841
0.6609073877334595
0.9176472425460815
1.0
0.8967405557632446
0.955951988697052
0.9594389796257019
0.8934144973754883
0.8614953756332397
0.9615311622619629
0.983779788017273
0.9295002222061157
0.9344894289970398
0.9059603214263916
0.9489534497261047
0.9322713613510132
0.8797932267189026
0.9540612101554871
0.901984691619873
0.9649724960327148
0.9475213885307312
0.9270415306091309
0.8790853023529053
0.9215738773345947
0.9262426495552063
0.9552341103553772
1.0
0.9402903318405151
0.8438624739646912
0.8990960121154785
0.9854404926300049
0.9084459543228149
0.9474667310714722
0.8772125840187073
0.9243490695953369
0.49458223581314087
0.9665777087211609
0.8758845329284668
0.9555801749229431
0.9639483690261841
0.901984691619873
0.9346866607666016
0.8857163786888123
0.8364360928535461
0.9643025994300842
0.8238394260406494
0.9536498785018921
0.9124213457107544
0.9663925766944885
0.8389959931373596
0.9464903473854065
0.9380012154579163
0.9645287394523621
0.9292411804199219
1.0
0.9016481637954712
0.9645848870277405
1.0
1.0
0.9307364821434021
0.9054399728775024
0.870326817035675
0.8624838590621948
0.8890774250030518
0.8541731834411621
0.9459721446037292
0.9742758274078369
0.9203397631645203
0.8525899052619934
1.0
0.8466816544532776
0.8910558819770813
0.8600041270256042
0.8911712765693665
0.8743546009063721
0.8274878859519958
0.9192133545875549
0.918343722820282
1.0
0.8968873620033264
0.902228057384491
0.9092143774032593
1.0
0.834194540977478
0.9677535891532898
0.9314876794815063
0.9022722840309143
0.994720995426178
0.8792510628700256
0.9381757974624634
0.872626543045044
0.9110286235809326
0.9381308555603027
0.9355767369270325
0.4990604817867279
0.9795675277709961
0.8945618271827698
0.9381308555603027
0.9043436646461487
0.8866674900054932
0.7744590044021606
0.8368829488754272
0.9105924367904663
0.8243648409843445
0.7353280186653137
0.862652063369751
0.9375882148742676
0.9353916049003601
1.0
0.9102686643600464
0.9069815278053284
0.9328038692474365
0.8908913135528564
0.9723240733146667
0.9395452737808228
0.8315230011940002
0.9593322277069092
0.8439003825187683
0.8255938291549683
0.937451183795929
0.820006251335144
0.962490975856781
0.8846781849861145
0.8471823930740356
0.9140006303787231
0.9225505590438843
0.9344741106033325
0.8636314868927002
0.8514836430549622
0.8001706600189209
0.8769654631614685
0.850365161895752
0.9320461750030518
0.5151815414428711
0.7833817601203918
0.9378455281257629
0.9076283574104309
0.8940151929855347
0.8247323632240295
0.8756052255630493
0.83116215467453
0.9292035102844238
0.9413952231407166
0.8836047649383545
0.9053910374641418
0.9429641962051392
0.8852324485778809
0.8254814147949219
0.8578798174858093
0.9045580625534058
0.8995749950408936
0.8970701694488525
0.9302198886871338
0.875514566898346
0.8581467270851135
0.9372570514678955
0.9639483690261841
0.8765473365783691
0.9216532707214355
0.8828585147857666
0.9101929664611816
0.931807816028595
0.9402561187744141
0.8784143328666687
0.9607433676719666
0.9433712959289551
0.9662457704544067
0.8440749049186707
0.9354822635650635
0.9380279183387756
0.8945306539535522
0.9662971496582031
0.8260171413421631
0.9439122676849365
0.9379503130912781
0.9037272334098816
0.9340087175369263
0.9806306958198547
0.8646676540374756
0.8875849843025208
0.8952434659004211
0.8736698627471924
0.9028839468955994
0.8211032748222351
1.0
0.8485743999481201
0.766162633895874
0.8799424171447754
0.8445764183998108
0.9371727108955383
0.8955131769180298
0.9400186538696289
0.8486389517784119
0.9616073966026306
0.8811524510383606
0.8741256594657898
0.9624606966972351
0.855510950088501
0.9153247475624084
0.8247323632240295
0.847622811794281
0.9018070101737976
0.9229567050933838
0.926154375076294
0.9238737225532532
0.887998640537262
0.9642331004142761
0.9263632297515869
0.9051516652107239
0.889387309551239
1.0
0.9965505599975586
0.8908913135528564
0.9121224880218506
0.9573961496353149
0.9015107750892639
0.8109365701675415
0.8952434659004211
0.9238737225532532
0.8148438930511475
0.8068660497665405
0.9078087210655212
0.9540317058563232
0.8209542632102966
0.9819846153259277
0.90581214427948
0.9408518075942993
0.9406086206436157
1.0
0.7881293296813965
0.9433025121688843
0.8061680197715759
0.9462661743164062
0.8865564465522766
0.9178332686424255
0.8703525066375732
0.8463228940963745
0.946311354637146
0.9489361643791199
0.9649724960327148
0.9234941005706787
0.9379503130912781
0.8082751035690308
0.934298038482666
0.8589117527008057
0.9472938179969788
0.8419149518013
0.9216532707214355
0.987686038017273
0.9389805197715759
0.9575129747390747
0.8784143328666687
0.9247753024101257
0.9344451427459717
0.8864697217941284
0.9357814192771912
0.9268260598182678
0.8230279088020325
0.8501664400100708
0.8893126845359802
0.8536036610603333
0.8324936628341675
0.9254634380340576
0.927209734916687
0.933459460735321
0.8253501653671265
0.8886255621910095
0.9627993702888489
0.8881194591522217
0.9122527241706848
0.7423074245452881
0.8798708915710449
0.8966550230979919
0.9533137083053589
0.9810031652450562
0.8412265777587891
0.9339721202850342
0.9516352415084839
0.9092054963111877
0.9765058755874634
0.9693597555160522
0.8961611390113831
0.9510078430175781
0.8693122267723083
0.8321244716644287
0.8769654631614685
0.951688289642334
0.7654287219047546
0.9288836717605591
0.9376141428947449
0.9072473049163818
0.9070692658424377
0.8734712600708008
0.8758081793785095
0.9311434626579285
0.8995472192764282
0.851236879825592
0.8345250487327576
0.8570689558982849
0.9212077856063843
1.0
0.912433922290802
0.9083050489425659
0.9136968851089478
0.9141156673431396
0.9416884183883667
0.915479838848114
0.8974463939666748
0.9179487824440002
0.9547702074050903
0.9028463363647461
0.9538286924362183
0.8655358552932739
0.867797315120697
0.8172606229782104
0.8618719577789307
0.883416473865509
0.8730791807174683
0.8976448178291321
0.9446642994880676
0.9351438283920288
0.891960620880127
0.9362303614616394
0.8104462027549744
0.8523034453392029
0.9500958919525146
0.8362746238708496
0.8919728398323059
0.8776982426643372
0.9055349230766296
0.9723236560821533
0.8867422938346863
0.8768484592437744
0.885090172290802
0.9513548016548157
0.827915608882904
0.8888664245605469
0.8691211342811584
0.914553165435791
0.4990604817867279
0.7856912612915039
0.9236614108085632
0.8913174867630005
0.8293532133102417
0.9187917709350586
0.9362718462944031
0.8890017867088318
0.9591500163078308
0.7940595149993896
0.9653407335281372
0.8495779037475586
0.9083992838859558
0.9158987998962402
0.9081560373306274
0.9593322277069092
0.9653239250183105
0.9351438283920288
0.9161353707313538
0.8193101286888123
0.9255238771438599
0.8379849195480347
0.920911431312561
0.9598381519317627
0.7997459769248962
0.8900294899940491
0.8139947652816772
0.9227150082588196
0.8699222803115845
0.9805513024330139
0.9522306323051453
0.9653239250183105
0.8972324132919312
0.8371427655220032
0.9290298223495483
0.8943145275115967
0.9817704558372498
0.9095364212989807
0.9028839468955994
0.997169017791748
0.8284119963645935
0.8461297154426575
0.8923611044883728
0.8180965781211853
0.7816094160079956
1.0
0.9381308555603027
0.902543306350708
0.8990776538848877
0.8181726932525635
0.9266740083694458
0.9166327118873596
0.8976491689682007
0.9198863506317139
0.9340923428535461
0.9513548016548157
0.8420253396034241
0.9742148518562317
0.8849674463272095
0.8886409401893616
0.8706932663917542
1.0
0.9386723637580872
0.79112708568573
0.8530651926994324
0.8114269971847534
0.8651586771011353
0.898306131362915
0.8934264779090881
0.8398132920265198
0.8422683477401733
0.8956666588783264
0.8437550663948059
1.0
0.8604376912117004
1.0
0.9073181748390198
0.9287041425704956
0.9005373120307922
0.872230589389801
0.7757272124290466
0.9535119533538818
0.9471981525421143
0.8731030225753784
1.0
0.9608430862426758
0.934298038482666
0.9342178702354431
0.8293072581291199
0.9372179508209229
1.0
0.8792510628700256
0.9281143546104431
0.8426474928855896
0.9389135241508484
0.9320103526115417
0.9549172520637512
0.8658694624900818
0.8235934972763062
0.9374180436134338
0.883294403553009
0.9162526726722717
0.8089671730995178
0.901984691619873
0.9286987781524658
0.9733550548553467
0.9044403433799744
0.9533137083053589
0.9249537587165833
0.9780558347702026
0.7970876097679138
0.9389805197715759
0.871982753276825
0.8774431943893433
0.8425502777099609
0.859243631362915
0.8171321749687195
0.8902328610420227
0.8644685745239258
0.9768733978271484
0.8992891311645508
0.9191820621490479
0.9138941764831543
0.9178479313850403
0.8781507015228271
0.8221299648284912
0.9328038692474365
0.9760005474090576
0.8380223512649536
0.9573426842689514
0.882480263710022
0.924433171749115
0.8255919218063354
0.8788558840751648
0.8522176742553711
0.8572717308998108
0.9119720458984375
0.9277613759040833
0.8614953756332397
1.0
0.8822417855262756
1.0
0.8552910089492798
0.8352631330490112
0.9302198886871338
0.9093677401542664
0.9354342222213745
0.9854404926300049
0.9352787733078003
0.8566861748695374
0.897335946559906
0.8648145794868469
0.9126099348068237
0.9381308555603027
0.8784143328666687
0.9048359394073486
0.8913909792900085
0.8799372315406799
0.9293931722640991
0.5194558501243591
1.0
0.9153792858123779
0.8543627858161926
0.8589801788330078
0.9593322277069092
0.9171082973480225
0.9204350113868713
0.9201079607009888
0.9752385020256042
1.0
0.9143862128257751
0.8831387162208557
0.8403357863426208
1.0
0.9748508334159851
0.8851632475852966
0.9342178702354431
0.9116710424423218
0.8428780436515808
0.9699487090110779
0.8537072539329529
0.9095934629440308
0.8787479996681213
1.0
0.9413623213768005
0.8595879077911377
0.9476331472396851
0.8931220769882202
0.964698851108551
0.9282668232917786
0.9027813673019409
1.0
0.9432032108306885
0.9088915586471558
