0.8960469365119934
0.850296676158905
0.9458252787590027
0.9733335971832275
0.9050013422966003
0.951542854309082
0.8943051695823669
0.9054548144340515
0.8949580192565918
0.9795619249343872
0.8431330919265747
0.8243820667266846
1.0
0.9236599802970886
0.9642913937568665
0.9210538864135742
0.8292016386985779
0.9848929643630981
0.8513625860214233
0.9203810691833496
0.9176901578903198
0.7106897234916687
0.9625188708305359
0.9833756685256958
1.0
0.7849423885345459
0.7780619859695435
0.9035422205924988
0.9549309015274048
0.8294758796691895
0.9765031337738037
0.8887730836868286
0.908223569393158
0.9313124418258667
0.9115120768547058
0.8034102320671082
0.824526846408844
0.9632577300071716
0.8246380090713501
0.917881965637207
0.8931930065155029
0.9075839519500732
1.0
0.8434016704559326
0.8124310374259949
0.940665602684021
1.0
0.9489678144454956
0.9522839784622192
0.907578706741333
0.9401312470436096
0.9767492413520813
0.9880590438842773
0.8774282932281494
0.6891718506813049
0.9558202028274536
0.9875317811965942
1.0
0.7478819489479065
0.8972890377044678
0.8680078983306885
0.973962664604187
0.8365114331245422
0.7130184769630432
1.0
0.9066649675369263
0.8917677998542786
0.9902634024620056
0.9595812559127808
0.8782710433006287
0.9784883260726929
0.870395839214325
0.9605898857116699
0.8204960823059082
0.8872244358062744
0.9279502630233765
0.9528735876083374
0.7834992408752441
0.859977126121521
0.9796124696731567
0.7541012167930603
0.8582289814949036
0.8804354667663574
0.8923239707946777
0.8883590698242188
0.9872035384178162
0.9091302156448364
0.9783576130867004
0.941559910774231
0.9632577300071716
0.7781822085380554
0.9076363444328308
0.7339870929718018
0.9271420836448669
0.8471805453300476
1.0
0.8971397876739502
0.8666160106658936
1.0
0.8852739930152893
0.8411985635757446
0.8822816610336304
0.8898847103118896
0.9536943435668945
1.0
1.0
0.8756681680679321
0.8508281707763672
0.9080218076705933
0.9499488472938538
0.9709970355033875
0.8710392713546753
0.8492094278335571
0.7534911632537842
0.9525615572929382
0.9640718698501587
0.8521931767463684
1.0
0.9727015495300293
0.7053141593933105
0.6931047439575195
0.966252326965332
0.8736218810081482
0.9506514668464661
0.9086883068084717
0.8678040504455566
0.8196452260017395
0.9018174409866333
0.879269540309906
0.9666926860809326
0.9455540180206299
0.9002439975738525
0.9643016457557678
0.9666329622268677
0.8939859867095947
0.7797430753707886
0.8452612161636353
0.8704430460929871
0.8837581872940063
0.9450165033340454
0.9582114815711975
0.9273786544799805
0.9424091577529907
0.9126322865486145
0.9076363444328308
0.9862895011901855
0.8630144000053406
0.9745056629180908
0.9447103142738342
0.8843007683753967
0.8621556758880615
0.7422590851783752
0.718764066696167
0.9852744340896606
0.9511500597000122
0.8353598713874817
0.7862169146537781
1.0
0.926048219203949
0.8728264570236206
0.9199756979942322
0.8662806153297424
0.9924978017807007
0.9120340347290039
0.8210015296936035
0.9757034182548523
0.9436464905738831
0.8642363548278809
0.9546052813529968
0.8752725124359131
0.7972069978713989
0.7499814629554749
0.9359163045883179
0.8923433423042297
0.9749437570571899
0.9111986756324768
0.7791174650192261
0.761182963848114
0.915454626083374
0.9469283223152161
0.8928099870681763
0.9076363444328308
0.7698035836219788
0.9396809339523315
0.8247979879379272
0.7661406993865967
0.9356918931007385
0.9687418937683105
0.8493393659591675
0.8294758796691895
0.8187974691390991
0.8984538316726685
0.8898063898086548
0.7818341851234436
0.8900513648986816
0.9401312470436096
0.9294149279594421
0.9005134105682373
0.9546276926994324
0.9546476602554321
0.9403775334358215
0.7473891377449036
0.6335147619247437
0.8181647658348083
1.0
0.8985148072242737
0.9474173784255981
0.9654939770698547
0.8860092759132385
0.9059869647026062
1.0
1.0
0.9447923898696899
0.8931930065155029
0.924543023109436
1.0
0.9482263922691345
0.9698511362075806
0.9507078528404236
0.9135214686393738
1.0
0.9721625447273254
0.8900693655014038
0.9681318998336792
0.954236626625061
0.8902313709259033
0.9225447177886963
1.0
0.9897698760032654
0.7376430034637451
0.9757034182548523
0.9889264702796936
0.9757040143013
0.9277409315109253
0.8607555627822876
0.9379520416259766
0.7499814629554749
0.9409568309783936
0.9061406254768372
0.9401312470436096
0.9410147666931152
0.9135214686393738
0.9117587208747864
0.8392770886421204
0.7530788779258728
0.8895532488822937
0.7332274913787842
0.918999195098877
0.9064775705337524
0.9601417183876038
0.8118113279342651
0.9476333856582642
0.929526686668396
0.9738156795501709
0.9557093977928162
1.0
0.9340648055076599
0.9532209634780884
1.0
1.0
0.8707834482192993
0.8946280479431152
0.8614590167999268
0.8521608710289001
0.8476119041442871
0.8256850838661194
1.0
0.9669541120529175
0.8938174247741699
0.823451817035675
1.0
0.8350096344947815
0.8516786098480225
0.8034102320671082
0.8740751147270203
0.9604229927062988
0.7888490557670593
0.9668172597885132
0.9495874643325806
1.0
0.8586925268173218
0.9209502339363098
0.895961344242096
1.0
0.9160875678062439
0.968956708908081
0.9219187498092651
0.9345645308494568
0.9924978017807007
0.8556179404258728
0.9872035384178162
1.0
0.9019969701766968
1.0
0.8930693864822388
0.7499814629554749
0.974616289138794
0.8827618360519409
1.0
0.8702859878540039
0.8946032524108887
0.8126449584960938
0.8989344835281372
0.9009341597557068
0.812373161315918
0.7332274913787842
0.9397268295288086
0.9389747977256775
1.0
1.0
0.8627451062202454
0.9022548198699951
0.9492419362068176
0.8882993459701538
0.9685173630714417
0.9587602615356445
0.7233890891075134
0.9832397103309631
0.7285746335983276
0.8259940147399902
0.9237449765205383
0.9389033913612366
0.9463651776313782
0.8652915954589844
0.9528735876083374
0.8414312601089478
0.8776031732559204
0.90871661901474
0.7936419248580933
0.7827852964401245
0.7795664072036743
0.8877677321434021
0.9523885250091553
0.9712769389152527
0.7499814629554749
0.894576907157898
0.9251271486282349
0.944654107093811
0.8657203912734985
0.8156286478042603
0.8722009658813477
0.807012140750885
0.9122703075408936
0.9103180170059204
0.968166172504425
0.902566134929657
0.9658256769180298
0.8905379176139832
0.8452039957046509
0.7544029355049133
0.9595812559127808
0.9144010543823242
0.8858992457389832
0.9389747977256775
0.8418592214584351
0.761144757270813
0.8603497743606567
0.9410147666931152
0.8566007614135742
0.9111986756324768
0.9027671217918396
1.0
0.908278226852417
0.9089403748512268
0.8776863217353821
0.9302889108657837
0.9699514508247375
0.9649320840835571
0.810152530670166
0.9690471291542053
0.9407422542572021
0.891682505607605
0.8769957423210144
0.8230427503585815
0.9589824080467224
0.901766300201416
0.9040465950965881
0.8882668018341064
0.9814438223838806
0.7962421774864197
0.8803207278251648
0.8656748533248901
0.8393051624298096
0.8255316615104675
0.8401406407356262
1.0
0.8116371631622314
0.8113105893135071
0.8524471521377563
0.8799089789390564
0.9283729791641235
0.9778944253921509
0.8503351807594299
0.8094518780708313
0.9631404280662537
0.8272925019264221
0.8570497632026672
0.9584594368934631
0.8098995089530945
0.8973879814147949
0.8156286478042603
0.7709487676620483
0.9369949102401733
0.8318911194801331
0.9178140759468079
0.9493803977966309
0.9140260815620422
0.9067413806915283
0.9474853873252869
0.8776863217353821
0.8964226841926575
1.0
0.996368944644928
0.8882993459701538
0.9223902821540833
0.9623509049415588
0.8821521401405334
0.7975814342498779
0.8656748533248901
0.9493803977966309
0.805518627166748
0.764180600643158
0.8964226841926575
0.9708573222160339
0.8295443058013916
0.9846330881118774
0.8634783029556274
0.9437436461448669
0.8365114331245422
1.0
0.7663669586181641
0.9396643042564392
0.721605122089386
0.9310875535011292
0.9325687885284424
0.8709399700164795
0.9056533575057983
0.7867902517318726
0.9265673160552979
0.9786202311515808
1.0
0.8860076665878296
0.901766300201416
0.7667286396026611
0.8931930065155029
0.8217938542366028
0.9216972589492798
0.7811272144317627
0.9111986756324768
0.9889596104621887
0.9354801177978516
0.9092451930046082
0.8776863217353821
0.9458252787590027
1.0
0.8868466019630432
0.911806046962738
0.9120954275131226
0.8266869187355042
0.8061518669128418
0.8586747050285339
0.8659073114395142
0.8277301788330078
0.9076363444328308
0.9668753743171692
0.9737264513969421
0.8127937912940979
0.8112932443618774
0.9286981821060181
0.951934814453125
0.9047470688819885
0.6895313262939453
0.8561548590660095
0.8769418597221375
0.9869263768196106
0.9436960220336914
0.7651758193969727
0.9222521781921387
0.9641319513320923
0.867621660232544
0.9681047797203064
0.9755349159240723
0.936530351638794
0.9656590819358826
0.8229789137840271
0.7497385144233704
0.8877677321434021
0.9727550745010376
0.6905370354652405
0.9405171275138855
0.9587844014167786
0.8531458973884583
0.909515380859375
0.8903907537460327
0.8196102976799011
0.960161030292511
0.8454400300979614
0.892857015132904
0.7907288670539856
0.8817425966262817
0.8510429859161377
1.0
0.9252166152000427
0.9036022424697876
0.9833756685256958
0.9387058615684509
0.9457080364227295
0.8967303037643433
0.8547037243843079
0.9917221665382385
0.9025925397872925
0.9052247405052185
0.9439650177955627
0.8476797342300415
0.8384293913841248
0.7826953530311584
0.8207502961158752
0.8853391408920288
0.8998076319694519
0.9084600210189819
0.9875317811965942
0.8928185701370239
0.8979989290237427
0.8947389721870422
0.7451766133308411
0.8482593894004822
0.9571862816810608
0.8194794654846191
0.890902042388916
0.8826682567596436
0.909515380859375
0.975611686706543
0.8555598258972168
0.8382292985916138
0.862104594707489
0.9738156795501709
0.8589045405387878
0.8469173312187195
0.8083134293556213
0.8561404943466187
0.7499814629554749
0.9309837222099304
0.8353527188301086
0.9474779367446899
0.8954185247421265
0.8656748533248901
0.9507666230201721
0.8697423934936523
0.9819086790084839
0.8255527019500732
0.9568061232566833
0.7782963514328003
0.8928141593933105
0.9240893721580505
0.8563416600227356
0.9832397103309631
0.9719139337539673
0.8928185701370239
0.9367761611938477
0.8102063536643982
0.9285292029380798
0.8643880486488342
0.8762379288673401
0.9689305424690247
0.8260915875434875
0.9125659465789795
0.8187283277511597
0.9294941425323486
0.784325122833252
0.9796124696731567
0.958923876285553
0.9719139337539673
0.8176968097686768
0.8492757678031921
0.9523637294769287
0.9869263768196106
1.0
0.9040067195892334
0.8255316615104675
0.9912222623825073
0.7931990623474121
0.88410484790802
0.9057711958885193
0.7657210230827332
0.8538427948951721
1.0
1.0
0.8526262640953064
0.9137713313102722
0.7645844221115112
0.9654676914215088
0.8988540768623352
0.898466169834137
0.9083094596862793
0.9552834630012512
0.9738156795501709
0.7400811910629272
1.0
0.8866393566131592
0.9084706902503967
0.8247979879379272
1.0
0.9310091733932495
0.7914964556694031
0.8020414710044861
0.8127267360687256
0.8738321661949158
0.9320019483566284
0.8614590167999268
0.7712162137031555
0.7667261362075806
0.9163828492164612
0.7483794093132019
1.0
0.8186876773834229
1.0
0.9574430584907532
0.9076363444328308
0.9604225158691406
0.870502233505249
0.7807176113128662
0.9490593671798706
0.917095422744751
0.8596177697181702
1.0
0.9699516892433167
0.8931930065155029
0.974285364151001
0.7394331693649292
0.953916609287262
1.0
0.8556179404258728
0.9402254223823547
0.9794754385948181
0.9231363534927368
0.8963658213615417
0.9355917572975159
0.8299456834793091
0.8023898005485535
0.9605898857116699
0.8701003789901733
1.0
0.7921575307846069
0.9135214686393738
0.8742424249649048
0.961096465587616
0.9023439288139343
0.9869263768196106
0.9338201880455017
0.9436960220336914
0.7329587936401367
0.9354801177978516
0.8757275938987732
0.8891599178314209
0.8652767539024353
0.9089729189872742
0.9750635027885437
0.8879836797714233
0.8126917481422424
0.9684227705001831
0.8828511834144592
0.8764311075210571
0.9346422553062439
0.9104486107826233
0.9740550518035889
0.7730045914649963
0.9492419362068176
0.9252790212631226
0.737604022026062
0.9520825743675232
0.8359660506248474
0.9387604594230652
0.7417131662368774
0.8805361986160278
0.8201228976249695
0.7576197981834412
0.9210304617881775
0.8057278394699097
0.9059869647026062
1.0
0.8392791152000427
1.0
0.8013700842857361
0.8625863194465637
0.9389747977256775
0.9461535811424255
0.9262675046920776
0.9889264702796936
0.966706395149231
0.8365441560745239
0.8667242527008057
0.7913992404937744
0.909515380859375
1.0
0.8776863217353821
0.8651542067527771
0.9308320879936218
0.8701132535934448
0.9149977564811707
0.7499814629554749
1.0
0.8526719808578491
0.7857728004455566
0.8061518669128418
0.9832397103309631
0.906430721282959
0.917165994644165
0.8627467751502991
0.978157639503479
1.0
0.9392399787902832
0.9074229001998901
0.8823071122169495
1.0
0.9719139337539673
0.8906657695770264
0.974285364151001
0.8594193458557129
0.7509331107139587
0.9823072552680969
0.8615705966949463
0.9361063838005066
0.8564972281455994
1.0
0.9471118450164795
0.8967518210411072
0.9177790880203247
0.8649566769599915
0.9637600183486938
0.8651279807090759
0.8600929975509644
1.0
0.883345901966095
0.917386531829834
