0.9285100698471069
0.9301262497901917
0.9819791913032532
0.9985148310661316
0.9884156584739685
0.9825682640075684
0.9390898942947388
0.8571129441261292
0.790030837059021
0.9977625012397766
0.7939703464508057
0.8619614243507385
1.0
0.8963473439216614
0.9171852469444275
0.9922795295715332
0.8354848623275757
0.9938369989395142
0.9580251574516296
0.7346458435058594
0.9347180724143982
0.7695066928863525
0.9944761395454407
0.9108642935752869
0.8748191595077515
0.916272759437561
0.8506696820259094
0.9134697914123535
0.9396286010742188
0.7469033002853394
0.9860770106315613
0.8556172251701355
0.9241195321083069
0.8235651254653931
0.941155731678009
0.8590489625930786
0.8322440981864929
0.9978275299072266
0.9301712512969971
0.966877818107605
0.9742680788040161
0.975532591342926
1.0
0.9253534078598022
0.868803083896637
0.9612982273101807
1.0
0.8709796667098999
0.9973219633102417
0.9048628211021423
0.9776350855827332
0.8258064389228821
0.9589179754257202
0.943637490272522
0.7523331046104431
0.9955978989601135
0.920672595500946
0.9497894048690796
0.8267836570739746
0.9250444173812866
0.9225729703903198
0.9871127605438232
0.8928388357162476
0.7094506025314331
1.0
0.9496287703514099
0.9608898758888245
0.9030288457870483
0.8538671135902405
0.8871914744377136
0.8338217735290527
0.9184980988502502
0.9810987710952759
0.9224239587783813
0.8573081493377686
0.9511831402778625
0.9087124466896057
0.9192319512367249
0.8076618909835815
0.9968980550765991
0.8516458868980408
0.8539060354232788
0.9200428128242493
0.9242186546325684
0.9867597818374634
0.9703797698020935
0.8796820044517517
0.957793116569519
0.9810308814048767
0.9978275299072266
0.899593710899353
0.9623394012451172
0.6319748759269714
0.9835516810417175
0.872942328453064
1.0
0.9753032326698303
0.9441325664520264
1.0
0.7563204765319824
0.9119486808776855
0.8983449935913086
0.9067240357398987
0.9831772446632385
0.9708008170127869
1.0
0.9544447064399719
0.8610129952430725
0.9675750732421875
0.9488733410835266
0.850587785243988
0.9824123978614807
0.9671381711959839
0.8737175464630127
0.9946138858795166
0.8849270939826965
0.9355672597885132
0.948485255241394
0.9827775359153748
0.7380963563919067
0.6461661458015442
0.8714375495910645
0.9682604670524597
0.821431577205658
0.9374050498008728
0.8469210267066956
0.9034186601638794
0.9518464207649231
0.935878574848175
0.9469639658927917
0.9688109755516052
0.9238613247871399
0.86981201171875
0.9469480514526367
0.8989318013191223
0.921044111251831
0.7317523956298828
0.9441414475440979
0.7539089918136597
0.9144995808601379
0.9737715721130371
0.858919620513916
0.9842038154602051
0.9411265254020691
0.967983603477478
0.9691396355628967
0.8905933499336243
0.9973828196525574
0.9911079406738281
0.8570488095283508
0.8881604671478271
0.6053887009620667
0.801181972026825
0.9981328248977661
0.9796968102455139
0.8279121518135071
0.7877286672592163
1.0
0.9332349300384521
0.969095766544342
0.9148153066635132
0.979523241519928
0.9996209144592285
0.9445288777351379
0.7678736448287964
0.9405124187469482
0.9409672617912292
0.9456585645675659
0.9488076567649841
0.9187949895858765
0.9390777945518494
0.6019916534423828
0.9928285479545593
0.9412556290626526
0.9913724660873413
0.873857319355011
0.8254849910736084
0.7623122334480286
0.8959446549415588
0.9830551147460938
0.9525794386863708
0.9857863187789917
0.8430982828140259
0.9810973405838013
0.9719310402870178
0.8307080864906311
0.9261237382888794
0.9879938960075378
0.8695082664489746
0.7469033002853394
0.8165470361709595
0.8537050485610962
0.9427845478057861
0.8435316681861877
0.896767258644104
0.9776350855827332
0.9775806665420532
0.9706015586853027
0.9951369166374207
0.9709940552711487
0.9832714796066284
0.7746437191963196
0.4757775068283081
0.8875817656517029
1.0
0.9156086444854736
0.9811941385269165
0.9858226776123047
0.9479253888130188
0.7931984066963196
0.9748057723045349
0.9960148334503174
0.9652752876281738
0.9778090119361877
0.9889323115348816
0.971434473991394
0.9800510406494141
0.8574579358100891
0.9894998073577881
0.9254425168037415
0.9675543308258057
0.9921576976776123
0.9520286321640015
0.8723539710044861
0.9860870838165283
0.9471132755279541
0.94038325548172
1.0
0.958992063999176
0.8736310005187988
0.8636749982833862
0.996334969997406
0.9359654784202576
0.9948447346687317
0.9834492802619934
0.9580631256103516
0.593912661075592
0.9660684466362
0.9031398296356201
0.9776350855827332
0.9805518984794617
0.9254425168037415
0.9862022399902344
0.9557741284370422
0.8602951169013977
0.9161074757575989
0.8433440327644348
0.9398543238639832
0.9065871238708496
0.9797782897949219
0.7255599498748779
0.9878519773483276
0.9911319613456726
0.9950728416442871
0.9851221442222595
1.0
0.9680247902870178
0.9957235455513
1.0
1.0
0.7614661455154419
0.9017886519432068
0.8920409083366394
0.9656774997711182
0.9743165969848633
0.9187004566192627
0.9559624791145325
0.996292233467102
0.9462186694145203
0.8905113339424133
1.0
0.8147370219230652
0.9653707146644592
0.8590489625930786
0.9413245320320129
0.9289730191230774
0.7427630424499512
0.9489691257476807
0.98464035987854
1.0
0.9586080312728882
0.9864471554756165
0.6988229751586914
1.0
0.9073382019996643
0.9945760369300842
0.9710808396339417
0.9583902955055237
0.9996209144592285
0.8883028030395508
0.9703797698020935
0.8668895959854126
0.874164342880249
0.967243492603302
0.9084610342979431
0.5973157286643982
0.9967639446258545
0.8548561930656433
0.967243492603302
0.9412669539451599
0.9300181269645691
0.7707566618919373
0.9047448039054871
0.8478074669837952
0.8932657837867737
0.8099572062492371
0.8582934141159058
0.9607259035110474
0.9498173594474792
1.0
0.847611129283905
0.9668338894844055
0.9679417610168457
0.939752995967865
0.9952117204666138
0.8786541223526001
0.7949416041374207
0.9857774376869202
0.773483157157898
0.9292466044425964
0.9081849455833435
0.9487605690956116
0.9779676795005798
0.8585658073425293
0.9087124466896057
0.7319663763046265
0.9490661025047302
0.930751621723175
0.8469998240470886
0.9161853194236755
0.920997142791748
0.8360369205474854
0.9028225541114807
0.9850985407829285
0.6116107106208801
0.8446353673934937
0.9950273633003235
0.9533617496490479
0.9515731930732727
0.8502935767173767
0.9763398766517639
0.8868256211280823
0.8981801867485046
0.9110222458839417
0.9610469937324524
0.9662036299705505
0.8985961675643921
0.932826042175293
0.8198286294937134
0.870472252368927
0.8584145307540894
0.9248379468917847
0.9473106265068054
0.9526231288909912
0.9352686405181885
0.7411500215530396
0.9555312991142273
0.9805518984794617
0.8457961678504944
0.873857319355011
0.9042819738388062
0.9138617515563965
0.8911968469619751
0.9841557741165161
0.8456373810768127
0.9903709292411804
0.9890642166137695
0.9967937469482422
0.7399498224258423
0.9879835247993469
0.9947291016578674
0.9492608308792114
0.8898499608039856
0.8381558656692505
0.9853134751319885
0.9690592288970947
0.943024218082428
0.9873824715614319
0.966647744178772
0.9587953686714172
0.9197970032691956
0.9490540623664856
0.9286137223243713
0.7744272947311401
0.8149288892745972
1.0
0.8224460482597351
0.6209455728530884
0.9474203586578369
0.8824548125267029
0.9507109522819519
0.955071210861206
0.9262328147888184
0.8688427209854126
0.9954408407211304
0.97218257188797
0.9826101660728455
0.9516215920448303
0.9078019261360168
0.9413963556289673
0.8502935767173767
0.8736626505851746
0.9466145634651184
0.7629134654998779
0.9542329907417297
0.9506822824478149
0.8117284774780273
0.9549259543418884
0.9818328619003296
0.8415324687957764
0.9234421849250793
1.0
0.9801141023635864
0.939752995967865
0.9734346270561218
0.9943705201148987
0.9264464378356934
0.7935156226158142
0.9490540623664856
0.9506822824478149
0.8518663048744202
0.9259002208709717
0.9443470239639282
0.9834551215171814
0.8315038084983826
0.9935814738273621
0.9447850584983826
0.9806550741195679
0.8928388357162476
1.0
0.9185024499893188
0.9897384643554688
0.7765672206878662
0.9781696796417236
0.9347164034843445
0.9521810412406921
0.8924853801727295
0.9163733720779419
0.9927785992622375
0.9850677251815796
0.9675543308258057
0.9807047843933105
0.9690592288970947
0.8110253214836121
0.9849552512168884
0.932915985584259
0.9823282361030579
0.8442144393920898
0.873857319355011
0.9988657236099243
0.9850621223449707
0.9414059519767761
0.8456373810768127
0.9819791913032532
0.9615113735198975
0.7979830503463745
0.9801914691925049
0.987785279750824
0.8228191137313843
0.954571008682251
0.8873996734619141
0.8227789998054504
0.7692583203315735
0.9857863187789917
0.9536324143409729
0.9483461976051331
0.766476035118103
0.9400011301040649
0.9788001775741577
0.8098476529121399
0.9403398633003235
0.7572234272956848
0.8832201361656189
0.7492097616195679
0.957678496837616
0.9638503789901733
0.8318588733673096
0.9937949776649475
0.9803587198257446
0.9473087787628174
0.9814626574516296
0.9938216805458069
0.9394232034683228
0.9854956269264221
0.82623690366745
0.9680657982826233
0.8360369205474854
0.9902054071426392
0.7984124422073364
0.979161262512207
0.9840940833091736
0.9641395211219788
0.9619238376617432
0.9479219317436218
0.8981329798698425
0.9392534494400024
0.932244062423706
0.9287149906158447
0.8852607607841492
0.9650031328201294
0.8931449055671692
1.0
0.9404846429824829
0.9436942338943481
0.9221917986869812
0.9585248827934265
0.9652984142303467
0.9390811324119568
0.8990903496742249
0.9481776356697083
0.954528272151947
0.9400277733802795
0.9806296825408936
0.8832619786262512
0.9571428298950195
0.8836554288864136
0.7585946917533875
0.9229370951652527
0.8144654631614685
0.9686670899391174
0.9370474219322205
0.9730353951454163
0.9622007012367249
0.9355641007423401
0.8406675457954407
0.9145075678825378
0.980290949344635
0.9227325916290283
0.8566073179244995
0.9330451488494873
0.9616172909736633
0.9972043037414551
0.9611952304840088
0.9658953547477722
0.9366474151611328
0.9769178628921509
0.8408510684967041
0.9411324858665466
0.8632708191871643
0.9282646179199219
0.5973157286643982
0.777302086353302
0.8352883458137512
0.9232182502746582
0.9582383036613464
0.9642622470855713
0.980804443359375
0.8496715426445007
0.9882432222366333
0.8683423399925232
0.9822068214416504
0.9207854270935059
0.9599399566650391
0.9441367983818054
0.9130870699882507
0.9857774376869202
0.9861202836036682
0.9730353951454163
0.9633070826530457
0.874312162399292
0.9897178411483765
0.8505957722663879
0.9389690160751343
0.9680707454681396
0.8328810930252075
0.9664387106895447
0.8412883877754211
0.9891597628593445
0.8873471021652222
0.9968980550765991
0.978773832321167
0.9861202836036682
0.8945692181587219
0.8455248475074768
0.9685325622558594
0.8839619159698486
0.988508403301239
0.9669235944747925
0.7744272947311401
0.9993188977241516
0.7844566106796265
0.90260910987854
0.9022849798202515
0.8511704802513123
0.8519213795661926
1.0
0.967243492603302
0.8216827511787415
0.9505130052566528
0.8181902170181274
0.9868567585945129
0.8990685343742371
0.8793836236000061
0.9925609230995178
0.9830347299575806
0.9769178628921509
0.8697357773780823
0.9798253178596497
0.9569832682609558
0.9458218216896057
0.9719310402870178
1.0
0.9943650960922241
0.7952714562416077
0.9060518741607666
0.8371366858482361
0.919847846031189
0.958071768283844
0.9483622908592224
0.8279796838760376
0.8748397827148438
0.8350621461868286
0.8667032718658447
1.0
0.8492329120635986
1.0
0.9515222311019897
0.9623394012451172
0.7951196432113647
0.801909327507019
0.9127206206321716
0.9900298714637756
0.9833976030349731
0.8667019009590149
1.0
0.9787619709968567
0.9849552512168884
0.9846330881118774
0.856622040271759
0.9654789566993713
1.0
0.8883028030395508
0.9802538156509399
0.845149576663971
0.992598295211792
0.9500969052314758
0.9943934679031372
0.9853246808052063
0.6722257733345032
0.9810987710952759
0.939037561416626
0.8670626282691956
0.8345563411712646
0.9254425168037415
0.8608778715133667
0.9498082399368286
0.8864911198616028
0.957678496837616
0.9794309735298157
0.9688671827316284
0.7816308736801147
0.9850621223449707
0.9116712212562561
0.8971437215805054
0.7756202220916748
0.9200164675712585
0.891301691532135
0.9576932787895203
0.9205477833747864
0.9942424893379211
0.91016685962677
0.8645509481430054
0.8790225386619568
0.9416130185127258
0.8738505244255066
0.8290947079658508
0.9679417610168457
0.9336403608322144
0.8035265803337097
0.9946382641792297
0.9542540907859802
0.9562405347824097
0.8363837003707886
0.9007439613342285
0.8549827337265015
0.9204167723655701
0.951870322227478
0.7651772499084473
0.7931984066963196
1.0
0.9676355123519897
1.0
0.9382707476615906
0.780792236328125
0.9526231288909912
0.9825502038002014
0.9894625544548035
0.996334969997406
0.9915048480033875
0.955234169960022
0.9080516695976257
0.8010694980621338
0.9563525319099426
0.967243492603302
0.8456373810768127
0.913955569267273
0.9478534460067749
0.7563374042510986
0.9421084523200989
0.6062914729118347
1.0
0.9808345437049866
0.9302095174789429
0.9717115163803101
0.9857774376869202
0.9485893845558167
0.9508187174797058
0.9022126197814941
0.995819091796875
1.0
0.9460657835006714
0.9498511552810669
0.8245477676391602
1.0
0.995610773563385
0.9303454756736755
0.9846330881118774
0.9643191695213318
0.6662006378173828
0.9943243265151978
0.7909430861473083
0.9431573748588562
0.9860159158706665
1.0
0.9768193960189819
0.9382727146148682
0.9821435213088989
0.9219632744789124
0.9956417679786682
0.9786900877952576
0.942536473274231
1.0
0.9415299296379089
0.968418538570404
