0.9929850101470947
0.9933485388755798
0.9619461894035339
0.9968330264091492
0.9843248128890991
0.9857220649719238
0.9949595928192139
0.9945651888847351
0.994440495967865
0.9930954575538635
0.9990711212158203
0.9666862487792969
1.0
0.9993351697921753
0.9872194528579712
0.9892867803573608
0.9590782523155212
0.9938364624977112
0.995326817035675
0.9969892501831055
0.9952656030654907
0.9457136392593384
0.989276111125946
0.9838594198226929
0.9999998807907104
0.9846925735473633
0.9870426654815674
0.9652543663978577
0.9592880010604858
0.9786527752876282
0.998549222946167
0.9958935379981995
0.9787097573280334
0.9365370273590088
0.9777658581733704
0.9593876004219055
0.9906832575798035
0.9982652068138123
0.9879013299942017
0.9950869679450989
0.9751296639442444
0.9811469912528992
1.0
0.9959157705307007
0.9918525218963623
0.9939900636672974
1.0
0.9627572894096375
0.9966968894004822
0.9907891750335693
0.9722167253494263
0.9974082112312317
0.9927597045898438
0.9853406548500061
0.9270063638687134
0.9966515898704529
0.9964341521263123
0.17261120676994324
0.941982626914978
0.9844539761543274
0.9860104918479919
0.9894399046897888
0.9925905466079712
0.9525197148323059
1.0
0.9927390217781067
0.9889249205589294
0.9959779381752014
0.9953522086143494
0.9978049993515015
0.9952029585838318
0.981886625289917
0.9990060329437256
0.9852827191352844
0.9949071407318115
0.9751116037368774
0.9504789113998413
0.9766876697540283
0.9689475297927856
0.9881688356399536
0.9908037781715393
0.9940625429153442
0.9749652743339539
0.9846662878990173
0.9821566939353943
0.9996776580810547
0.9961452484130859
0.9900746941566467
0.9831469655036926
0.9982652068138123
0.9900868535041809
0.8358460068702698
0.9681085348129272
0.9770079851150513
0.9943902492523193
1.0
0.993548572063446
0.9911174178123474
1.0
0.9946380853652954
0.9886006712913513
0.9955813884735107
0.9941966533660889
0.9567421674728394
1.0
1.0
0.9859378337860107
0.981437087059021
0.9943280220031738
0.9950252175331116
0.9708064794540405
0.9431416988372803
0.9902946949005127
0.9111793637275696
0.9976688623428345
0.9593669176101685
0.9769164323806763
0.9892188310623169
0.9604597091674805
0.9144346117973328
0.8069121837615967
0.9629692435264587
0.9593421816825867
0.9947708249092102
0.9944145679473877
0.9918577671051025
0.9747795462608337
0.9710057973861694
0.9363442063331604
0.9551439881324768
0.9852748513221741
0.9917210936546326
0.9708476066589355
0.9584007859230042
0.9962185025215149
0.987462043762207
0.9890587329864502
0.9912363290786743
0.9875116944313049
0.9951976537704468
0.99979567527771
0.9839210510253906
0.9912909269332886
0.9810122847557068
0.835850715637207
0.9995031952857971
0.9814435839653015
0.9913708567619324
0.9926489591598511
0.9808602929115295
0.9992071986198425
0.7577934861183167
0.9636256694793701
0.9990286827087402
0.9945123791694641
0.9773088693618774
0.9940138459205627
1.0
0.9922677874565125
0.9736192226409912
0.9943669438362122
0.9862673878669739
0.9830034971237183
0.9729050397872925
0.9605961441993713
0.975375235080719
0.9467554092407227
0.9929738640785217
0.9927276372909546
0.9959515333175659
0.940650999546051
0.7585827112197876
0.9973334670066833
0.9935493469238281
0.9998295307159424
0.9981322288513184
0.9482949376106262
0.9321281909942627
0.9851772785186768
0.9944116473197937
0.9969589710235596
0.8358498215675354
0.985961377620697
0.9954596757888794
0.9825449585914612
0.9485361576080322
0.9829890131950378
0.9871894121170044
0.9605807662010193
0.9786527752876282
0.9582369327545166
0.9939319491386414
0.9984261393547058
0.9921680688858032
0.9925370216369629
0.9722167253494263
0.9582586288452148
0.8897790908813477
0.9954012632369995
0.9917481541633606
0.92214035987854
0.9524030089378357
0.9425832629203796
0.984070897102356
1.0
0.940279483795166
0.9940938353538513
0.9914466738700867
0.9797636270523071
0.9977409243583679
0.9905557036399841
0.9562186002731323
0.9970932006835938
0.9753115773200989
0.9752811789512634
0.9999999403953552
0.9974312782287598
0.9657552242279053
0.9862643480300903
0.9935880303382874
0.9999688267707825
0.9967654943466187
0.9858406186103821
0.9634225368499756
0.9914391040802002
0.9944190979003906
0.9982649087905884
1.0
0.9998520016670227
0.8854806423187256
0.9753736853599548
0.9943119287490845
0.9673654437065125
0.9967875480651855
0.9468534588813782
0.9860349893569946
0.7557117342948914
0.9972242116928101
0.9880188703536987
0.9722167253494263
0.9971390962600708
0.9935880303382874
0.993611752986908
0.9904846549034119
0.9928535223007202
0.9863097071647644
0.9889126420021057
0.9965423345565796
0.9761183857917786
0.9991628527641296
0.9898569583892822
0.9974113702774048
0.9924769401550293
0.9924606680870056
0.9899937510490417
1.0
0.9856663346290588
0.9966824650764465
1.0
1.0
0.9938692450523376
0.9930303692817688
0.9970940351486206
0.987322986125946
0.9450117945671082
0.991802453994751
0.8932884931564331
0.9953937530517578
0.9972119331359863
0.9895289540290833
1.0
0.9714991450309753
0.9450093507766724
0.9593876004219055
0.9911399483680725
0.9820243120193481
0.9932160377502441
0.874779999256134
0.9910709261894226
1.0
0.9948208928108215
0.9816505908966064
0.9952386617660522
1.0
0.9980534911155701
0.9914108514785767
0.9876319766044617
0.9907928705215454
0.9830034971237183
0.9816321134567261
0.9996776580810547
0.9617059826850891
0.9836907982826233
0.986045241355896
0.9915609955787659
0.7585858702659607
0.9965223073959351
0.9927945733070374
0.986045241355896
0.9888340830802917
0.9377938508987427
0.9619337320327759
0.7967743873596191
0.9964199066162109
0.9837331771850586
0.9884848594665527
0.9443408846855164
0.9783098697662354
0.8076413869857788
1.0
0.9989415407180786
0.9785193204879761
0.9935172200202942
0.9655080437660217
0.9874196648597717
0.987065315246582
0.981340765953064
0.9885842800140381
0.9657034873962402
0.9483927488327026
0.9951629042625427
0.9614500999450684
0.9995188117027283
0.9764544367790222
0.9504789113998413
0.9942039847373962
0.9842907786369324
0.9955341219902039
0.9851061701774597
0.9929823279380798
0.9622406363487244
0.993145763874054
0.9866955280303955
0.9963548183441162
0.7505170702934265
0.9858039617538452
0.992682158946991
0.9917047619819641
0.9940500855445862
0.9865840673446655
0.9886529445648193
0.9945781230926514
0.9960014224052429
0.9939866662025452
0.993453860282898
0.9940107464790344
0.9977578520774841
0.9886179566383362
0.959991991519928
0.8847141265869141
0.9948379397392273
0.9833366274833679
0.979269802570343
0.9781445264816284
0.9941838979721069
0.9911680817604065
0.9924193620681763
0.9971390962600708
0.9949252009391785
0.9981322288513184
0.9912682175636292
0.9618952870368958
0.9853701591491699
0.9912779331207275
0.9876739382743835
0.9902092218399048
0.9749400615692139
0.9967754483222961
0.9490522742271423
0.9914120435714722
0.9844999313354492
0.9579929113388062
0.9657689332962036
0.9502006769180298
0.9972834587097168
0.9668304920196533
0.9880585074424744
0.9918696284294128
0.9929690361022949
0.9450099468231201
0.9655036330223083
0.9927981495857239
0.9937538504600525
0.9898689389228821
0.9570258259773254
1.0
0.9921829700469971
0.9885422587394714
0.9930837154388428
0.9575788974761963
0.9860469102859497
0.9859442710876465
0.9668313264846802
0.9847642183303833
0.9978257417678833
0.934537947177887
0.9485455751419067
0.9934098720550537
0.9468194246292114
0.9943946003913879
0.9865840673446655
0.9916156530380249
0.991916298866272
0.9915024638175964
0.9938709735870361
0.9366762638092041
0.9970968961715698
0.9925903677940369
0.9476057291030884
0.9707896113395691
0.9844583868980408
1.0
0.9918127655982971
0.9655080437660217
0.9978325366973877
0.9962120056152344
0.983773410320282
0.9575785994529724
0.9927981495857239
0.9366762638092041
0.9848706722259521
0.949711263179779
0.9844578504562378
0.9864097833633423
0.9756293892860413
0.9958229064941406
0.99327152967453
0.9746097922325134
0.9925905466079712
1.0
0.9699760675430298
0.989242672920227
0.9661864638328552
0.9915240406990051
0.9822223782539368
0.9884426593780518
0.9370908737182617
0.9848939180374146
0.9950926303863525
0.9714962244033813
0.9999688267707825
0.9774190187454224
0.9668304920196533
0.9535010457038879
0.9910661578178406
0.9950354099273682
0.9928350448608398
0.8385350108146667
0.9981322288513184
0.9824866652488708
0.997323215007782
0.9925456643104553
0.9876739382743835
0.9619461894035339
0.9992882013320923
0.9948313236236572
0.9907777309417725
0.9723129272460938
0.9722779393196106
0.9831088781356812
0.9853163361549377
0.838535487651825
0.9635297656059265
0.8358498215675354
0.9769592881202698
0.9915710687637329
0.9570684432983398
0.9889442920684814
0.9739792943000793
0.9931691288948059
0.9909751415252686
0.9256958961486816
0.9815562963485718
0.9854540228843689
0.9791357517242432
0.9929695725440979
0.9875990152359009
0.9914663434028625
0.9825789332389832
0.9987648129463196
0.9998016953468323
0.98451167345047
0.9369307160377502
0.972642183303833
0.981434166431427
0.9820827841758728
0.993145763874054
0.9800856709480286
0.9278971552848816
0.9954807758331299
0.9977574348449707
0.9869595170021057
0.9795691967010498
0.9910380840301514
0.9814406633377075
0.9855999946594238
0.9916027784347534
0.9856825470924377
0.9958472847938538
0.9776076078414917
0.9963085651397705
1.0
0.9811843037605286
0.9880974292755127
0.98387610912323
0.9933792352676392
0.9860417246818542
0.9942125082015991
0.9328522086143494
0.9753357768058777
0.9979206919670105
0.9774645566940308
0.9925597906112671
0.9850940108299255
0.9836627244949341
0.9904387593269348
0.9908692836761475
0.9775709509849548
0.9866958856582642
0.8329352736473083
0.9840002655982971
0.9759752154350281
0.9499161243438721
0.9858171343803406
0.8411866426467896
0.9685747027397156
0.9841583967208862
0.9918739199638367
0.9799340963363647
0.9896821975708008
0.9773116707801819
0.9932066798210144
0.9940072298049927
0.9551363587379456
0.9951832294464111
0.9951493740081787
0.9875448942184448
0.9918125867843628
0.9820960760116577
0.9990463256835938
0.7585858702659607
0.9712816476821899
0.9824532270431519
0.9775134921073914
0.8880410194396973
0.9927983283996582
0.9987601637840271
0.9848853349685669
0.9683287143707275
0.9504149556159973
0.9999648332595825
0.9883219599723816
0.9844582676887512
0.984046220779419
0.9987284541130066
0.9885842800140381
0.9966655373573303
0.9759752154350281
0.9948778748512268
0.9952266812324524
0.9782949686050415
0.951900064945221
0.9936608076095581
0.9909691214561462
0.9751894474029541
0.9691643714904785
0.9785217046737671
0.9931012392044067
0.983461320400238
0.9881688356399536
0.9806914925575256
0.9966655373573303
0.9927546977996826
0.9906091094017029
0.9879514575004578
0.9791363477706909
0.9906178116798401
0.8613999485969543
0.9898689389228821
0.9990706443786621
0.9877872467041016
0.9798346161842346
0.9932332634925842
0.9923462867736816
0.9838873147964478
1.0
0.986045241355896
0.996618926525116
0.9934954047203064
0.927875280380249
0.9890459775924683
0.9772994518280029
0.9949915409088135
0.9915410876274109
0.9634334444999695
0.9951493740081787
0.8853355050086975
1.0
0.9879990816116333
0.9701745510101318
0.9825449585914612
1.0
0.9937937259674072
0.9784305095672607
0.9926053285598755
0.9437502026557922
0.9907625317573547
0.9857321381568909
0.9970927834510803
0.9793500304222107
0.9917116165161133
0.9324804544448853
0.8832272887229919
1.0
0.9840061664581299
1.0
0.991908073425293
0.8358460068702698
0.9903247356414795
0.9967746138572693
0.9655755162239075
0.9964480996131897
0.9934276938438416
0.9696240425109863
1.0
0.9858392477035522
0.9910661578178406
0.9990057945251465
0.9889976382255554
0.9972878694534302
1.0
0.9816321134567261
0.9406600594520569
0.9985766410827637
0.9947386980056763
0.9953178763389587
0.9942627549171448
0.9818607568740845
0.9238123893737793
0.9990060329437256
0.977715253829956
0.9859163165092468
0.9589677453041077
0.9935880303382874
0.9977479577064514
0.9982652068138123
0.9851688742637634
0.9791357517242432
0.9945533275604248
0.9929707646369934
0.9260055422782898
0.997323215007782
0.9898783564567566
0.9309976100921631
0.9594449400901794
0.9921548366546631
0.9830094575881958
0.9854623675346375
0.991879940032959
0.9999765753746033
0.9393368363380432
0.9885320067405701
0.9950998425483704
0.9951305389404297
0.9823889136314392
0.9499343037605286
0.9935172200202942
0.9931100606918335
0.9694461226463318
0.996690034866333
0.9874966740608215
0.9862692356109619
0.987259566783905
0.9958639144897461
0.9307932257652283
0.9752027988433838
0.9691151976585388
0.9918479323387146
0.9977409243583679
1.0
0.9593421816825867
1.0
0.9867240190505981
0.9893795251846313
0.9781445264816284
0.9768941402435303
0.9945080876350403
0.9943119287490845
0.9721227884292603
0.8393746614456177
0.9816293120384216
0.9747714400291443
0.9708244800567627
0.986045241355896
0.9876739382743835
0.9955891966819763
0.9946272373199463
0.9527108669281006
0.9934178590774536
0.7544267177581787
1.0
0.9850486516952515
0.9886273741722107
0.9831095337867737
0.9885842800140381
0.9961324334144592
0.970816969871521
0.977288544178009
0.9898754954338074
1.0
0.9225655198097229
0.8516091704368591
0.9877736568450928
1.0
0.9966649413108826
0.9401558637619019
0.9990057945251465
0.9887354373931885
0.9898678660392761
0.9963804483413696
0.9648444056510925
0.9167346358299255
0.9859600067138672
1.0
0.9893569350242615
0.9358353614807129
0.9948168992996216
0.9899848699569702
0.9892297983169556
0.9869804382324219
0.9881948828697205
1.0
0.9925938844680786
0.9506828188896179
