0.8121644601060041
0.6756342026767022
0.6025068758994794
0.7805701242816379
0.6749093912975206
0.7511364150253019
0.5383240856839587
0.6230673631609879
0.6843811241896257
0.8578008794801018
0.8039627057928465
0.6841043238912569
0.790457478113298
0.830820295899685
0.7698073056343406
0.7223600459595061
0.5552082574169623
0.7815162989112351
0.7042887103976883
0.5895508689944766
0.6143527093868708
0.6414111192326409
0.7340634096034092
0.6626876538247878
0.8465686274509805
0.5287745868142925
0.33238582230875047
0.5839187440424372
0.7070423373216601
0.47316483729850933
0.8367178530756473
0.6862570916262488
0.758986461475578
0.7290738415267489
0.5283583349598385
0.6795790155517236
0.6161750999893001
0.8316353633725058
0.5311677159921325
0.8513302352919108
0.6140531078544389
0.7516931396407773
1.0
0.5524534777749227
0.7179141897697976
0.6960396569203807
1.0
0.5423915413844811
0.7810444804543952
0.7282995166605087
0.6901339154172424
0.7801444927688809
0.7042712370192056
0.6677206193114117
0.3834523864516191
0.7488764063755801
0.7915743884748565
0.36190476190476195
0.614757018660198
0.723885241647644
0.5687448865822714
0.864460400667343
0.73927602324447
0.7109510802883877
0.8500279370954
0.7624223266944579
0.7196641083412907
0.7198334503789657
0.7116404071093911
0.7440142094897663
0.7284050665001645
0.7120166342701005
0.8355425017918153
0.5415634761959418
0.6534298892996572
0.7654726567653044
0.5977888705292826
0.5212339679966739
0.47531000654052447
0.70506698245156
0.7819200094378527
0.767929651436287
0.7383934919464428
0.7739262877466708
0.661479568240309
1.0
0.8014306603025498
0.717278387680303
0.6502377521336736
0.8316353633725058
0.6613768717531276
0.6392959018057971
0.556353747174716
0.6282926412378936
0.5617682716266329
1.0
0.7474992516388517
0.6519137699142714
1.0
0.7734208675521428
0.7009855300718026
0.7056007200087566
0.6844985905518931
0.7220861863759657
0.8832040154067542
1.0
0.7052182159371767
0.5204742815249573
0.8287154231875261
0.8769912498938421
0.6250708707495735
0.46246949288435574
0.7879806654428558
0.7773722906927583
0.8265019848870621
0.572152039121344
0.6719563488365177
0.7538615387854246
0.714022970253856
0.2170606159350548
0.07417639563799767
0.5143979272511867
0.4941135868765725
0.6504455912348376
0.814282509676866
0.6025025411547014
0.6989973839271624
0.7612287252738751
0.7656959483252537
0.631205751982204
0.7142598439907512
0.7715125720658835
0.5143979272511867
0.6231587010045319
0.7651492705464911
0.5583537056482124
0.5962027117880128
0.7105177476401534
0.5415923460487894
0.6932504151232484
0.7698933948655501
0.7367042604945663
0.6831757990387537
0.7614225543235009
0.614889115387552
0.9370115620814401
0.5564157831334414
1.0
0.8525589022585821
0.6580481169007157
0.716514601480051
0.06862063624455242
0.634687325178115
1.0
0.6983040751240567
0.8378312849657733
0.6336412298659204
1.0
0.7789491218162995
0.48761937886771184
0.6450432155224947
0.6058186678254154
0.9126201862511756
0.757719522067725
0.39343065701775165
0.5526032150891309
0.4272160945352972
0.6859192829435984
0.832412780784533
0.6607748773783456
0.4834234403244385
0.06790209555089217
0.7738687520811013
0.8192721489613136
0.8419470084807423
0.7450178168151445
0.5419181849332622
0.38814890481194125
0.7412927727857082
0.7069555404933877
0.7909205105875966
0.6398149384642842
0.43576521109447364
0.8739008526992251
0.33777662146569537
0.4493813770343066
0.9144089078385055
0.6990190023439599
0.657438260253282
0.47316483729850933
0.43088706080681877
0.6798081911643405
0.7249394886147923
0.574954367061044
0.7108213254162383
0.6901339154172424
0.6890569733457443
0.8967025233192661
0.7922596187300199
0.7445459233315622
0.46319628979090477
0.6210099842933192
0.6074540910809529
0.6970287799429743
1.0
0.7563240590721154
0.7711643980970527
0.7272604777685457
0.6279166589415937
0.7098716973518365
0.42005291783151255
0.8678013224792045
0.7847467018213798
0.572454763456017
0.6204735868204652
1.0
0.7780755233755084
0.49919097649207206
0.6058186678254154
0.7325316228546749
0.5367006838144548
0.7655021441429959
0.7324392882330252
0.5083342437915614
0.6831757990387537
0.8244938405289016
0.8164606525472624
1.0
0.7038862026284166
0.7019851013714691
0.6250708707495735
0.8523736667554077
0.6384020415019435
0.7471968872134755
0.4493813770343066
0.6542341251076255
0.06609378747745233
0.8491280952471939
0.8532778501280304
0.6901339154172424
0.8739008526992251
0.8037602533161341
0.7147704337205274
0.6178255256099673
0.5104505484708917
0.7543578610908851
0.8139622178038353
0.8164606525472624
0.6721559489746441
0.9193020541857959
0.6448794756747178
0.7672218939042256
0.7645634185629886
0.8013168075884085
0.7509796200315959
1.0
0.7300262392563912
0.7488764063755801
0.4752197538195525
0.9243368977651597
0.6502374115512414
0.6025302100312374
0.7479584749702638
0.6494155048288992
0.7615068226905412
0.7110382329474403
0.7096441923379639
0.8342315118092302
0.5853662783531401
0.4400033110445915
0.9356528952161786
0.39411975875049376
0.7615068226905412
0.7210558989590874
0.6926551994463345
0.7562984468205939
0.7373249815142678
0.5740582035919132
0.6750173282617067
0.8849910961886103
0.7062731714205033
0.683302069738853
0.7164332750084497
0.8206127128630702
0.7018432821236372
0.8090032442464807
0.7484000693542392
0.780519378021753
0.9138333933623848
0.5424636690593716
1.0
0.4146824486685312
0.7464114449830092
0.6629840661632996
0.6663156616020274
0.06790209555089217
0.9163072834018612
0.7022488989138246
0.7213385864733785
0.7663401147252515
0.525661902703553
0.3444581744280793
0.28805192339796426
0.6964029260833974
0.5470906369648151
0.8139622178038353
0.4499864103061138
0.7691433511277947
0.8639206911299222
1.0
0.7138484779143739
0.6338598802846686
0.7449208055276999
0.5790347663628306
0.8207374363098847
0.7777127938469354
0.7238709915599123
0.8909964828873703
0.682190876791247
0.36429420247524064
0.7515771438820594
0.6314966365626002
0.9292311851868243
0.7095844372952488
0.542723895392615
0.7196164884297165
0.7073856507875096
0.8206033278548366
0.41898730644149884
0.5261423339220844
0.5114791959504699
0.7222097471222559
0.6521844762794226
0.8336529674978237
0.06517236306643422
0.36277823542551135
0.7535363121181529
0.6282092391340778
0.6300976772505924
0.39480195789571443
0.6964793631730597
0.5540485106750503
0.7649097165698988
0.7560479685729167
0.6795724789948686
0.8287176624889829
0.6940231280651966
0.780519378021753
0.4386129077089507
0.7441214215261868
0.7336366099980793
0.7514711348486992
0.615028603409253
0.7457658515297643
0.5783965193014904
0.7342088961517019
0.6432238091671668
0.8739008526992251
0.6292675983157219
0.7650401093327437
0.7214702194844358
0.6397233988953518
0.6405832960794989
0.7175937296503517
0.594938684888949
0.8065879004633001
0.5120627693978412
0.8601627681735826
0.36482953273065827
0.7492027258492042
0.675903441515004
0.7170095710547195
0.6724470248269079
0.5172065833191829
0.8041899533202146
0.7026674737260219
0.7475882867449591
0.6387405048218979
0.7986884484751489
0.7615068226905412
0.5790347663628306
0.872729542231282
0.5917751065322943
0.6448794756747178
0.43900794071610183
0.9237349063031536
0.7293722872892592
0.5796674249727606
0.6971972691847175
0.7902797424607118
0.7601536837298772
0.6135261459477847
0.7026674737260219
0.7440898637200957
0.8102781506630247
0.7417040961945054
0.4493813770343066
0.8618669377623207
0.7396551558980702
0.8213496136539824
0.39480195789571443
0.5233914341374188
0.6550727626577462
0.6693153986626302
0.7648703238381728
0.6113645569968668
0.6993431496415956
0.7361995798699645
0.6051753433770383
0.5735970985462812
0.746528608966202
1.0
0.8915273503973224
0.5790347663628306
0.7192788245552972
0.7864259623701179
0.7559383895698696
0.7902797424607118
0.81543905425238
0.6113645569968668
0.3085542970514595
0.5233678171597086
0.7487478301839632
0.8886975848865502
0.48530272158093263
0.7956649599708783
0.7322660813160315
0.7578158217705819
0.7351932540039685
0.9665112656688432
0.44050180948090484
0.7766888286281567
0.6758077635574231
0.6247048492819324
0.5613281460141542
0.7098953230896025
0.7463580077867135
0.5355332648007888
0.7500179258952847
0.7079648277204668
0.5367006838144548
0.7377435855786977
0.7112800288987114
0.44165536309796016
0.645484642249324
0.6952132504745271
0.7904527923969723
0.5703941607479451
0.754387276861402
0.8235555529002417
0.7223935905316484
0.6700873211498891
0.594938684888949
0.6025068758994794
0.8215110340994247
0.69913646817707
0.7218923169290563
0.675903441515004
0.40281705465488815
0.4528163080993873
0.6592276464443134
0.5446405449215118
0.39343065701775165
0.6398149384642842
0.723362948875875
0.8161083022678112
0.38317008946316566
0.85284821892518
0.7902904215887423
0.7304167013771152
0.8332681155762056
0.4047298121312646
0.6482445103443899
0.606264587823218
0.743656500682919
0.8532708164330446
0.37233684448072096
0.6928856581967362
0.8091496348114838
0.7332932772054677
0.9306120051214352
0.7542775162198454
0.5471738623453384
0.6722311418067042
0.6920393017320196
0.3416417736934405
0.7317399059409386
0.7233286016141027
0.3941676048655341
0.7797360365099768
0.7763848495011632
0.7100933963927264
0.6372115934877216
0.7069627596023852
0.5982610587110921
0.6004894040640886
0.5776563853260291
0.5283481507652696
0.5562296130869632
0.5503402649512795
0.6222971209563696
1.0
0.7760771438489122
0.7848525021143905
0.5881774647805516
0.615366070452988
0.6700076681075481
0.8234376028127566
0.7846880359820945
0.6986214124331012
0.8475781495725081
0.6517484084772167
0.7711643980970527
0.44385816219553176
0.34467355535900757
0.5235298155188782
0.5941798958345694
0.7640775568603684
0.5987456650373075
0.44024412621413656
0.7414259659991315
0.6684589983368528
0.4607473784495301
0.8128807182675398
0.4054157642927636
0.5215996420866659
0.8090530461691744
0.7515838575604465
0.7325582708215482
0.7407366286166479
0.6317093364089712
0.8165563937844956
0.7332649761705216
0.5134243593498685
0.5988575355794284
0.8310865784735583
0.6947185986516076
0.782263525275958
0.4869004461641419
0.8112389972459318
0.06790209555089217
0.4603338423866744
0.6417222618355867
0.7039234447962901
0.6376194846933563
0.8262090151723016
0.805157198059012
0.747279821526
0.6840726216865909
0.44345863817046133
0.8248392044382193
0.5320553262503144
0.7599712305441463
0.7799841021202883
0.6558904450926487
0.8931528371060982
0.8540435658053375
0.6684589983368528
0.7911833196989375
0.5754784728580277
0.6323379202989221
0.48260935808128475
0.7808789901999189
0.786250404127991
0.5154181334747111
0.5281581781712734
0.39480195789571443
0.6071924096680167
0.5771878951681976
0.70506698245156
0.711486778886806
0.8233063247847375
0.6433611747888957
0.5702727342157978
0.7363520597254727
0.7481660077062809
0.5072889191085723
0.8055411651722564
0.6448794756747178
0.9499943441368663
0.6635387385460498
0.6225745626555836
0.643958322654874
0.5649892335119675
0.4968690098692175
0.8828802374085297
0.7213385864733785
0.6309706300309157
0.5684498997977658
0.444137409434124
0.698071586676159
0.777124398137547
0.7383665795285659
0.727757053697481
0.7031874502721734
0.8323376039880701
0.7444018894661942
1.0
0.7455408645647446
0.6716969913022928
0.33777662146569537
1.0
0.7666870333382011
0.40666954049890586
0.7056703848657947
0.45315895313817484
0.7235391864185899
0.7352641053999251
0.7382870891032579
0.5160342742391331
0.534005373993619
0.7502417257937397
0.6751441134766573
0.7664785377906194
0.4531665865756981
1.0
0.6345347788706751
0.6398149384642842
0.6228927531327176
0.6440334543354935
0.5115742443302453
0.80511480275195
0.8140108913892328
0.7434551413283575
1.0
0.7320630653092546
0.6387405048218979
0.8355425017918153
0.5118812144199942
0.8556845365397583
1.0
0.5639433661547483
0.7402796947397284
0.6020206731511213
0.742751428127659
0.7909965053764484
0.7723453348172905
0.4122421034781507
0.5288337449709419
0.8284972684998538
0.6475280383419153
0.750397489838734
0.4493813770343066
0.8037602533161341
0.7057340803889753
0.8164606525472624
0.7410710660580765
0.743656500682919
0.7479477049047087
0.8532708164330446
0.4438431879699166
0.7223935905316484
0.7645649536596345
0.7563240590721154
0.7479275027460585
0.7169981582767172
0.5994193299882252
0.7519976041114627
0.5506545885144893
0.8728173732999833
0.7693635338681521
0.680391311054832
0.7323842421370965
0.8644089383856598
0.5469353058217379
0.5385449831424397
0.7449208055276999
0.882269205288979
0.6646370043109177
0.7250060502627742
0.7304680159084483
0.5992961210547444
0.4939537325842599
0.7228260127126559
0.42126801747747133
0.7275797486656879
0.6329142850341891
0.7265639492686822
0.7098716973518365
1.0
0.49912577784871603
0.9547792248601062
0.7719264324286196
0.578585635403944
0.7475326239499194
0.7578158217705819
0.7439010862588941
0.8379286497653253
0.6953375003346597
0.5794626186800171
0.5398824682065142
0.7387517664056382
0.7077248579132756
0.7213385864733785
0.6195580146198295
0.6322531487838461
0.618521577095024
0.5002812371954879
0.6479737384064519
0.06790209555089217
0.790457478113298
0.4882104548456338
0.6154308224496758
0.4528163080993873
0.8909964828873703
0.5365518355251913
0.7661632077823455
0.7571446381368984
0.8380922361322106
1.0
0.7780039342664475
0.4054157642927636
0.834762522075632
1.0
0.8233063247847375
0.5332804125048993
0.8415762713915262
0.7782281423283758
0.5825845473959748
0.900477349149279
0.47121573356405894
0.6113645569968668
0.6250596830453664
1.0
0.6572594892586984
0.57658397087472
0.8015875483676487
0.7666169763210388
0.70506698245156
0.604748177589568
0.607760763561433
1.0
0.7902225001414493
0.3367975517396216
