0.398688
0.566161
0.340319
0.186960
0.372883
0.215973
0.363280
0.784847
0.310545
0.178625
0.489101
0.597359
0.080793
0.159646
0.375603
0.384503
0.477392
0.331413
0.317613
0.585766
0.291061
0.628372
0.313920
0.502891
0.207985
0.471873
0.761106
0.618905
0.206532
0.576566
0.224356
0.259046
0.438017
0.402637
0.490828
0.387603
0.571155
0.192792
0.385494
0.218384
0.482748
0.292480
0.087600
0.383586
0.348729
0.501538
-0.000000
0.561152
0.313911
0.326943
0.125765
0.268052
0.280584
0.396906
0.519171
0.289939
0.298018
0.673010
0.513319
0.252259
0.330676
0.342942
0.426834
0.310111
0.195684
0.338517
0.406062
0.380676
0.424687
0.270441
0.379929
0.290024
0.263669
0.532571
0.404294
0.387773
0.508408
0.495363
0.573628
0.240140
0.375266
0.393932
0.381611
0.331890
0.389357
0.121229
0.322076
0.529783
0.470687
0.165115
0.425423
0.272210
0.711510
0.210934
0.492460
-0.000000
0.159831
0.383326
-0.000000
0.151029
0.354061
0.417108
0.365592
0.277380
0.095218
0.000000
0.451251
0.445068
0.243249
0.317854
0.474059
0.510438
0.483227
0.323733
0.182311
0.536115
0.438930
0.524741
0.321220
0.754721
0.979348
0.637581
0.547660
0.600948
0.278194
0.561594
0.567331
0.417543
0.237269
0.473083
0.447387
0.305607
0.529056
0.450888
0.347099
0.495801
0.507120
0.376259
0.613159
0.313057
0.187567
0.451746
0.451838
0.467116
0.296038
0.161194
0.560565
0.182213
0.185628
0.402538
0.258478
1.036802
0.328941
0.084712
0.225998
0.283675
0.348154
-0.000000
0.246109
0.625237
0.456594
0.456234
0.048168
0.294724
0.604630
0.564001
0.830304
0.583020
0.364955
0.445062
0.531020
1.014608
0.239517
0.326142
0.136324
0.259860
0.539374
0.723307
0.538603
0.184796
0.182953
0.188681
0.544040
0.000000
0.456902
0.584363
0.255574
0.276870
0.419093
0.571262
0.674886
0.492235
0.296281
0.500525
0.360359
0.110223
0.153260
0.407936
0.247815
0.399806
0.486444
0.509479
0.547082
0.559835
0.000000
0.128380
0.331467
0.276351
0.583187
0.531553
0.724224
0.152076
0.330832
0.415285
0.445608
0.108403
0.202317
0.596196
0.431809
0.369805
0.653187
0.359514
0.340721
0.500643
0.444584
0.328303
0.239842
-0.000000
0.185315
0.404976
0.490212
0.121095
0.552228
0.249816
0.562818
0.703913
1.040013
0.198480
0.272924
0.112163
0.027806
0.423912
0.307805
0.444418
0.532372
0.122492
0.197011
0.233343
0.491496
0.066809
0.588225
0.319449
0.335029
0.248832
0.421678
-0.000000
0.274895
0.323735
0.000000
0.058304
0.194764
0.522059
0.360688
0.334961
0.345154
0.412327
0.227132
0.229960
0.353361
0.492369
0.165398
0.613547
0.362264
0.364805
0.436138
0.330394
0.483615
0.389595
0.445392
0.194687
0.303110
0.452258
0.426739
0.000000
0.327265
0.225842
0.177501
0.258181
0.064205
0.601330
0.139735
0.675134
0.465166
0.222879
0.338800
1.004741
0.048677
0.350191
0.223166
0.219612
0.508156
0.690133
0.423797
0.348648
0.425126
0.192424
0.603976
0.305575
0.307144
-0.000000
0.310035
0.468487
0.671855
0.576234
0.305533
0.287657
0.338913
0.232812
0.341747
0.578337
0.315074
0.766386
0.063408
0.521832
0.589514
0.152511
0.450298
0.429997
0.574613
0.487768
0.488214
0.415821
0.566244
0.202951
1.032565
0.803226
0.352921
0.344584
0.358989
0.658291
0.441361
0.495430
0.334417
0.330021
0.466461
0.332402
0.371329
0.281987
0.705080
0.332498
0.505130
0.197920
0.583435
0.412777
0.369222
0.314766
0.280134
0.027806
0.304993
0.241793
0.429612
0.501788
0.321696
0.374457
0.310773
0.422549
0.521707
0.171422
0.805351
0.396521
0.350802
0.269067
0.503374
0.535391
0.225695
0.417020
0.313517
0.432193
0.156618
0.354169
0.569427
0.267819
0.380976
0.525344
0.716191
0.027138
0.455229
0.581917
0.312134
0.288216
0.181976
0.382210
0.463378
0.440940
0.218442
0.474842
0.577853
0.265824
0.322862
0.242282
0.632579
0.475260
0.401680
0.190414
0.328599
0.481016
0.573142
0.417806
0.307678
0.282243
0.255958
0.146730
0.115791
0.576234
0.220049
0.210265
0.493592
0.308060
0.277887
0.463759
0.756225
0.498402
0.223999
0.178391
0.626723
0.335886
0.581800
0.277455
0.419949
0.213619
0.536314
0.337894
0.493233
0.505170
0.314292
0.271815
0.156350
0.493262
0.363277
0.491792
0.729839
0.376477
0.362031
0.553171
0.408732
0.344634
0.378964
0.573173
0.244049
0.105708
0.319935
0.491812
0.310773
0.382321
0.146095
0.523943
0.345651
0.351610
0.754427
0.525902
0.553905
0.567043
0.626587
0.252205
0.369933
0.370585
0.615691
0.243309
0.368701
0.568872
0.196927
0.504855
0.507212
0.567923
0.423993
0.171358
0.659535
0.399974
0.377121
0.504855
0.041785
0.194577
0.491664
0.443223
0.499092
0.482502
0.405234
0.311704
0.508903
0.199815
0.198807
0.520164
0.405071
0.351811
0.531637
0.699658
0.457197
0.592425
0.505705
0.560336
0.425525
0.191496
0.269482
0.331343
0.535601
0.289973
0.704557
0.237719
0.153109
0.472325
0.349776
0.419008
0.316226
0.525857
0.591210
0.504745
0.297542
0.512185
0.501571
0.652270
0.302876
0.446830
0.295005
0.346758
0.706203
0.527530
0.399021
0.418882
0.511137
0.411424
0.399146
0.250170
0.359180
0.523109
0.429311
0.238909
0.383904
0.394237
0.487109
0.244147
1.008269
0.702908
0.214443
0.498770
0.576046
0.312902
0.179081
0.461450
0.141318
0.679513
0.196485
0.485978
0.208924
0.293380
0.277660
0.186603
0.286693
0.435588
0.366406
0.485428
0.362629
0.546825
0.331331
0.212280
0.554920
0.430706
0.667152
0.525082
0.644602
0.383628
0.453820
0.214558
0.414664
0.355856
0.193944
0.407099
0.589895
0.241645
0.500731
0.031205
0.315134
0.614109
0.417846
0.509992
0.645756
0.180549
0.222879
0.361456
0.649368
0.527321
0.323107
0.325644
0.456573
0.401733
0.289789
0.246416
0.384466
0.040215
0.301301
0.493880
0.503581
-0.000000
0.362278
0.679769
0.391761
0.492254
0.444769
0.296245
0.360609
0.591127
0.534482
0.485129
0.370365
0.073388
0.467772
0.126552
0.326801
0.227343
0.549881
0.428111
0.500102
0.245623
0.373132
0.316684
0.041024
0.400389
0.436843
0.240020
0.512557
0.218121
0.056892
0.535319
0.298677
0.550227
0.342531
0.389322
0.355320
0.710866
0.574084
0.223968
0.290011
0.382740
0.580037
0.369805
0.416175
0.191190
0.478839
0.451888
0.219215
0.186557
0.550578
0.301710
0.272924
0.121201
0.307129
0.189617
0.672977
0.326125
0.521384
0.048965
0.170319
0.279298
0.395900
0.207187
0.539075
0.551090
0.630102
0.172505
0.313599
0.228995
0.434085
0.665606
0.521707
0.309726
0.585773
0.581824
0.739527
0.179738
0.512619
0.062578
0.538486
0.129521
0.377993
0.298267
0.374863
0.304438
0.350338
0.120158
0.418899
0.289253
0.568118
0.442164
0.387575
0.196236
0.304011
0.476351
0.382886
0.577324
0.330645
1.003886
0.080793
0.528458
0.420227
0.481998
0.229572
0.355303
0.374158
0.545656
0.203708
0.000000
0.173168
0.687613
0.272924
0.000000
0.216492
0.468557
0.223759
0.428776
0.503329
0.067737
0.723072
0.400320
0.404851
-0.000000
0.490852
0.633101
0.349503
0.304284
0.289335
0.480176
0.675361
-0.000000
0.335930
0.767833
