0.222549
0.427778
0.225110
0.256375
0.365520
0.245498
0.304448
0.504271
0.270004
0.220452
0.455154
0.504626
0.051317
0.126183
0.419124
0.283352
0.713554
0.182235
0.352245
0.426948
0.266572
0.428208
0.267376
0.517827
0.266983
0.393673
0.697458
0.496463
0.182593
0.508795
0.198319
0.440000
0.409273
0.318473
0.448323
0.309956
0.341608
0.169583
0.350013
0.234398
0.396977
0.304752
0.082979
0.352798
0.303174
0.524930
-0.000000
0.610251
0.252525
0.290109
0.286588
0.224458
0.273080
0.308611
0.438098
0.225155
0.318550
0.697571
0.358151
0.351401
0.327121
0.159698
0.319122
0.202023
0.254200
0.328621
0.304557
0.390726
0.354994
0.223945
0.262535
0.279146
0.211672
0.609534
0.292706
0.309381
0.646447
0.416427
0.368095
0.191380
0.325040
0.288307
0.321205
0.267577
0.405096
0.107885
0.423337
0.662900
0.334088
0.157237
0.397957
0.159464
0.660690
0.350202
0.467715
0.000000
0.187500
0.337516
-0.000000
0.107105
0.357183
0.442698
0.408688
0.187227
0.084618
0.000000
0.339985
0.500173
0.224297
0.234492
0.493869
0.453599
0.287531
0.317525
0.162329
0.417732
0.449073
0.528595
0.146894
0.704657
0.882302
0.680372
0.410664
0.497419
0.248701
0.470813
0.434428
0.281392
0.220256
0.358366
0.330371
0.274316
0.565366
0.330955
0.225448
0.378720
0.348176
0.310687
0.405832
0.446637
0.290831
0.300330
0.306651
0.438768
0.176820
0.139929
0.391322
0.169834
0.220255
0.312755
0.217448
1.000000
0.303981
0.119824
0.295025
0.260400
0.287159
-0.000000
0.208897
0.402843
0.351619
0.462056
0.045739
0.229549
0.575453
0.633492
0.921189
0.442389
0.248515
0.484036
0.715934
1.000000
0.267238
0.274373
0.132530
0.221321
0.736477
0.615013
0.433157
0.195878
0.185714
0.110140
0.571038
-0.000000
0.578363
0.517753
0.221454
0.278471
0.321602
0.574636
0.657990
0.373285
0.293260
0.367306
0.332074
0.256990
0.074074
0.358974
0.267067
0.311966
0.318146
0.746425
0.741801
0.382620
0.000000
0.121047
0.183182
0.204667
0.391311
0.581622
0.795535
0.201201
0.226569
0.337287
0.298670
0.103115
0.213142
0.647716
0.436214
0.347364
0.631963
0.259362
0.217096
0.579491
0.288527
0.282131
0.188400
0.000000
0.149510
0.377578
0.534793
0.116071
0.563816
0.279937
0.461874
0.504430
1.000000
0.210773
0.259066
0.243996
0.046619
0.417177
0.294042
0.322226
0.383100
0.156120
0.112473
0.177009
0.595915
0.047263
0.514080
0.372724
0.182787
0.257987
0.294704
-0.000000
0.291339
0.237544
0.000000
0.041667
0.163046
0.378681
0.250865
0.358049
0.350917
0.381518
0.274134
0.240797
0.298171
0.442281
0.153746
0.420082
0.345597
0.282222
0.298835
0.372216
0.383048
0.642229
0.303426
0.253968
0.319733
0.436805
0.300259
0.000000
0.293453
0.171605
0.203727
0.139487
0.071062
0.389539
0.130521
0.650073
0.414282
0.281762
0.256765
1.000000
0.065689
0.267886
0.271726
0.293668
0.336716
0.630835
0.430672
0.419198
0.408739
0.100170
0.659047
0.333027
0.240928
0.000000
0.252654
0.437732
0.471587
0.405826
0.300406
0.251790
0.306327
0.233294
0.322291
0.475696
0.310965
0.697571
0.041854
0.475797
0.673469
0.180807
0.284038
0.333058
0.563992
0.457307
0.437024
0.323810
0.466099
0.174852
1.000000
0.894132
0.250946
0.353231
0.311587
0.730260
0.496454
0.498065
0.211760
0.243725
0.429898
0.269290
0.181093
0.151923
0.726406
0.344895
0.411275
0.290019
0.408992
0.459019
0.354201
0.295735
0.250466
0.046619
0.267347
0.205837
0.369573
0.587607
0.273628
0.365707
0.303791
0.215058
0.569180
0.189028
0.743333
0.309478
0.311038
0.352589
0.402544
0.739640
0.189055
0.340675
0.333331
0.327198
0.157744
0.366878
0.410759
0.230195
0.358736
0.443982
0.772005
0.021136
0.307209
0.525683
0.317982
0.260185
0.211978
0.443074
0.371915
0.386108
0.228853
0.499716
0.495855
0.212514
0.286799
0.186840
0.746378
0.395997
0.305526
0.182474
0.257063
0.279162
0.558514
0.318374
0.224517
0.253697
0.357156
0.135209
0.101533
0.405826
0.227118
0.213470
0.405304
0.261208
0.245312
0.285725
0.783898
0.718780
0.352813
0.211751
0.519143
0.153312
0.479795
0.283341
0.314691
0.196429
0.439349
0.281318
0.489530
0.467423
0.463006
0.262305
0.143122
0.405111
0.244868
0.432383
0.787186
0.308449
0.342464
0.394980
0.349301
0.373441
0.353936
0.452989
0.212814
0.121473
0.355913
0.364716
0.303791
0.244808
0.129965
0.516033
0.330771
0.325393
0.705166
0.627504
0.437956
0.414112
0.592376
0.158990
0.312832
0.195840
0.556584
0.193970
0.242599
0.505383
0.107020
0.388149
0.367968
0.601628
0.269957
0.177824
0.611794
0.275599
0.323926
0.404457
0.045523
0.166506
0.401622
0.267336
0.426210
0.641325
0.310351
0.323798
0.424527
0.216559
0.226834
0.386205
0.420108
0.330310
0.362480
0.444259
0.461710
0.542717
0.474354
0.540848
0.262376
0.173664
0.144425
0.242113
0.489586
0.360031
0.457254
0.192546
0.132705
0.530289
0.230538
0.342129
0.212031
0.529988
0.702736
0.456856
0.274053
0.472640
0.281098
0.507752
0.362402
0.403239
0.420638
0.288843
0.569718
0.441147
0.309743
0.405960
0.409296
0.264403
0.430848
0.243073
0.372867
0.382633
0.470164
0.238992
0.355410
0.394543
0.505046
0.228519
1.000000
0.702262
0.169881
0.486447
0.543565
0.276631
0.202201
0.379767
0.231196
0.527253
0.107825
0.382847
0.302270
0.151277
0.273604
0.185554
0.246217
0.392507
0.267388
0.506020
0.354236
0.559585
0.292324
0.223488
0.316860
0.596624
0.727885
0.547522
0.473715
0.231878
0.270785
0.156176
0.438699
0.334671
0.309367
0.337634
0.624674
0.204498
0.395577
0.055242
0.349493
0.449187
0.461168
0.421675
0.398033
0.207342
0.281762
0.338555
0.451330
0.452095
0.254578
0.314501
0.296239
0.264143
0.217907
0.265466
0.367522
0.045313
0.306983
0.549816
0.693214
-0.000000
0.243063
0.684676
0.363588
0.558739
0.316531
0.178978
0.234814
0.470468
0.370911
0.465982
0.365779
0.108867
0.497651
0.101021
0.321908
0.122649
0.520517
0.371713
0.426468
0.219827
0.292628
0.278863
0.070280
0.273245
0.353238
0.199600
0.369485
0.157223
0.047710
0.361777
0.211352
0.493645
0.211436
0.256447
0.277753
0.790809
0.419453
0.213455
0.354190
0.358471
0.471502
0.347364
0.271242
0.175053
0.404059
0.362326
0.247531
0.173627
0.416899
0.305582
0.259066
0.112341
0.264508
0.212122
0.550776
0.333543
0.402845
0.029492
0.147964
0.243598
0.310906
0.176273
0.635942
0.746759
0.411551
0.139361
0.241673
0.448071
0.429393
0.456574
0.429764
0.257739
0.496214
0.577780
0.620777
0.172297
0.572285
0.082337
0.406502
0.147261
0.361540
0.262205
0.418196
0.272175
0.262433
0.112598
0.280793
0.215013
0.379135
0.247167
0.461004
0.239531
0.297597
0.277484
0.329379
0.447016
0.296135
1.000000
0.051317
0.506847
0.350882
0.629755
0.229817
0.322818
0.261919
0.491596
0.143826
0.000000
0.162597
0.441860
0.259066
0.000000
0.185575
0.324197
0.204952
0.417703
0.412031
0.064307
0.691674
0.302657
0.438659
0.000000
0.370668
0.625328
0.284022
0.236730
0.304807
0.489040
0.497481
0.000000
0.272744
0.781782
