0.097214
0.575303
0.107946
0.014016
0.587639
0.048879
0.267466
0.661903
0.214456
0.046578
0.121088
0.103310
0.171764
0.011708
0.031684
0.310279
0.410401
0.228966
0.156730
0.149727
0.195896
0.374922
0.103399
0.036833
0.010679
0.429826
0.633581
0.286101
0.009939
0.453759
0.092349
0.324659
0.110551
0.127512
0.188421
0.149361
0.387222
0.097067
0.341298
0.137197
0.226846
0.720085
0.002345
0.255368
0.108406
0.360950
0.000000
0.267920
0.090316
0.112892
0.110983
0.314888
0.197215
0.271157
0.399448
0.101251
0.007599
0.652580
0.548385
0.674507
0.335146
0.076820
0.584671
0.188364
0.009396
0.388252
0.203872
0.166503
0.514099
0.123574
0.400785
0.199163
0.056550
0.238568
0.192295
0.083232
0.292370
0.336676
0.324845
0.174241
0.105383
0.233725
0.146454
0.051296
0.688235
0.077792
0.056606
0.285417
0.152803
0.096803
0.600931
0.402927
0.654925
0.219992
0.248224
-0.000000
0.078242
0.122385
0.000000
0.055759
0.598359
0.452460
0.436911
0.119231
0.003186
-0.000000
0.102307
0.843675
0.066916
0.098249
0.452437
0.725815
0.110657
0.131746
0.147824
0.164085
0.159424
0.122042
0.083715
0.676298
0.959600
0.312117
0.154212
0.483438
0.109559
0.529669
0.098724
0.208472
0.054723
0.089928
0.181673
0.041146
0.306719
0.089378
0.204108
0.431028
0.269459
0.103850
0.178032
0.187573
0.076420
0.269714
0.155360
0.220987
0.402270
0.079615
0.061979
0.090018
0.138575
0.560351
0.086392
1.019386
0.294922
0.059535
0.082274
0.037878
0.202387
0.000000
0.090509
0.361785
0.868896
0.317847
0.013128
0.075471
0.454267
0.479844
0.893404
0.166393
0.076947
0.487965
0.412711
0.984928
0.098678
0.385721
0.028467
0.114858
0.422842
0.665493
0.047183
0.099436
0.245537
0.400837
0.886022
0.000000
0.419440
0.719451
0.026077
0.242866
0.154044
0.446019
0.515545
0.325370
0.021139
0.234672
0.345589
0.110983
0.083664
0.290319
0.121962
0.171483
0.477465
0.265573
0.465055
0.680762
0.000000
0.007373
0.068922
0.097115
0.201870
0.484910
0.898095
0.008099
0.095692
0.169129
0.414691
0.005625
0.048658
0.214308
0.317213
0.097333
0.894022
0.193329
0.135154
0.207316
0.151496
0.255443
0.098884
-0.000000
0.007622
0.173939
0.481642
0.061706
0.282686
0.173411
0.721261
0.606102
1.018029
0.048606
0.026682
0.110743
0.022763
0.098422
0.115018
0.325853
0.490150
0.321687
0.006680
0.095228
0.229796
0.040753
0.382640
0.136847
0.173049
0.126122
0.092874
0.000000
0.303099
0.109780
0.000000
0.006575
0.069866
0.059967
0.122350
0.568506
0.487535
0.184913
0.497612
0.120006
0.214144
0.584535
0.035707
0.349272
0.487113
0.142159
0.065929
0.714658
0.272935
0.723693
0.154017
0.013719
0.165857
0.691291
0.412241
-0.000000
0.029323
0.279523
0.197634
0.025653
0.013433
0.062765
0.077623
0.519618
0.232661
0.223838
0.277505
0.983074
0.028801
0.382709
0.224985
0.307566
0.097675
0.369942
0.676145
0.175239
0.268768
0.003163
0.269924
0.095960
0.177353
0.000000
0.114624
0.147039
0.524712
0.200897
0.052481
0.104655
0.238285
0.011471
0.278066
0.152106
0.360548
0.484578
0.014940
0.251871
0.647779
0.148033
0.184101
0.173928
0.808652
0.361443
0.335650
0.191228
0.050379
0.057875
1.004789
0.876130
0.259832
0.264971
0.222040
0.625779
0.493786
0.259086
0.112013
0.119861
0.704648
0.165630
0.074043
0.025243
0.522786
0.131292
0.580772
0.549401
0.202796
0.108525
0.464685
0.166647
0.149687
0.022763
0.478021
0.115533
0.108848
0.455382
0.633489
0.179670
0.129504
0.098535
0.559247
0.184657
0.927231
0.084759
0.280412
0.023907
0.337247
0.432333
0.024755
0.100724
0.109597
0.165104
0.032931
0.487816
0.201030
0.047262
0.377197
0.353983
0.655978
0.059782
0.249482
0.434768
0.165418
0.027967
0.210214
0.464766
0.101211
0.625538
0.159468
0.533783
0.718817
0.052395
0.389779
0.081178
0.631182
0.287765
0.148785
0.256865
0.142590
0.560308
0.451402
0.540308
0.113518
0.147166
0.670596
0.006124
0.014457
0.200897
0.089616
0.205926
0.156517
0.028523
0.046971
0.561122
0.653147
0.406509
0.657779
0.034487
0.063517
0.189011
0.490899
0.363309
0.584801
0.277281
0.540360
0.291041
0.376333
0.124269
0.256651
0.161109
0.016692
0.432293
0.188981
0.171407
0.896074
0.162502
0.100319
0.114787
0.165582
0.161799
0.155931
0.694928
0.113953
0.039907
0.103869
0.541857
0.129504
0.108358
0.015169
0.468819
0.189507
0.280412
0.684744
0.421702
0.446783
0.695230
0.323526
0.403313
0.369221
0.084278
0.377484
0.049392
0.082029
0.458241
0.012589
0.397305
0.288114
0.281647
0.278365
0.033865
0.883669
0.318801
0.211139
0.132162
0.009486
0.161561
0.392307
0.154456
0.419673
0.344766
0.189874
0.372587
0.381977
0.082181
0.064409
0.620548
0.122432
0.185441
0.063190
0.591481
0.562236
0.402170
0.270903
0.826303
0.226785
0.006124
0.014606
0.045377
0.058757
0.250434
0.599466
0.134470
0.009303
0.415126
0.071742
0.203150
0.046702
0.816738
0.479159
0.338669
0.361874
0.138232
0.142001
0.755445
0.027783
0.176996
0.789552
0.108016
0.754700
0.176032
0.217455
0.685542
0.612920
0.106042
0.119043
0.127927
0.152256
0.130181
0.239081
0.120939
0.184378
0.260133
0.548703
0.086265
0.983786
0.686733
0.371039
0.128155
0.196658
0.047000
0.051309
0.235596
0.015164
0.176833
0.029088
0.422245
0.649365
0.024678
0.170191
0.010378
0.089153
0.177817
0.169169
0.220637
0.616502
0.653422
0.385637
0.116308
0.643558
0.211261
0.637122
0.557162
0.343858
0.177994
0.184413
0.090180
0.464973
0.490155
0.138500
0.279422
0.938750
0.119441
0.354749
0.018861
0.492247
0.294025
0.488116
0.455249
0.424124
0.008875
0.223838
0.131488
0.252543
0.318423
0.739122
0.755548
0.161239
0.425863
0.101570
0.120496
0.178339
0.002805
0.285553
0.138269
0.428104
0.000000
0.286482
0.469176
0.599913
0.728457
0.155913
0.025900
0.099329
0.377016
0.309990
0.637857
0.163301
0.027991
0.542580
0.005055
0.203547
0.402040
0.400275
0.111523
0.569271
0.275115
0.259277
0.126521
0.006054
0.135366
0.175283
0.055417
0.290522
0.076372
0.001090
0.063479
0.149152
0.553867
0.174788
0.078058
0.188685
0.550362
0.280697
0.055563
0.726539
0.033634
0.737704
0.097333
0.205577
0.098744
0.190100
0.299529
0.107091
0.034005
0.281022
0.103764
0.026682
0.020846
0.031201
0.182629
0.042470
0.290897
0.373268
0.065239
0.013223
0.085297
0.155624
0.128926
0.268049
0.424242
0.526617
0.013633
0.200442
0.156942
0.391539
0.654018
0.522671
0.054592
0.170207
0.326765
0.687593
0.331036
0.482011
-0.000000
0.148026
0.021700
0.127497
0.301728
0.104115
0.316037
0.190987
0.061346
0.203487
0.442303
0.063132
0.259340
0.328411
0.223460
0.125776
0.311801
0.174710
0.347877
0.262473
1.003918
0.171764
0.517562
0.636596
0.409735
0.010378
0.231671
0.087032
0.064348
0.093098
0.000000
0.009945
0.721238
0.026682
-0.000000
0.087152
0.094722
0.055204
0.545863
0.368287
0.040311
0.766239
0.446831
0.705265
-0.000000
0.273168
0.153337
0.143768
0.050907
0.204787
0.253525
0.607345
-0.000000
0.414422
0.590276
