0.293817
0.290555
0.215173
0.149443
0.292318
0.180222
0.250419
0.515690
0.254097
0.106419
0.337240
0.398413
0.042571
0.090866
0.309747
0.310593
0.418568
0.195510
0.209773
0.403689
0.216160
0.429544
0.247595
0.413372
0.112984
0.295606
0.694169
0.463363
0.146801
0.362703
0.180390
0.189801
0.283761
0.326848
0.331341
0.271517
0.272323
0.114841
0.259145
0.140559
0.305307
0.254562
0.060322
0.255829
0.174517
0.340739
0.000000
0.320576
0.237474
0.174691
0.137445
0.228237
0.221138
0.244259
0.270795
0.242839
0.192625
0.523609
0.241288
0.162191
0.257153
0.212483
0.215354
0.221861
0.082580
0.272129
0.320057
0.296068
0.355741
0.147499
0.244895
0.162885
0.180055
0.470263
0.284042
0.235206
0.410943
0.236695
0.500857
0.161304
0.202865
0.169405
0.272483
0.215918
0.286910
0.088432
0.293772
0.454116
0.416170
0.109710
0.179180
0.170282
0.530151
0.221035
0.406806
0.000000
0.220310
0.218496
0.000000
0.090741
0.159990
0.302035
0.285028
0.151745
0.050036
-0.000000
0.321525
0.403639
0.123907
0.203863
0.311732
0.385496
0.362004
0.278046
0.144207
0.347721
0.207637
0.389703
0.178939
0.470902
0.946068
0.330421
0.382789
0.416940
0.184161
0.497479
0.369247
0.280308
0.187618
0.328589
0.281733
0.226851
0.374249
0.282191
0.286575
0.315431
0.338878
0.181536
0.545393
0.274865
0.137726
0.173860
0.349066
0.328878
0.200503
0.120118
0.347836
0.115535
0.131286
0.433818
0.198118
1.072923
0.366671
0.075245
0.178227
0.173995
0.301503
0.000000
0.114173
0.449621
0.218887
0.308780
0.042058
0.217868
0.383400
0.343915
0.779921
0.398608
0.185149
0.347641
0.397873
1.083710
0.209467
0.254200
0.126342
0.150245
0.432670
0.674352
0.351526
0.142542
0.130701
0.126984
0.392622
0.000000
0.390289
0.427426
0.202907
0.219712
0.267087
0.372983
0.619366
0.203161
0.224663
0.310154
0.230509
0.148909
0.133348
0.249931
0.173724
0.238275
0.383788
0.403685
0.591419
0.360852
0.000000
0.115131
0.289669
0.197524
0.425661
0.396731
0.489258
0.062825
0.218036
0.274309
0.416796
0.069720
0.141596
0.351870
0.300282
0.263107
0.448891
0.198366
0.237632
0.368528
0.337208
0.248501
0.160165
-0.000000
0.102642
0.330501
0.293333
0.113322
0.407057
0.176935
0.371645
0.460684
1.077626
0.120997
0.179665
0.109835
0.016076
0.314836
0.231867
0.260929
0.347260
0.091893
0.095963
0.145165
0.360661
0.046387
0.468933
0.207001
0.195240
0.190981
0.265664
0.000000
0.249264
0.233946
0.000000
0.016921
0.112848
0.374663
0.258966
0.292742
0.279704
0.210907
0.268743
0.177207
0.206078
0.356503
0.124739
0.549875
0.276410
0.244784
0.258647
0.255630
0.258227
0.430026
0.335421
0.097505
0.219042
0.310011
0.326592
-0.000000
0.241422
0.170743
0.151809
0.178049
0.046743
0.406150
0.097264
0.501035
0.289235
0.200940
0.393171
1.085822
0.047231
0.191461
0.197473
0.132407
0.319237
0.401664
0.452862
0.249366
0.317910
0.102010
0.365603
0.244899
0.186210
-0.000000
0.167257
0.232989
0.430299
0.394452
0.215953
0.209656
0.292152
0.178951
0.354564
0.436231
0.218475
0.658744
0.035517
0.333110
0.544604
0.104245
0.305131
0.308064
0.465976
0.319290
0.248556
0.300292
0.343774
0.145027
1.068121
0.858810
0.282111
0.347072
0.225391
0.658284
0.321090
0.411460
0.261173
0.228016
0.320934
0.221232
0.248406
0.197938
0.681167
0.291251
0.427240
0.122757
0.423022
0.302580
0.258626
0.327958
0.174267
0.016076
0.264759
0.128874
0.222609
0.355243
0.258038
0.291676
0.316876
0.291078
0.307893
0.120356
0.600933
0.292787
0.351199
0.137629
0.322114
0.393836
0.111858
0.201053
0.237540
0.285920
0.088431
0.284437
0.404397
0.141143
0.269800
0.437039
0.658732
0.027035
0.184607
0.551424
0.195446
0.215191
0.151456
0.377405
0.252500
0.238218
0.158356
0.310005
0.435209
0.168623
0.293127
0.133860
0.647108
0.365943
0.359653
0.126830
0.244905
0.337831
0.412917
0.194156
0.217239
0.312800
0.161122
0.051772
0.068814
0.394452
0.145537
0.135778
0.312281
0.223622
0.148415
0.334459
0.730693
0.415483
0.163689
0.164127
0.366382
0.193819
0.380151
0.289798
0.210338
0.139295
0.271205
0.302073
0.322827
0.378253
0.282522
0.182356
0.135220
0.326437
0.211551
0.571672
0.624114
0.217117
0.171444
0.453574
0.270874
0.244850
0.275497
0.487285
0.144948
0.091365
0.263565
0.228586
0.316876
0.241478
0.089329
0.352209
0.260558
0.343978
0.643219
0.370733
0.320554
0.406558
0.412917
0.164504
0.294040
0.264848
0.395345
0.152429
0.226207
0.381062
0.119536
0.258624
0.376422
0.382649
0.296575
0.090574
0.432782
0.315281
0.249326
0.313860
0.020057
0.128919
0.331510
0.264408
0.328087
0.403188
0.291209
0.233253
0.275120
0.133635
0.146750
0.397768
0.311122
0.271291
0.372605
0.418260
0.329316
0.482720
0.405042
0.395998
0.313853
0.071567
0.186941
0.201197
0.371565
0.246633
0.429685
0.127033
0.110838
0.367455
0.224130
0.198280
0.331922
0.391336
0.498486
0.427454
0.222124
0.355067
0.431594
0.403762
0.257403
0.234898
0.264017
0.244811
0.528676
0.477958
0.269433
0.184675
0.394661
0.217938
0.337145
0.166609
0.257248
0.355418
0.370348
0.164012
0.343706
0.266776
0.354829
0.122643
1.083506
0.478514
0.147700
0.345051
0.410444
0.157221
0.131398
0.233461
0.107890
0.652504
0.184946
0.306821
0.142377
0.186579
0.222538
0.153195
0.168870
0.217294
0.201253
0.398244
0.371374
0.393985
0.270896
0.139954
0.249755
0.307462
0.612671
0.447811
0.375734
0.175526
0.265447
0.152553
0.333211
0.246532
0.150463
0.321204
0.397281
0.177835
0.469147
0.015662
0.228988
0.485079
0.336490
0.326426
0.488137
0.068909
0.200940
0.289840
0.463624
0.402257
0.251779
0.276975
0.314289
0.353439
0.153732
0.182686
0.348783
0.019512
0.228205
0.399901
0.366217
0.000000
0.279477
0.587465
0.207398
0.399685
0.304887
0.210184
0.233924
0.424175
0.352242
0.327733
0.303114
0.064489
0.308016
0.060070
0.269973
0.163421
0.476461
0.376609
0.282537
0.207475
0.340695
0.194931
0.051082
0.243079
0.269348
0.159841
0.363732
0.180815
0.036814
0.350182
0.122770
0.460536
0.202465
0.248470
0.202042
0.615968
0.379039
0.152501
0.185017
0.191368
0.439837
0.263107
0.327866
0.135503
0.370815
0.365795
0.145911
0.094129
0.366252
0.256890
0.179665
0.103553
0.248611
0.139101
0.437899
0.288865
0.369229
0.041816
0.140777
0.219055
0.265122
0.125076
0.316162
0.391681
0.422768
0.085339
0.308306
0.210273
0.357595
0.426215
0.371140
0.236599
0.398547
0.480160
0.499940
0.130337
0.364469
0.028896
0.362747
0.103537
0.225316
0.222008
0.306209
0.281731
0.211008
0.111807
0.273415
0.172518
0.355249
0.283401
0.326063
0.180599
0.316790
0.401787
0.339734
0.453459
0.246145
1.090203
0.042571
0.322553
0.252070
0.354657
0.173385
0.239093
0.240649
0.369645
0.152539
0.000000
0.109986
0.420966
0.179665
-0.000000
0.161241
0.282011
0.153175
0.333653
0.537364
0.065518
0.527218
0.331935
0.307802
-0.000000
0.382401
0.495385
0.274430
0.220765
0.183474
0.315540
0.497440
0.000000
0.263149
0.539543
