0.356821
0.449100
0.245694
0.219486
0.365518
0.267335
0.350356
0.656944
0.327789
0.169964
0.401731
0.584407
0.106740
0.144940
0.394941
0.325550
0.583616
0.268851
0.310874
0.522389
0.319854
0.518331
0.260687
0.513969
0.255369
0.454843
0.754424
0.508770
0.200487
0.489246
0.209472
0.292231
0.417677
0.412538
0.412641
0.352200
0.426657
0.160346
0.356901
0.254390
0.402956
0.302671
0.076948
0.335967
0.325472
0.526761
0.000000
0.585214
0.267407
0.325176
0.195139
0.261095
0.264388
0.325183
0.432679
0.280374
0.295751
0.640316
0.439344
0.262093
0.314788
0.302462
0.338651
0.282338
0.150810
0.318404
0.326773
0.391551
0.414149
0.285318
0.314020
0.302940
0.225562
0.530939
0.373468
0.335393
0.487938
0.407067
0.478322
0.181817
0.354553
0.306199
0.367109
0.308791
0.383051
0.120154
0.348650
0.499011
0.439430
0.147322
0.384379
0.285533
0.638310
0.253387
0.472344
-0.000000
0.225732
0.403060
-0.000000
0.139335
0.331221
0.414820
0.387512
0.193613
0.083316
0.000000
0.377285
0.531244
0.250274
0.256350
0.447134
0.543697
0.404052
0.334980
0.166076
0.532672
0.397556
0.421936
0.184471
0.695694
1.000000
0.641805
0.498055
0.622316
0.227773
0.514429
0.492409
0.338904
0.253629
0.438545
0.344800
0.284255
0.513734
0.425354
0.294809
0.454545
0.469751
0.353529
0.554251
0.347188
0.181250
0.348498
0.396671
0.422573
0.327806
0.156967
0.477734
0.182943
0.172518
0.395863
0.243631
0.981709
0.354234
0.102949
0.244215
0.260268
0.345639
-0.000000
0.250409
0.507414
0.365172
0.438713
0.045627
0.279210
0.477571
0.558779
0.828501
0.470385
0.279544
0.453927
0.596515
1.000000
0.227257
0.296031
0.130783
0.264089
0.618552
0.783346
0.459379
0.199402
0.165654
0.218385
0.556170
0.000000
0.474544
0.593882
0.293700
0.279071
0.352424
0.501937
0.737339
0.396371
0.272104
0.495949
0.375981
0.170439
0.125000
0.365098
0.247785
0.320409
0.477456
0.592660
0.598714
0.463409
0.000000
0.146931
0.302299
0.214159
0.478059
0.606466
0.722222
0.115874
0.289660
0.360674
0.372923
0.116658
0.203010
0.615084
0.410308
0.381167
0.571254
0.313435
0.316630
0.539657
0.378342
0.299011
0.210656
0.000000
0.170375
0.390991
0.457280
0.146536
0.527388
0.241518
0.581655
0.481524
0.982943
0.185552
0.247170
0.160890
0.040714
0.435221
0.274878
0.362324
0.537402
0.129416
0.090134
0.200253
0.406079
0.064450
0.610491
0.317994
0.291840
0.254312
0.375880
0.000000
0.354542
0.292677
0.000000
0.041086
0.177711
0.473338
0.349430
0.348466
0.325403
0.397337
0.231624
0.225860
0.326601
0.458468
0.157083
0.584555
0.332816
0.332963
0.386789
0.356328
0.402930
0.501153
0.404396
0.172238
0.299397
0.434577
0.362631
0.000000
0.313785
0.199413
0.167741
0.202337
0.073763
0.498370
0.146334
0.622138
0.393566
0.237090
0.326501
1.000000
0.058211
0.317548
0.231804
0.247167
0.458968
0.662907
0.463741
0.341109
0.416512
0.104182
0.620482
0.218018
0.237069
-0.000000
0.299162
0.380936
0.511176
0.467587
0.285641
0.261887
0.325320
0.242695
0.367307
0.560176
0.271613
0.634167
0.050917
0.459430
0.553846
0.149965
0.418299
0.385402
0.604886
0.460841
0.399103
0.399813
0.471343
0.168036
1.000000
0.834694
0.294808
0.347526
0.321826
0.728136
0.432176
0.481344
0.275504
0.318139
0.438629
0.304080
0.322568
0.218249
0.799793
0.333223
0.475650
0.197256
0.478249
0.309142
0.343695
0.334923
0.267383
0.040714
0.276341
0.237521
0.407497
0.459872
0.327260
0.367404
0.340782
0.394174
0.426930
0.161788
0.798360
0.376654
0.379148
0.262780
0.471687
0.610409
0.197848
0.313992
0.296833
0.374654
0.135169
0.332816
0.463833
0.266545
0.342558
0.506871
0.765699
0.033680
0.352633
0.646021
0.293691
0.270509
0.158733
0.399643
0.342821
0.418318
0.190736
0.431074
0.568545
0.232702
0.311802
0.250805
0.708651
0.526766
0.373804
0.173438
0.301550
0.432933
0.625510
0.327160
0.226517
0.325982
0.265142
0.105820
0.127588
0.467587
0.205897
0.193107
0.430477
0.283023
0.267915
0.415693
0.812515
0.583065
0.254932
0.222791
0.512651
0.264637
0.502941
0.301250
0.338010
0.190564
0.444027
0.275254
0.480055
0.459848
0.362253
0.250653
0.178605
0.473866
0.326378
0.468771
0.705372
0.310141
0.308454
0.523897
0.342763
0.346055
0.343798
0.591752
0.252201
0.142251
0.292677
0.368684
0.340782
0.292337
0.133200
0.547636
0.311114
0.375726
0.797339
0.492209
0.453954
0.493354
0.546377
0.287797
0.300539
0.333316
0.517757
0.250633
0.321280
0.581726
0.168330
0.398165
0.487267
0.558345
0.382086
0.145992
0.601937
0.327850
0.327788
0.382115
0.040110
0.154846
0.484692
0.377879
0.439039
0.526641
0.385658
0.287412
0.424718
0.202467
0.210640
0.483722
0.313594
0.320629
0.497477
0.440710
0.461706
0.555860
0.495951
0.536190
0.333454
0.137338
0.239189
0.307505
0.492585
0.288278
0.481524
0.257817
0.167417
0.483266
0.291311
0.410499
0.325174
0.565384
0.595488
0.490903
0.282430
0.492271
0.401381
0.571826
0.336957
0.374465
0.327410
0.325585
0.658632
0.483620
0.345781
0.393072
0.519309
0.334298
0.318311
0.235181
0.321444
0.455147
0.430655
0.230594
0.368089
0.376570
0.554977
0.255984
1.000000
0.716667
0.183062
0.460580
0.481737
0.300170
0.175330
0.375305
0.162574
0.624409
0.178118
0.463026
0.232377
0.230921
0.302986
0.204457
0.216651
0.368099
0.325085
0.496621
0.346280
0.570750
0.312159
0.213846
0.461831
0.410456
0.683316
0.545668
0.549140
0.239361
0.394048
0.151442
0.435931
0.300414
0.205764
0.417251
0.550950
0.198411
0.505127
0.029991
0.298570
0.521130
0.442059
0.522964
0.603291
0.127338
0.237090
0.364538
0.546786
0.515220
0.323214
0.312016
0.394437
0.329683
0.227782
0.247634
0.379515
0.027557
0.286921
0.435034
0.532908
-0.000000
0.298339
0.757728
0.361705
0.532966
0.389529
0.247236
0.318500
0.528627
0.511463
0.446601
0.366872
0.094322
0.463195
0.075110
0.310638
0.262970
0.564619
0.485162
0.428802
0.201169
0.323102
0.270394
0.077221
0.338440
0.375685
0.206225
0.536521
0.225457
0.051984
0.446088
0.198754
0.494048
0.295374
0.333788
0.308781
0.697364
0.540446
0.198897
0.313595
0.329180
0.583397
0.381167
0.339564
0.173211
0.461773
0.431442
0.223640
0.152053
0.528553
0.281549
0.247170
0.146380
0.284672
0.177171
0.559874
0.333963
0.459410
0.042220
0.179022
0.263927
0.362463
0.236202
0.567842
0.629691
0.459280
0.136850
0.313330
0.277190
0.423448
0.473228
0.548434
0.312886
0.549807
0.560622
0.533372
0.173813
0.589342
0.070680
0.478690
0.113375
0.377532
0.263486
0.285043
0.335683
0.357408
0.146536
0.408069
0.315510
0.478284
0.442927
0.339268
0.202542
0.334592
0.388611
0.367106
0.595839
0.311554
1.000000
0.106740
0.507601
0.414379
0.463344
0.244705
0.375920
0.329156
0.502468
0.221354
0.000000
0.172541
0.590054
0.247170
0.000000
0.169731
0.397823
0.197597
0.428523
0.536313
0.055649
0.727745
0.423620
0.416530
0.000000
0.437592
0.613237
0.322628
0.299611
0.235783
0.436456
0.628960
-0.000000
0.311627
0.705826
