0.221201
0.524116
0.208737
0.039338
0.483717
0.082259
0.427606
0.723465
0.174337
0.092319
0.268346
0.262517
0.147712
0.066140
0.079723
0.373156
0.517186
0.296369
0.173225
0.315804
0.355048
0.499270
0.126046
0.095690
0.070195
0.530261
0.711431
0.353976
0.055846
0.549037
0.101898
0.321343
0.110892
0.252099
0.348203
0.221310
0.484531
0.118998
0.411550
0.185566
0.290147
0.515166
0.011885
0.332796
0.157817
0.467982
0.000000
0.337365
0.097316
0.137101
0.112992
0.369459
0.216595
0.260321
0.456472
0.098899
0.046199
0.629659
0.538694
0.644643
0.446468
0.204450
0.504116
0.387887
0.024358
0.363503
0.241817
0.249150
0.518331
0.216668
0.480049
0.190679
0.081544
0.495807
0.287984
0.241091
0.426550
0.406599
0.342791
0.166078
0.114620
0.303356
0.303372
0.160915
0.540490
0.093993
0.124766
0.327691
0.300343
0.118785
0.724684
0.526038
0.528626
0.217660
0.399711
-0.000000
0.158139
0.191241
-0.000000
0.154702
0.699329
0.495669
0.508689
0.194214
0.020433
-0.000000
0.292968
0.741796
0.158149
0.124169
0.496599
0.673495
0.267264
0.063355
0.169647
0.205885
0.315952
0.166140
0.119166
0.746708
0.977776
0.396637
0.361792
0.705567
0.150013
0.656904
0.201581
0.318404
0.089060
0.184790
0.242034
0.144257
0.396400
0.170620
0.240599
0.516977
0.369196
0.151528
0.238698
0.242996
0.106365
0.386806
0.302046
0.289497
0.522489
0.107008
0.153946
0.189486
0.145288
0.362274
0.140362
1.000909
0.387374
0.093374
0.143519
0.112454
0.335872
-0.000000
0.165303
0.482612
0.752454
0.337563
0.029433
0.117561
0.553601
0.532921
1.010651
0.360639
0.113844
0.545246
0.507610
1.009255
0.216534
0.338720
0.059923
0.211564
0.538969
0.754378
0.139046
0.116979
0.167906
0.483758
0.808488
0.000000
0.444199
0.674411
0.068959
0.150462
0.217374
0.551427
0.630312
0.373904
0.070741
0.353223
0.410697
0.112992
0.138216
0.382629
0.145594
0.219258
0.512694
0.443556
0.447598
0.585385
0.000000
0.028508
0.135394
0.127619
0.304653
0.556882
0.996834
0.014285
0.105267
0.296225
0.493639
0.021466
0.103677
0.325903
0.322478
0.089708
0.998486
0.213400
0.229015
0.314168
0.311830
0.279488
0.126332
0.000000
0.041253
0.093752
0.539821
0.090501
0.489010
0.212849
0.657450
0.737011
0.999609
0.118216
0.056695
0.112992
0.052974
0.093816
0.239618
0.391457
0.730708
0.327142
0.031065
0.120625
0.260125
0.058051
0.519369
0.361964
0.206079
0.152344
0.206864
0.000000
0.405443
0.112190
0.000000
0.027025
0.193889
0.162211
0.127093
0.453394
0.542719
0.297011
0.322139
0.134490
0.393480
0.558265
0.112320
0.522090
0.544152
0.206129
0.171962
0.518309
0.247130
0.493728
0.345691
0.026247
0.192928
0.520761
0.477663
-0.000000
0.145128
0.297066
0.151779
0.058291
0.030110
0.157642
0.098661
0.598846
0.220890
0.161402
0.207625
1.006123
0.035236
0.384364
0.174234
0.269809
0.193049
0.597268
0.746294
0.254914
0.263719
0.027647
0.371425
0.101641
0.167771
0.000000
0.209576
0.328392
0.600641
0.305151
0.125130
0.132016
0.397824
0.035804
0.242808
0.355224
0.274274
0.545632
0.048771
0.235560
0.657124
0.190660
0.281435
0.225019
0.771131
0.531115
0.408937
0.290422
0.132835
0.090300
1.001844
0.912552
0.295954
0.270856
0.271374
0.702964
0.413303
0.403203
0.184548
0.171227
0.475909
0.233619
0.194565
0.059513
0.658265
0.061444
0.529728
0.548480
0.299448
0.144948
0.443208
0.189032
0.325355
0.052974
0.496494
0.214429
0.145500
0.561115
0.413942
0.307191
0.153823
0.247677
0.530505
0.172315
0.913098
0.181355
0.286692
0.106331
0.511693
0.558074
0.067597
0.268708
0.236077
0.298319
0.068394
0.542988
0.303320
0.080212
0.386291
0.522655
0.721697
0.031762
0.326223
0.556001
0.208429
0.061427
0.150211
0.485171
0.273297
0.713441
0.182237
0.645899
0.685010
0.079952
0.429663
0.142716
0.705234
0.418353
0.169058
0.325907
0.248191
0.472354
0.687026
0.427109
0.238477
0.166698
0.633933
0.033772
0.042564
0.305151
0.166669
0.205216
0.250713
0.064458
0.079668
0.471971
0.742416
0.508186
0.633754
0.049468
0.167204
0.304087
0.501071
0.295614
0.508722
0.308760
0.504777
0.276580
0.576472
0.230541
0.260897
0.177118
0.045983
0.522292
0.238792
0.275360
0.998486
0.276746
0.267519
0.309309
0.299569
0.199238
0.286082
0.714808
0.205994
0.062703
0.223562
0.462535
0.153823
0.209386
0.047707
0.693353
0.351635
0.286692
0.746240
0.439343
0.361076
0.713038
0.518448
0.523993
0.441537
0.233686
0.560097
0.081704
0.234413
0.675554
0.047032
0.470188
0.419898
0.360730
0.316118
0.070376
0.867290
0.348945
0.238481
0.267735
0.032653
0.138291
0.435806
0.252138
0.300264
0.400240
0.294234
0.300008
0.435176
0.143353
0.149969
0.719950
0.172246
0.222794
0.157566
0.688163
0.606644
0.395678
0.438752
0.811368
0.274800
0.033772
0.060657
0.138021
0.129563
0.282399
0.725041
0.177891
0.038729
0.662249
0.192197
0.203598
0.118179
0.758057
0.491417
0.489696
0.439843
0.269228
0.187185
0.801838
0.068927
0.319676
0.655779
0.187544
0.811239
0.267386
0.244446
0.745555
0.582735
0.162351
0.168821
0.159040
0.190652
0.317181
0.367432
0.143180
0.223861
0.234031
0.625958
0.171816
1.006519
0.763509
0.447185
0.235212
0.326950
0.079089
0.100010
0.214404
0.044165
0.242099
0.066829
0.526534
0.630377
0.065640
0.293216
0.028394
0.103528
0.321530
0.196998
0.406505
0.597717
0.527636
0.344697
0.163200
0.536675
0.283039
0.686916
0.666417
0.546317
0.215124
0.302821
0.097525
0.577766
0.521794
0.157155
0.326584
1.014800
0.193330
0.520481
0.035977
0.510231
0.366665
0.543788
0.663728
0.529351
0.021310
0.161402
0.245975
0.520682
0.404180
0.540877
0.497308
0.271898
0.419769
0.180627
0.146050
0.115862
0.005910
0.240734
0.228868
0.480254
-0.000000
0.309151
0.562931
0.711558
0.624697
0.268059
0.063964
0.108306
0.544845
0.430426
0.537293
0.103813
0.013566
0.631500
0.012391
0.231960
0.521606
0.537080
0.284166
0.520777
0.249425
0.333247
0.166088
0.018218
0.241796
0.319047
0.080539
0.434466
0.066217
0.006411
0.148254
0.197828
0.634991
0.210790
0.226580
0.240170
0.512501
0.404540
0.081431
0.798740
0.137004
0.652454
0.089708
0.273857
0.126336
0.205081
0.360573
0.159098
0.071469
0.395661
0.222443
0.056695
0.037895
0.088264
0.181152
0.093428
0.228408
0.482106
0.043189
0.049240
0.112246
0.250669
0.169874
0.342335
0.539388
0.600641
0.041664
0.342670
0.210191
0.418883
0.758936
0.727707
0.145999
0.402966
0.403196
0.758067
0.374372
0.550944
-0.000000
0.352657
0.090448
0.128150
0.391275
0.126224
0.300741
0.236205
0.089939
0.327399
0.561248
0.155266
0.407742
0.232850
0.159828
0.140068
0.271605
0.209352
0.415246
0.371307
1.004705
0.147712
0.479479
0.754188
0.422188
0.028394
0.417924
0.262375
0.170648
0.182957
0.000000
0.039485
0.783690
0.056695
-0.000000
0.093551
0.205133
0.080942
0.505733
0.536882
0.046080
0.768294
0.422726
0.597839
0.000000
0.327589
0.255722
0.252230
0.144838
0.179167
0.312865
0.632268
-0.000000
0.340512
0.590568
