0.316890
0.442241
0.226974
0.183182
0.323349
0.221501
0.317952
0.643050
0.281378
0.158306
0.406368
0.522896
0.075938
0.126773
0.387608
0.306369
0.530580
0.246649
0.268506
0.471357
0.278496
0.481437
0.264233
0.506135
0.255369
0.394573
0.741023
0.464868
0.174474
0.487558
0.188688
0.270022
0.353471
0.390912
0.367029
0.326495
0.385403
0.144542
0.309325
0.219895
0.303721
0.292015
0.059225
0.309195
0.312247
0.449776
0.000000
0.556557
0.227147
0.302452
0.188176
0.246622
0.253734
0.334229
0.411909
0.212704
0.268075
0.570924
0.367734
0.265797
0.307148
0.267201
0.318294
0.276871
0.147804
0.289221
0.281244
0.376557
0.373710
0.261472
0.306352
0.276858
0.200791
0.500532
0.345462
0.294103
0.420676
0.370932
0.435135
0.167950
0.277876
0.254651
0.321365
0.271400
0.359020
0.104726
0.350550
0.544106
0.396322
0.134631
0.373007
0.269586
0.596380
0.224682
0.380327
0.000000
0.203258
0.376344
-0.000000
0.132187
0.307769
0.355468
0.331068
0.171609
0.074568
0.000000
0.369858
0.426797
0.215093
0.241202
0.378739
0.481144
0.369583
0.294734
0.134174
0.471149
0.388564
0.414855
0.170216
0.686700
0.924045
0.612762
0.442583
0.544035
0.212493
0.491115
0.418466
0.269856
0.236641
0.403412
0.313825
0.250738
0.494665
0.395861
0.256111
0.392515
0.414100
0.334512
0.533630
0.330668
0.179508
0.303301
0.380386
0.390417
0.317963
0.144502
0.419920
0.153647
0.141278
0.375981
0.213974
0.877569
0.355553
0.077322
0.210422
0.228171
0.323792
-0.000000
0.219375
0.493188
0.365172
0.453981
0.036604
0.252147
0.474900
0.514501
0.742752
0.473861
0.237186
0.401209
0.542088
0.912173
0.212067
0.267967
0.125617
0.246553
0.546788
0.741387
0.415638
0.209746
0.139862
0.210069
0.452377
0.000000
0.422650
0.558920
0.258811
0.249966
0.346484
0.485969
0.649766
0.327095
0.260855
0.445340
0.358700
0.163190
0.107143
0.330684
0.222654
0.304797
0.459438
0.513312
0.582154
0.467529
0.000000
0.140935
0.289267
0.224227
0.442753
0.502878
0.638889
0.108657
0.253610
0.271712
0.332353
0.105792
0.156844
0.610418
0.425237
0.305624
0.542670
0.284891
0.311918
0.525635
0.380165
0.283584
0.194123
0.000000
0.134815
0.344569
0.409063
0.142286
0.423729
0.229629
0.497340
0.509993
0.899875
0.170971
0.201231
0.153630
0.028563
0.356705
0.260050
0.323663
0.462258
0.108708
0.095879
0.185969
0.372940
0.059538
0.561421
0.290961
0.263016
0.223177
0.372830
0.000000
0.296922
0.250223
0.000000
0.037270
0.167415
0.428932
0.301932
0.319574
0.309047
0.366117
0.222156
0.212697
0.297768
0.420173
0.137585
0.546845
0.311288
0.300235
0.354111
0.310110
0.358395
0.473440
0.395683
0.161513
0.280577
0.394074
0.340930
0.000000
0.299651
0.182379
0.139732
0.181952
0.064420
0.453750
0.127029
0.490490
0.346422
0.222879
0.281151
0.914010
0.052562
0.335806
0.210538
0.228608
0.422357
0.651125
0.442514
0.318945
0.406157
0.097028
0.599546
0.241944
0.249989
-0.000000
0.280246
0.374069
0.509395
0.415649
0.253144
0.224217
0.329946
0.194009
0.348305
0.519945
0.251924
0.618157
0.039637
0.426605
0.506847
0.136364
0.408740
0.334802
0.500537
0.424822
0.373501
0.366023
0.392828
0.147720
0.882959
0.836674
0.253173
0.359771
0.278464
0.678535
0.418274
0.407235
0.257016
0.283178
0.398202
0.255085
0.285175
0.190020
0.745181
0.298480
0.434468
0.205683
0.463170
0.313662
0.316802
0.320273
0.238363
0.028563
0.267274
0.220631
0.369679
0.365382
0.285542
0.335922
0.337411
0.350151
0.376365
0.136208
0.786377
0.370457
0.354124
0.257016
0.417154
0.546378
0.156011
0.312944
0.276950
0.299499
0.130180
0.311288
0.420520
0.210361
0.318947
0.448533
0.701578
0.029623
0.283140
0.596585
0.269983
0.221588
0.143308
0.411752
0.347895
0.396977
0.159711
0.413760
0.519322
0.204064
0.282302
0.211649
0.670634
0.467126
0.339180
0.157669
0.273673
0.418393
0.541214
0.317192
0.216338
0.330482
0.266298
0.092735
0.113704
0.415649
0.168749
0.152017
0.367256
0.233620
0.216732
0.400711
0.759011
0.508592
0.253779
0.177087
0.483531
0.242429
0.479082
0.251661
0.320318
0.180635
0.420819
0.267312
0.442903
0.415560
0.342949
0.218919
0.167467
0.408902
0.285159
0.445743
0.675909
0.218331
0.317663
0.498019
0.257714
0.326276
0.309934
0.565187
0.237857
0.137332
0.277239
0.364146
0.337411
0.264813
0.118344
0.495047
0.291533
0.348188
0.739845
0.424644
0.431138
0.470535
0.521477
0.279100
0.301768
0.294777
0.509694
0.203309
0.278385
0.525065
0.142106
0.386116
0.447980
0.570601
0.382086
0.140320
0.530575
0.301504
0.285218
0.389437
0.032886
0.140760
0.458933
0.368653
0.405966
0.440280
0.342612
0.267369
0.390024
0.171238
0.171231
0.441540
0.321941
0.301576
0.447672
0.470020
0.405911
0.546575
0.405151
0.526542
0.286327
0.121856
0.204942
0.258427
0.431787
0.242508
0.505019
0.220165
0.153685
0.390279
0.256899
0.383809
0.271152
0.444200
0.548593
0.433898
0.258945
0.424242
0.377766
0.527544
0.317073
0.367038
0.314731
0.302661
0.591288
0.445908
0.303873
0.370925
0.458097
0.287280
0.330863
0.214074
0.310603
0.406974
0.355391
0.215888
0.340817
0.342981
0.446523
0.215714
0.912922
0.682179
0.155039
0.414423
0.464480
0.250469
0.144172
0.353240
0.131118
0.569398
0.172907
0.394655
0.232555
0.204678
0.265278
0.168109
0.239813
0.364695
0.287943
0.388775
0.349513
0.498052
0.285028
0.202604
0.402900
0.398736
0.646236
0.457181
0.493270
0.221439
0.378367
0.172036
0.367678
0.276991
0.189437
0.445678
0.583025
0.184616
0.458777
0.029518
0.278763
0.478869
0.384118
0.461500
0.569519
0.137542
0.222879
0.321714
0.574934
0.458142
0.322309
0.268924
0.351457
0.302335
0.188656
0.235421
0.344062
0.025737
0.269125
0.416557
0.465635
-0.000000
0.256974
0.719431
0.351351
0.488361
0.340425
0.217598
0.295457
0.527232
0.441420
0.424776
0.317030
0.086690
0.386132
0.081935
0.307382
0.254978
0.496190
0.433152
0.383480
0.199597
0.289583
0.267694
0.071165
0.320370
0.270693
0.178740
0.478163
0.191614
0.048221
0.395568
0.169433
0.443589
0.266007
0.282428
0.260625
0.649899
0.485380
0.179761
0.292851
0.266927
0.524324
0.305624
0.321423
0.161985
0.448717
0.416075
0.177120
0.145609
0.475512
0.260050
0.201231
0.147157
0.249820
0.158670
0.539036
0.331788
0.439755
0.032721
0.167984
0.270583
0.321673
0.202636
0.548344
0.571495
0.458233
0.137060
0.316998
0.254151
0.429869
0.479635
0.477634
0.265088
0.477982
0.515351
0.568478
0.158095
0.489678
0.070680
0.422616
0.108207
0.314549
0.242705
0.297884
0.287293
0.308854
0.142286
0.413927
0.306009
0.430075
0.446641
0.339761
0.189130
0.331266
0.339643
0.347286
0.559073
0.259407
0.908759
0.075938
0.525052
0.394210
0.413468
0.196475
0.347990
0.271267
0.425850
0.208111
0.000000
0.172287
0.515519
0.201231
0.000000
0.180196
0.376478
0.174767
0.391355
0.490961
0.049375
0.724771
0.423620
0.383071
0.000000
0.390009
0.599461
0.280805
0.262794
0.217692
0.452153
0.608788
0.000000
0.278397
0.656797
