0.280751
0.465478
0.166970
0.133831
0.268044
0.159197
0.250408
0.616544
0.218365
0.152304
0.434220
0.489478
0.027027
0.143420
0.288657
0.222445
0.492481
0.205627
0.278878
0.459138
0.239723
0.414109
0.201652
0.410985
0.248531
0.279697
0.682146
0.472613
0.198220
0.351114
0.172066
0.328624
0.334542
0.322934
0.376082
0.279640
0.299633
0.133417
0.251645
0.208029
0.299075
0.306291
0.093269
0.262639
0.230422
0.500386
-0.000000
0.592156
0.170317
0.214713
0.206425
0.195475
0.227125
0.289878
0.403336
0.201404
0.252196
0.677809
0.292280
0.260166
0.275325
0.222864
0.340752
0.254537
0.179946
0.248321
0.218907
0.354598
0.266667
0.219878
0.239145
0.223222
0.185551
0.491684
0.265998
0.229532
0.493415
0.407293
0.319745
0.151821
0.265119
0.208990
0.269897
0.205882
0.297313
0.082817
0.330181
0.565743
0.329698
0.128494
0.377731
0.306638
0.585735
0.261469
0.388500
0.000000
0.212763
0.272043
-0.000000
0.138409
0.336859
0.321270
0.322922
0.117001
0.090822
-0.000000
0.293504
0.414883
0.198947
0.214295
0.383285
0.420217
0.326584
0.239174
0.120306
0.440931
0.375752
0.433053
0.136305
0.494543
0.873408
0.609512
0.320691
0.515961
0.190453
0.419710
0.436196
0.263086
0.198681
0.349345
0.291777
0.204133
0.516849
0.347753
0.195405
0.269387
0.373366
0.230726
0.370575
0.338539
0.192943
0.258142
0.336091
0.355291
0.313411
0.120764
0.460006
0.141693
0.134151
0.307792
0.188005
0.882746
0.339555
0.073171
0.182331
0.255264
0.340450
-0.000000
0.203663
0.418199
0.390415
0.353547
0.044776
0.267680
0.371345
0.496910
0.856909
0.443848
0.219248
0.349960
0.524427
1.000000
0.194410
0.220934
0.103121
0.213620
0.517113
0.752833
0.372162
0.143439
0.245546
0.227190
0.476042
0.000000
0.495596
0.433459
0.242964
0.219805
0.272985
0.388043
0.724138
0.266201
0.262148
0.322019
0.285116
0.190539
0.129480
0.346725
0.235291
0.270572
0.413061
0.509911
0.624674
0.435867
0.000000
0.104967
0.231192
0.153568
0.412726
0.534472
0.837838
0.139281
0.171266
0.276316
0.255760
0.088402
0.127748
0.596297
0.333403
0.324346
0.685200
0.235868
0.300137
0.547377
0.299827
0.246087
0.156501
0.000000
0.176563
0.313257
0.413698
0.087643
0.397982
0.155785
0.452318
0.559004
0.905719
0.178003
0.179322
0.180547
0.012336
0.376398
0.237857
0.239708
0.322941
0.132952
0.120336
0.152410
0.448842
0.037247
0.451917
0.287354
0.191817
0.241359
0.310703
-0.000000
0.186673
0.180311
0.000000
0.041881
0.177270
0.491444
0.214286
0.259928
0.339972
0.411664
0.261337
0.217653
0.270233
0.338476
0.125809
0.491402
0.356051
0.240198
0.301060
0.322460
0.381177
0.405182
0.300711
0.190222
0.284275
0.320687
0.276356
0.000000
0.247143
0.126583
0.128052
0.142930
0.066827
0.482237
0.104390
0.461582
0.364323
0.195954
0.210851
1.000000
0.064856
0.256596
0.180389
0.229654
0.384206
0.498065
0.518728
0.347000
0.368947
0.123499
0.617253
0.267764
0.273167
-0.000000
0.236387
0.373389
0.553276
0.387294
0.253129
0.219905
0.297996
0.145758
0.380401
0.398072
0.261296
0.686765
0.025081
0.400718
0.544712
0.145448
0.348657
0.348663
0.477204
0.339438
0.388761
0.295515
0.382557
0.140312
1.000000
0.852066
0.218393
0.327079
0.222549
0.667256
0.345102
0.402451
0.180116
0.248602
0.327100
0.255516
0.248952
0.150442
0.688977
0.254630
0.345670
0.195663
0.380496
0.402175
0.272102
0.355608
0.182747
0.012336
0.234625
0.190459
0.265281
0.473765
0.258965
0.291114
0.336052
0.313593
0.351819
0.126350
0.794348
0.330254
0.285345
0.276996
0.339338
0.527485
0.186220
0.318956
0.235862
0.273359
0.099240
0.342595
0.386118
0.213004
0.272163
0.360300
0.714103
0.014437
0.237373
0.483423
0.273024
0.201993
0.134065
0.370586
0.333998
0.415975
0.117765
0.444555
0.438010
0.195188
0.303060
0.197744
0.661551
0.299675
0.285450
0.143349
0.241086
0.337603
0.550222
0.328877
0.170475
0.323496
0.273204
0.103389
0.113922
0.387294
0.152141
0.141824
0.328040
0.203381
0.223022
0.327116
0.706895
0.479539
0.277903
0.152533
0.512439
0.223545
0.466346
0.244077
0.330962
0.189398
0.408489
0.204588
0.402186
0.374407
0.294301
0.213158
0.115238
0.284930
0.238580
0.429580
0.822838
0.239462
0.333041
0.398121
0.251506
0.321536
0.228527
0.531460
0.207476
0.138342
0.249968
0.355939
0.336052
0.188911
0.133846
0.504714
0.219407
0.294765
0.659514
0.525494
0.452983
0.423443
0.406398
0.288216
0.244426
0.251343
0.364920
0.197292
0.209491
0.537098
0.116644
0.423949
0.351153
0.558681
0.330667
0.112902
0.523141
0.222019
0.300990
0.375923
0.026392
0.138784
0.442857
0.345511
0.434309
0.541326
0.281538
0.254560
0.484067
0.140477
0.134981
0.439249
0.406933
0.271417
0.443142
0.526562
0.362741
0.475457
0.388034
0.449225
0.240084
0.138539
0.145383
0.172528
0.446554
0.219132
0.565349
0.210658
0.118652
0.436455
0.186630
0.291529
0.280280
0.472874
0.498255
0.407838
0.233863
0.372413
0.254946
0.531589
0.314432
0.378814
0.346844
0.264681
0.537408
0.362973
0.320719
0.447574
0.383650
0.221185
0.411426
0.217653
0.306946
0.325858
0.347821
0.223345
0.291328
0.320975
0.439589
0.240503
1.000000
0.632595
0.188107
0.367432
0.478574
0.227250
0.116086
0.335632
0.160896
0.428568
0.163156
0.282923
0.232535
0.154942
0.237022
0.112719
0.199371
0.349350
0.225312
0.376115
0.333302
0.540824
0.235826
0.178349
0.322809
0.458216
0.632219
0.439813
0.408880
0.187500
0.352985
0.123042
0.370420
0.279944
0.218929
0.369071
0.658247
0.207081
0.342108
0.038790
0.287296
0.468027
0.360325
0.348533
0.426825
0.149824
0.195954
0.326306
0.514414
0.357400
0.306751
0.310998
0.305129
0.238464
0.135888
0.235257
0.307358
0.022585
0.249683
0.512121
0.529243
-0.000000
0.234913
0.633156
0.357488
0.484461
0.255082
0.189719
0.185933
0.325260
0.338549
0.402408
0.221225
0.082681
0.399889
0.104675
0.279487
0.254361
0.426461
0.370353
0.431087
0.158952
0.236010
0.234127
0.061468
0.325325
0.268553
0.168909
0.319769
0.148488
0.067706
0.435553
0.117929
0.346476
0.210408
0.188169
0.203082
0.613568
0.430585
0.166555
0.307146
0.300134
0.450548
0.324346
0.250422
0.138808
0.472869
0.389428
0.152799
0.117057
0.397906
0.233238
0.179322
0.098650
0.213786
0.160246
0.482912
0.287925
0.309393
0.028731
0.134476
0.254575
0.280667
0.178572
0.593741
0.554787
0.527504
0.110460
0.314957
0.325154
0.330263
0.570834
0.375626
0.228447
0.445147
0.412319
0.575183
0.159177
0.513070
0.074180
0.324414
0.109214
0.305322
0.207910
0.361782
0.255146
0.230884
0.088789
0.352690
0.349634
0.472433
0.342232
0.415954
0.162814
0.330573
0.282968
0.307588
0.529644
0.223114
0.919626
0.027027
0.451915
0.391040
0.505658
0.136286
0.282204
0.211180
0.435304
0.152536
0.000000
0.133540
0.468655
0.179322
-0.000000
0.129430
0.361539
0.164521
0.306495
0.384493
0.051925
0.701427
0.363338
0.326005
0.000000
0.331251
0.559206
0.237258
0.172663
0.225403
0.377889
0.567268
0.000000
0.249402
0.719944
