2.3978952728
1.09861228867
1.60943791243
0.0
1.60943791243
0.0
1.60943791243
1.09861228867
0.0
2.8903717579
1.09861228867
2.07944154168
1.38629436112
1.60943791243
0.0
0.0
1.79175946923
2.19722457734
2.19722457734
0.0
1.60943791243
1.79175946923
2.07944154168
0.0
1.09861228867
1.94591014906
0.69314718056
2.3978952728
2.19722457734
1.60943791243
2.48490664979
1.60943791243
2.19722457734
0.0
2.30258509299
1.60943791243
1.60943791243
0.0
2.56494935746
2.63905732962
2.48490664979
1.60943791243
1.09861228867
2.48490664979
1.60943791243
0.0
0.0
2.19722457734
1.09861228867
1.60943791243
1.94591014906
2.19722457734
1.38629436112
0.69314718056
0.69314718056
1.09861228867
0.0
1.60943791243
1.60943791243
2.63905732962
2.48490664979
2.56494935746
1.09861228867
1.09861228867
1.60943791243
1.09861228867
0.69314718056
2.30258509299
0.0
1.09861228867
2.19722457734
1.38629436112
2.56494935746
0.69314718056
2.3978952728
0.0
1.09861228867
0.0
1.38629436112
0.0
1.94591014906
1.60943791243
0.0
1.60943791243
1.60943791243
0.0
1.60943791243
1.60943791243
0.0
0.0
1.09861228867
1.79175946923
1.94591014906
1.60943791243
0.0
1.09861228867
2.07944154168
1.60943791243
1.09861228867
2.19722457734
1.09861228867
0.0
0.0
1.60943791243
1.60943791243
0.0
0.0
0.69314718056
2.56494935746
1.60943791243
0.0
1.38629436112
2.56494935746
1.79175946923
2.3978952728
1.09861228867
0.0
1.60943791243
1.60943791243
1.38629436112
0.0
2.07944154168
2.19722457734
0.0
0.0
0.0
2.07944154168
0.0
1.94591014906
1.09861228867
2.3978952728
1.60943791243
2.07944154168
1.09861228867
0.0
1.94591014906
0.0
1.60943791243
1.09861228867
1.60943791243
1.79175946923
1.60943791243
0.0
2.48490664979
1.79175946923
0.0
0.0
0.0
2.3978952728
0.0
1.60943791243
1.09861228867
1.09861228867
0.0
2.3978952728
1.60943791243
1.09861228867
1.09861228867
2.56494935746
0.0
1.09861228867
0.0
1.09861228867
1.60943791243
1.60943791243
0.0
0.0
1.09861228867
1.60943791243
0.0
1.79175946923
1.09861228867
0.0
1.09861228867
0.0
1.09861228867
1.79175946923
0.0
1.94591014906
0.0
3.13549421593
1.79175946923
0.69314718056
2.30258509299
0.0
1.38629436112
0.69314718056
0.0
1.60943791243
1.60943791243
0.0
1.60943791243
0.0
1.09861228867
1.38629436112
1.94591014906
1.09861228867
1.38629436112
1.94591014906
2.3978952728
1.38629436112
1.60943791243
1.09861228867
1.09861228867
1.60943791243
1.94591014906
0.0
2.19722457734
2.3978952728
0.0
0.0
1.60943791243
1.09861228867
2.19722457734
0.0
0.0
2.3978952728
2.07944154168
0.0
2.19722457734
0.0
1.94591014906
0.0
2.07944154168
0.0
1.09861228867
0.0
1.09861228867
2.19722457734
1.94591014906
0.0
0.0
1.09861228867
2.3978952728
1.38629436112
1.09861228867
1.09861228867
2.8903717579
2.94443897917
1.94591014906
2.19722457734
2.19722457734
0.0
2.63905732962
1.09861228867
2.3978952728
1.09861228867
0.0
1.79175946923
3.25809653802
0.0
0.0
1.94591014906
1.94591014906
0.0
0.0
0.69314718056
1.09861228867
1.38629436112
1.94591014906
2.19722457734
0.0
1.09861228867
1.60943791243
2.19722457734
1.09861228867
0.69314718056
1.94591014906
1.60943791243
2.3978952728
1.09861228867
1.09861228867
2.19722457734
1.60943791243
1.60943791243
1.60943791243
1.79175946923
1.38629436112
0.0
1.60943791243
2.19722457734
1.60943791243
2.19722457734
0.0
0.69314718056
0.0
3.21887582487
2.19722457734
1.09861228867
0.0
0.0
1.09861228867
1.38629436112
2.77258872224
0.0
1.09861228867
2.19722457734
1.09861228867
2.83321334406
2.63905732962
1.09861228867
1.38629436112
1.60943791243
1.60943791243
0.69314718056
1.09861228867
2.19722457734
2.3978952728
1.09861228867
1.09861228867
1.38629436112
0.69314718056
1.09861228867
2.3978952728
1.94591014906
1.60943791243
1.09861228867
0.0
1.09861228867
2.07944154168
1.60943791243
1.60943791243
3.21887582487
1.60943791243
1.38629436112
2.30258509299
0.0
1.60943791243
0.69314718056
1.94591014906
0.69314718056
2.3978952728
0.0
2.48490664979
1.09861228867
0.0
0.0
1.38629436112
2.48490664979
0.0
1.60943791243
0.0
0.0
1.60943791243
0.0
0.0
2.30258509299
2.19722457734
0.0
1.79175946923
0.0
2.63905732962
2.3978952728
2.3978952728
2.19722457734
1.09861228867
1.60943791243
2.19722457734
2.48490664979
1.38629436112
1.60943791243
1.09861228867
1.60943791243
1.60943791243
1.09861228867
2.56494935746
0.0
2.3978952728
0.0
0.0
0.0
1.60943791243
0.0
1.79175946923
2.48490664979
0.69314718056
1.60943791243
2.48490664979
2.8903717579
2.19722457734
2.3978952728
1.94591014906
2.30258509299
0.0
0.0
3.25809653802
1.60943791243
0.0
2.30258509299
2.94443897917
2.83321334406
1.60943791243
0.0
1.09861228867
2.3978952728
2.19722457734
1.38629436112
1.60943791243
2.07944154168
2.56494935746
0.0
1.09861228867
1.09861228867
2.30258509299
1.60943791243
1.38629436112
0.0
1.09861228867
1.60943791243
1.09861228867
2.63905732962
1.09861228867
1.09861228867
2.3978952728
2.3978952728
2.19722457734
2.3978952728
2.94443897917
1.94591014906
1.38629436112
0.0
1.79175946923
2.63905732962
0.69314718056
0.0
2.19722457734
1.09861228867
0.0
1.09861228867
0.69314718056
0.0
2.3978952728
1.60943791243
1.94591014906
2.7080502011
2.19722457734
1.94591014906
1.94591014906
1.94591014906
0.0
0.0
2.48490664979
0.69314718056
2.19722457734
2.3978952728
2.07944154168
1.60943791243
0.0
1.09861228867
1.09861228867
0.0
1.09861228867
1.09861228867
1.60943791243
1.60943791243
0.0
1.60943791243
0.0
0.0
0.0
1.38629436112
0.0
1.60943791243
1.79175946923
0.0
2.3978952728
1.60943791243
1.94591014906
0.0
0.0
2.19722457734
0.69314718056
2.30258509299
0.0
1.38629436112
2.8903717579
0.69314718056
0.0
2.3978952728
1.09861228867
3.21887582487
0.0
1.09861228867
0.0
1.38629436112
0.0
2.3978952728
1.60943791243
0.0
2.3978952728
2.3978952728
0.0
2.3978952728
2.19722457734
0.0
1.09861228867
0.0
0.0
0.0
1.79175946923
0.0
1.38629436112
2.19722457734
1.60943791243
0.0
2.56494935746
1.09861228867
2.63905732962
1.94591014906
1.09861228867
0.0
1.60943791243
0.0
0.69314718056
0.0
0.0
2.56494935746
2.19722457734
1.09861228867
0.0
0.0
0.0
1.60943791243
1.38629436112
0.0
1.09861228867
2.3978952728
1.38629436112
0.0
2.19722457734
2.3978952728
1.94591014906
2.07944154168
2.19722457734
0.0
1.94591014906
2.63905732962
1.79175946923
0.69314718056
2.56494935746
1.09861228867
0.0
2.3978952728
2.19722457734
1.60943791243
1.94591014906
2.3978952728
1.38629436112
1.94591014906
1.09861228867
0.0
1.94591014906
2.63905732962
2.19722457734
1.60943791243
0.69314718056
2.3978952728
0.0
1.79175946923
0.0
1.79175946923
1.38629436112
1.38629436112
2.7080502011
1.38629436112
1.79175946923
0.0
0.69314718056
1.60943791243
0.0
0.0
2.3978952728
0.0
2.7080502011
1.60943791243
1.38629436112
0.0
1.09861228867
0.0
1.60943791243
2.56494935746
2.3978952728
0.0
1.09861228867
2.07944154168
1.60943791243
2.83321334406
0.0
1.09861228867
2.3978952728
1.60943791243
1.60943791243
2.3978952728
0.0
1.60943791243
1.94591014906
1.79175946923
3.13549421593
0.69314718056
2.3978952728
0.0
1.09861228867
0.0
0.0
1.09861228867
1.38629436112
1.60943791243
2.19722457734
1.09861228867
2.07944154168
1.09861228867
0.0
1.79175946923
1.38629436112
0.69314718056
1.09861228867
1.38629436112
1.79175946923
0.0
0.0
0.69314718056
2.3978952728
1.60943791243
1.60943791243
1.38629436112
0.0
2.3978952728
2.56494935746
1.09861228867
1.09861228867
1.09861228867
0.0
1.60943791243
0.0
1.94591014906
0.0
1.79175946923
0.0
0.0
2.48490664979
2.56494935746
0.0
1.38629436112
2.19722457734
0.0
0.0
1.60943791243
1.38629436112
2.48490664979
2.8903717579
0.0
0.0
2.63905732962
1.94591014906
2.83321334406
2.48490664979
0.0
0.69314718056
1.94591014906
3.21887582487
1.94591014906
1.09861228867
2.3978952728
2.63905732962
2.07944154168
1.79175946923
1.09861228867
2.8903717579
1.09861228867
1.60943791243
0.69314718056
1.09861228867
1.09861228867
1.60943791243
2.07944154168
2.07944154168
1.09861228867
2.3978952728
0.0
0.0
2.19722457734
1.09861228867
1.94591014906
2.48490664979
2.3978952728
0.0
1.94591014906
0.0
0.0
1.60943791243
0.0
0.0
2.3978952728
2.83321334406
1.09861228867
0.0
1.38629436112
1.09861228867
1.60943791243
1.09861228867
1.38629436112
0.0
1.09861228867
0.0
0.0
1.60943791243
0.0
1.79175946923
0.0
1.60943791243
1.94591014906
0.0
2.83321334406
0.0
2.3978952728
1.09861228867
2.7080502011
0.0
0.0
2.19722457734
0.0
1.38629436112
1.60943791243
1.09861228867
2.3978952728
2.19722457734
1.60943791243
1.60943791243
0.0
0.0
1.09861228867
1.09861228867
1.09861228867
0.0
