0.8
1.0
1.0
1.0
0.0
1.0
1.0
1.0
1.0
0.941176470588
1.0
0.857142857143
0.666666666667
1.0
1.0
1.0
0.0
1.0
0.75
1.0
1.0
0.8
0.571428571429
1.0
1.0
1.0
1.0
1.0
0.5
1.0
0.909090909091
0.5
1.0
1.0
0.666666666667
1.0
1.0
1.0
0.333333333333
0.923076923077
0.909090909091
1.0
1.0
0.363636363636
1.0
1.0
1.0
0.75
1.0
1.0
1.0
1.0
0.666666666667
1.0
1.0
1.0
1.0
0.5
0.5
0.615384615385
0.181818181818
1.0
1.0
1.0
1.0
1.0
1.0
0.888888888889
1.0
1.0
1.0
0.666666666667
1.0
1.0
0.8
1.0
1.0
1.0
0.666666666667
1.0
1.0
1.0
1.0
1.0
0.0
1.0
1.0
0.5
1.0
1.0
0.0
0.4
0.333333333333
0.5
1.0
1.0
0.571428571429
1.0
1.0
1.0
0.0
1.0
1.0
1.0
1.0
1.0
1.0
1.0
1.0
1.0
1.0
0.0
1.0
0.8
0.6
1.0
1.0
0.5
1.0
0.666666666667
1.0
0.857142857143
0.75
1.0
1.0
1.0
0.857142857143
1.0
1.0
1.0
1.0
1.0
0.857142857143
1.0
1.0
1.0
1.0
1.0
1.0
0.5
0.8
1.0
1.0
0.909090909091
0.4
1.0
1.0
1.0
0.6
1.0
1.0
0.0
1.0
1.0
1.0
1.0
1.0
1.0
0.833333333333
1.0
1.0
1.0
1.0
1.0
1.0
1.0
1.0
1.0
1.0
1.0
0.0
0.0
1.0
1.0
1.0
1.0
0.0
1.0
1.0
1.0
0.818181818182
0.4
1.0
0.888888888889
1.0
0.0
1.0
1.0
1.0
1.0
1.0
1.0
1.0
1.0
0.666666666667
1.0
1.0
0.0
1.0
1.0
0.666666666667
0.5
1.0
1.0
1.0
1.0
1.0
0.75
1.0
1.0
1.0
1.0
1.0
0.75
1.0
1.0
1.0
0.857142857143
1.0
0.75
1.0
0.666666666667
1.0
0.857142857143
1.0
1.0
1.0
1.0
0.5
0.666666666667
1.0
1.0
1.0
0.6
0.0
1.0
0.0
0.941176470588
0.888888888889
1.0
1.0
1.0
1.0
0.769230769231
1.0
0.8
1.0
1.0
0.8
0.96
1.0
1.0
1.0
1.0
1.0
1.0
1.0
1.0
0.666666666667
0.666666666667
1.0
1.0
1.0
0.0
0.25
1.0
1.0
1.0
1.0
0.6
1.0
1.0
0.25
1.0
1.0
1.0
0.8
0.0
1.0
1.0
0.75
0.0
0.75
1.0
1.0
1.0
0.75
1.0
1.0
1.0
1.0
0.0
1.0
0.533333333333
1.0
0.0
0.75
1.0
0.625
0.769230769231
1.0
0.666666666667
1.0
0.5
1.0
1.0
0.75
1.0
1.0
1.0
0.666666666667
1.0
1.0
1.0
0.666666666667
1.0
1.0
1.0
1.0
0.571428571429
1.0
0.5
1.0
0.0
0.666666666667
0.888888888889
1.0
1.0
1.0
1.0
1.0
1.0
1.0
0.909090909091
0.0
1.0
1.0
0.666666666667
0.545454545455
1.0
0.5
1.0
1.0
1.0
1.0
1.0
0.666666666667
1.0
1.0
0.8
1.0
0.615384615385
1.0
1.0
0.25
1.0
1.0
1.0
0.545454545455
0.666666666667
1.0
1.0
1.0
1.0
1.0
1.0
1.0
0.6
1.0
1.0
1.0
1.0
1.0
0.0
0.727272727273
1.0
1.0
0.909090909091
0.823529411765
0.25
1.0
1.0
0.444444444444
1.0
1.0
0.96
1.0
1.0
0.666666666667
0.888888888889
0.625
0.5
1.0
0.0
0.6
0.25
0.0
1.0
1.0
1.0
1.0
1.0
1.0
0.888888888889
1.0
0.666666666667
1.0
1.0
1.0
1.0
0.615384615385
1.0
1.0
1.0
1.0
0.25
1.0
0.888888888889
1.0
0.666666666667
1.0
0.0
0.615384615385
1.0
1.0
1.0
1.0
1.0
1.0
1.0
1.0
1.0
1.0
0.666666666667
0.428571428571
0.75
1.0
1.0
1.0
1.0
1.0
0.909090909091
1.0
0.75
1.0
0.857142857143
1.0
1.0
1.0
1.0
1.0
1.0
1.0
1.0
1.0
1.0
1.0
1.0
1.0
1.0
1.0
1.0
1.0
0.4
1.0
0.8
1.0
1.0
1.0
1.0
1.0
1.0
0.888888888889
1.0
0.666666666667
0.941176470588
1.0
1.0
1.0
1.0
1.0
1.0
1.0
1.0
1.0
1.0
1.0
1.0
1.0
1.0
1.0
1.0
0.8
0.75
1.0
1.0
1.0
1.0
1.0
0.0
1.0
0.666666666667
1.0
1.0
1.0
0.5
1.0
0.923076923077
1.0
1.0
1.0
0.5
1.0
1.0
1.0
1.0
0.5
1.0
1.0
1.0
1.0
1.0
0.5
0.666666666667
1.0
1.0
1.0
0.0
1.0
1.0
0.8
1.0
0.857142857143
0.75
1.0
1.0
0.615384615385
0.8
1.0
1.0
0.0
1.0
0.6
1.0
0.5
1.0
1.0
1.0
1.0
1.0
1.0
1.0
0.615384615385
1.0
1.0
1.0
1.0
1.0
0.8
1.0
0.8
0.0
0.666666666667
0.571428571429
0.0
0.4
1.0
1.0
0.0
1.0
1.0
1.0
1.0
0.428571428571
0.5
0.666666666667
1.0
1.0
1.0
1.0
0.333333333333
1.0
1.0
1.0
0.285714285714
1.0
0.625
1.0
1.0
0.6
1.0
1.0
1.0
1.0
1.0
1.0
0.8
1.0
1.0
1.0
1.0
1.0
1.0
1.0
0.0
0.0
1.0
1.0
1.0
0.857142857143
1.0
1.0
0.8
0.666666666667
1.0
1.0
0.666666666667
0.4
1.0
1.0
1.0
1.0
1.0
1.0
0.666666666667
1.0
1.0
1.0
1.0
1.0
1.0
1.0
1.0
1.0
1.0
1.0
0.8
1.0
1.0
0.909090909091
0.666666666667
1.0
0.0
1.0
1.0
1.0
1.0
0.666666666667
0.909090909091
0.941176470588
1.0
1.0
0.615384615385
1.0
0.875
0.727272727273
1.0
1.0
1.0
0.916666666667
1.0
1.0
1.0
0.923076923077
0.857142857143
0.0
1.0
0.941176470588
1.0
0.5
1.0
1.0
1.0
1.0
0.571428571429
0.857142857143
1.0
0.8
1.0
1.0
0.75
1.0
1.0
0.727272727273
1.0
1.0
1.0
1.0
1.0
1.0
1.0
1.0
1.0
0.625
1.0
1.0
0.666666666667
1.0
1.0
0.0
0.666666666667
1.0
0.0
1.0
1.0
1.0
1.0
0.8
1.0
1.0
1.0
1.0
0.875
1.0
1.0
1.0
0.857142857143
1.0
1.0
0.75
1.0
0.666666666667
0.0
1.0
1.0
0.75
1.0
0.5
1.0
1.0
1.0
1.0
1.0
1.0
