0.920838451168
0.878448977698
0.910993133028
0.933582634907
0.793834278508
0.866916446944
0.903360421769
0.928655290459
0.865620204079
0.920456156041
0.96120922655
0.698945722389
0.94030670584
0.942075677429
0.717259997376
0.895709219115
0.629174065492
0.966837220156
0.764593877127
0.908422743195
0.902468122704
0.582895318677
0.868197770903
0.74617891918
0.825092685497
0.750485638962
0.377529269111
0.765113204205
0.959808942269
0.71082718833
0.902261766649
0.89182777597
0.905011280321
0.915033430899
0.806170923968
0.77060774101
0.692906854241
0.956088969453
0.791668997064
0.956421519718
0.846290687622
0.878215328583
0.999999992221
0.805066136565
0.864024448507
0.844271051484
0.999999988505
0.72605838516
0.918481079977
0.791988951737
0.876236109286
0.948011823591
0.909682127382
0.857668074205
0.684114818225
0.916664141926
0.717186692909
0.738718625898
0.642490348039
0.877739561101
0.742265721373
0.950172912136
0.924030621259
0.806326557554
0.963518509752
0.71742672981
0.863337892998
0.821258484346
0.821113708149
0.928147086765
0.936534744803
0.849530418618
0.888280136095
0.638672281874
0.863226508252
0.911224242715
0.731033687169
0.794274820194
0.695997388661
0.953927103879
0.907285661598
0.710514778865
0.912089567383
0.871263156842
0.805926845268
0.970996423291
0.893040595012
0.836007691119
0.821730943531
0.956088969453
0.805714885048
0.885093771657
0.768687117443
0.851637502512
0.742656497346
0.999999990315
0.848281107556
0.825457722832
0.999999987051
0.950398824287
0.83966432128
0.89713142909
0.865520815874
0.942199452047
0.986044371863
0.999999984855
0.81709132247
0.864292878184
0.947519350818
0.94999575551
0.847387250045
0.391604143696
0.911757279578
0.90372379401
0.939392485514
0.782820993548
0.885755166309
0.903863330366
0.942414150367
0.534803042654
0.162932049567
0.657556769153
0.768659160515
0.811065604199
0.931892645112
0.72976509124
0.769289125663
0.942907869662
0.825255144373
0.839775782485
0.844997431734
0.87114244553
0.701159633928
0.858906941536
0.946557474548
0.737110550735
0.90972024642
0.865003135955
0.663959887083
0.857293253346
0.932756585223
0.758407168796
0.835158620687
0.843582394483
0.775916677101
0.960608939102
0.875459978592
0.879082586806
0.931387045767
0.872656541829
0.908411084038
0.0247974773279
0.830038501515
0.938367869845
0.882406839475
0.841558972995
0.822949796242
0.999999987051
0.959858809615
0.732176208766
0.886476347577
0.802400778027
0.970426548753
0.917909521157
0.628213835564
0.857207418131
0.436628093321
0.95039624842
0.895356163236
0.880749376986
0.586893015761
0.0283985209794
0.890638714378
0.732007155995
0.923088199742
0.941812842737
0.568496586683
0.700762719949
0.824319313214
0.862384116273
0.874911952451
0.844028883761
0.81554121205
0.946683203107
0.784971680045
0.265275719292
0.937986386525
0.896797500547
0.753103545112
0.758409280068
0.782568700443
0.714384150681
0.893748837272
0.925673388084
0.921524360228
0.876236109286
0.812769242317
0.761808934899
0.920709574603
0.866408014758
0.762233150336
0.641329755148
0.532797760142
0.859238453513
0.999999987503
0.857933801662
0.894273913577
0.87615687809
0.764220913705
0.804661739499
0.452471061135
0.9649587711
0.924957753733
0.862138135487
0.793989123792
0.988833363081
0.894202735531
0.634657551654
0.802400778027
0.909804084975
0.470412711256
0.857123298505
0.864037448181
0.696772723658
0.812995667009
0.811001660568
0.956088969453
0.999999989427
0.957883333501
0.888040567384
0.871555830741
0.881908918642
0.813984552344
0.915811381658
0.478358816444
0.820575729419
0.0382715623751
0.925453136261
0.861984692034
0.876236109286
0.971134602176
0.885056202734
0.843938139838
0.837014463789
0.907710163867
0.925540361635
0.849602866336
0.939372179996
0.820326938525
0.965833673002
0.781913070718
0.858358467019
0.820235030706
0.922433462855
0.857542497431
0.999999988505
0.759514026108
0.905756872591
0.999999987503
0.974601203243
0.924526972176
0.885477508575
0.900595067756
0.813601213799
0.774123634872
0.852198354375
0.636199775827
0.934159248468
0.890298897108
0.76958221507
0.999999990876
0.644062700997
0.795395882993
0.77060774101
0.914737594522
0.852653059475
0.843499388664
0.834197970419
0.796474460028
0.985418274474
0.749985284577
0.790368893317
0.923160826877
0.999999992347
0.878572626286
0.889682886374
0.888178064792
0.939113520188
0.970426548753
0.851643127729
0.970996423291
0.739262591467
0.88283146271
0.856428320314
0.902714742674
0.0283985209794
0.996789264772
0.918806830147
0.856428320314
0.869530399416
0.846315415802
0.616811098997
0.706872278703
0.864137918943
0.776689122586
0.834752596342
0.69250528618
0.677785475205
0.880263391071
0.999999992737
0.942220048692
0.885966488811
0.818331046485
0.76868260672
0.819796772905
0.887159222456
0.785776657837
0.922585072164
0.793868442811
0.661533369902
0.877993783652
0.855376069546
0.95959372167
0.800473248867
0.731033687169
0.939693781376
0.74956556777
0.922061304466
0.848494762647
0.793495782275
0.715173421045
0.866679894964
0.654325264493
0.892669169695
0.0339140364503
0.385638378975
0.892940439282
0.886948548261
0.870367587931
0.435658683866
0.824942483881
0.753713204957
0.947453231554
0.880658913636
0.831028302291
0.901120488412
0.953874844012
0.911686152481
0.74785339397
0.899731311022
0.836465639479
0.910322122532
0.755932719764
0.636315404937
0.810276098536
0.829496869163
0.930965580324
0.971134602176
0.75721926355
0.954679074183
0.796119781092
0.847416751879
0.808718542435
0.933588187852
0.850111601361
0.938231711405
0.875515646853
0.934072772407
0.656395078957
0.835868517352
0.779015144692
0.845656360443
0.746317633708
0.568630881824
0.906335502183
0.888929484976
0.936312196648
0.828117433472
0.94663674366
0.774123634872
0.76868260672
0.929319712516
0.793461598553
0.777516822054
0.717633345082
0.994622562502
0.705123785238
0.778917349758
0.716755747056
0.786968967624
0.866179645734
0.874192970858
0.891755616756
0.812858232128
0.930386053437
0.723340558699
0.352683236984
0.896237685345
0.804810896837
0.955764360771
0.435658683866
0.887811648023
0.774105409279
0.927483899672
0.941008092465
0.8055008276
0.841386493892
0.913875263047
0.910813436596
0.79336707169
0.886546050984
0.999999990315
0.979835098497
0.76868260672
0.883473429424
0.948001929726
0.836638569988
0.81745675252
0.92639307438
0.8055008276
0.241691019989
0.5968733926
0.886663701088
0.90441908628
0.833632474083
0.966319365379
0.953347073017
0.800393146651
0.924030621259
0.890119646315
0.771612101983
0.839208704711
0.708460439702
0.779038039347
0.796203263267
0.750322894653
0.869318821369
0.736804100423
0.850576461616
0.825316880489
0.470412711256
0.832758335844
0.913254729635
0.665462333051
0.818583415676
0.720121808987
0.94883674751
0.708741017271
0.940398386405
0.980776796888
0.848079490989
0.879850149065
0.850111601361
0.910993133028
0.933939979117
0.854831128447
0.94206532207
0.779015144692
0.794449369214
0.790726842902
0.839697556772
0.708741017271
0.613107692583
0.844028883761
0.848346864219
0.933660136324
0.625819716577
0.919184997234
0.930983629773
0.874121609511
0.941273734946
0.694562827033
0.840545006621
0.852796450072
0.870483690311
0.94663674366
0.844970121729
0.862121261876
0.856769172484
0.960882126015
0.981686715086
0.881904246528
0.788934215358
0.813483606494
0.829168882817
0.799492423277
0.866679894964
0.852313078376
0.690142556689
0.888961642519
0.907228912483
0.764182224844
0.693625064363
0.69634155209
0.840355741166
0.796969820268
0.860441859435
0.72890789019
0.732958116534
0.684162965416
0.918701913234
0.999999990315
0.905552629109
0.900540704237
0.672639976251
0.86703732787
0.820575729419
0.9514914048
0.822338906239
0.86747796778
0.941142666071
0.845214967186
0.900312448474
0.784255255273
0.807045155961
0.676609704817
0.804224374543
0.878829112818
0.719974744647
0.783434695431
0.750881352944
0.8832570363
0.738418050715
0.73554510085
0.62022139487
0.703811881747
0.864916344865
0.798732982217
0.772710937163
0.883332947146
0.658156561699
0.935357156092
0.784538452046
0.795839545391
0.707678153478
0.923843375936
0.745134395734
0.906086941441
0.813850032766
0.950951299277
0.0144369764696
0.707903193262
0.860539658595
0.816802126433
0.76299015917
0.934989540512
0.891643053566
0.82212742412
0.884704364875
0.644548570981
0.914221505256
0.733442805631
0.895292395541
0.919367524532
0.933187247491
0.926719005866
0.882470834671
0.91216144212
0.844183125845
0.750515172665
0.87846448623
0.420625458143
0.741781012806
0.911104923834
0.65266574961
0.884605841274
0.40540870108
0.842285589376
0.767768017879
0.953927103879
0.800573720416
0.95503212473
0.849389544943
0.768280735269
0.856709026439
0.870483690311
0.469814384543
0.834408653634
0.777516822054
0.989794509058
0.768516609971
0.741174724444
0.866358441632
0.902419404836
0.735727296281
0.985418274474
0.856428320314
0.882451144278
0.92861420444
0.676015383667
0.858278372111
0.834402982607
0.884641335396
0.872405499586
0.934739821407
0.923843375936
0.875489686055
0.984825510413
0.877232109683
0.45930106139
0.784971680045
0.999999987051
0.894946967907
0.789673254643
0.751790307329
0.340136256241
0.875848447791
0.854963078949
0.910833717715
0.721523695629
0.913373306358
0.71797868437
0.893524635566
0.800203900647
0.838068780513
0.999999992221
0.905152753974
0.885093771657
0.786851614265
0.903464773496
0.71575970895
0.890138704478
0.927876596149
0.794118393945
0.800203900647
0.844481730226
0.818583415676
0.888280136095
0.900120750606
0.946743211955
0.999999992221
0.844119588594
0.941830848347
0.638586253985
0.853626571359
0.931085629176
0.867834467007
0.815677720851
0.866603241796
0.888280136095
0.86079114712
0.933407234552
0.402065994454
0.909804084975
0.932745453711
0.956088969453
0.83827782852
0.870483690311
0.875530223412
0.941538141116
0.855327543463
0.848079490989
0.861984692034
0.863809721879
0.840548480219
0.821125510824
0.689154998163
0.86450083882
0.779716899337
0.963125405771
0.811301077996
0.867798597137
0.847298946842
0.934685842843
0.769534810365
0.566680242298
0.818331046485
0.956299456223
0.81404472494
0.860752707728
0.671199420291
0.772690526348
0.912127219475
0.891890476157
0.761294424159
0.759225639169
0.602629579503
0.925910281987
0.804661739499
0.999999984855
0.754991200785
0.999999990876
0.889438337102
0.75764357535
0.636315404937
0.854592618485
0.847562626975
0.881908918642
0.75160066356
0.754915363199
0.857625314785
0.740125888642
0.582089697278
0.856428320314
0.81468338037
0.911948935161
0.882697483237
0.758103554641
0.900085772323
0.0366343272706
0.94030670584
0.764832185492
0.838809941801
0.790726842902
0.922585072164
0.899505812939
0.896489405273
0.701517082223
0.878438722487
0.999999987503
0.777121045585
0.736356268763
0.861984692034
0.999999984855
0.921928473844
0.811294374422
0.906379601437
0.815247361097
0.797185048883
0.975949259989
0.767002341644
0.794489569161
0.769101910037
0.999999989427
0.854237344005
0.509868261679
0.939920172036
0.884764694488
0.853857878116
0.830098952547
0.925718641216
0.999999990315
0.723401877497
0.556782657442
