0.666666666667
0.666666666667
0.689655172414
0.761904761905
0.461538461538
0.7
0.47619047619
0.48
0.578947368421
0.761904761905
0.740740740741
0.466666666667
0.909090909091
0.848484848485
0.636363636364
0.494117647059
0.357142857143
0.758620689655
0.461538461538
0.5
0.511627906977
0.296296296296
0.758620689655
0.545454545455
0.769230769231
0.346153846154
0.117647058824
0.512820512821
0.838709677419
0.434782608696
0.690909090909
0.5625
0.631578947368
0.5625
0.529411764706
0.571428571429
0.292682926829
0.780487804878
0.30303030303
0.651162790698
0.571428571429
0.620689655172
1.0
0.369230769231
0.55
0.341463414634
1.0
0.421052631579
0.774193548387
0.55
0.823529411765
0.733333333333
0.689655172414
0.518518518519
0.266666666667
0.75
0.727272727273
0.444444444444
0.325581395349
0.625
0.418604651163
0.739130434783
0.714285714286
0.516129032258
0.857142857143
0.606060606061
0.561797752809
0.565217391304
0.636363636364
0.65625
0.666666666667
0.6
0.654545454545
0.235294117647
0.549019607843
0.645161290323
0.571428571429
0.387096774194
0.380952380952
0.714285714286
0.619047619048
0.536585365854
0.603174603175
0.584269662921
0.461538461538
0.882352941176
0.588235294118
0.4
0.615384615385
0.780487804878
0.511627906977
0.75
0.375
0.631578947368
0.352941176471
1.0
0.666666666667
0.5
1.0
0.777777777778
0.604651162791
0.549019607843
0.509803921569
0.758620689655
0.967741935484
1.0
0.64
0.333333333333
0.666666666667
0.790697674419
0.625
0.2
0.604651162791
0.620689655172
0.765957446809
0.5
0.526315789474
0.6
0.785714285714
0.181818181818
0.0
0.333333333333
0.457142857143
0.307692307692
0.682926829268
0.5
0.518518518519
0.716417910448
0.564102564103
0.6
0.549019607843
0.606741573034
0.315789473684
0.620689655172
0.627450980392
0.339622641509
0.484848484848
0.55
0.380952380952
0.514285714286
0.727272727273
0.526315789474
0.615384615385
0.48
0.608695652174
0.848484848485
0.363636363636
0.75
0.723404255319
0.5
0.727272727273
0.0
0.4375
0.875
0.578947368421
0.666666666667
0.48275862069
1.0
0.666666666667
0.416666666667
0.72
0.526315789474
0.9
0.75
0.333333333333
0.5
0.0
0.666666666667
0.711111111111
0.52
0.285714285714
0.0
0.733333333333
0.666666666667
0.827586206897
0.65625
0.37037037037
0.181818181818
0.571428571429
0.666666666667
0.684210526316
0.695652173913
0.266666666667
1.0
0.521739130435
0.0952380952381
0.769230769231
0.75
0.551724137931
0.416666666667
0.181818181818
0.45
0.714285714286
0.376811594203
0.5625
0.823529411765
0.75
0.5
0.734693877551
0.588235294118
0.571428571429
0.444444444444
0.0
0.642857142857
1.0
0.8
0.714285714286
0.758620689655
0.487804878049
0.292682926829
0.25
0.857142857143
0.75
0.647058823529
0.410256410256
0.941176470588
0.658536585366
0.333333333333
0.526315789474
0.631578947368
0.285714285714
0.666666666667
0.583333333333
0.315789473684
0.615384615385
0.705882352941
0.75
1.0
0.838709677419
0.571428571429
0.625
0.777777777778
0.666666666667
0.652173913043
0.260869565217
0.4
0.0
0.78125
0.789473684211
0.823529411765
0.909090909091
0.648648648649
0.666666666667
0.424242424242
0.376811594203
0.810810810811
0.8
0.75
0.583333333333
0.829268292683
0.444444444444
0.645161290323
0.610169491525
0.730769230769
0.692307692308
1.0
0.555555555556
0.75
1.0
0.952380952381
0.685714285714
0.4375
0.709677419355
0.5
0.571428571429
0.533333333333
0.666666666667
0.76
0.545454545455
0.275862068966
1.0
0.173913043478
0.592592592593
0.571428571429
0.494382022472
0.620689655172
0.571428571429
0.666666666667
0.615384615385
0.818181818182
0.48
0.473684210526
0.666666666667
0.888888888889
0.642857142857
0.75
0.65
0.723404255319
0.85
0.375
0.882352941176
0.533333333333
0.606060606061
0.75
0.576923076923
0.0
0.909090909091
0.576271186441
0.75
0.64
0.516129032258
0.153846153846
0.526315789474
0.514285714286
0.333333333333
0.727272727273
0.315789473684
0.769230769231
0.75
1.0
0.622950819672
0.486486486486
0.533333333333
0.536585365854
0.740740740741
0.695652173913
0.48275862069
0.8
0.466666666667
0.387096774194
0.642857142857
0.4
0.904761904762
0.58064516129
0.533333333333
0.736842105263
0.5
0.666666666667
0.244897959184
0.301886792453
0.333333333333
0.509803921569
0.47619047619
0.654545454545
0.0
0.142857142857
0.551724137931
0.6
0.477611940299
0.235294117647
0.5
0.324324324324
0.666666666667
0.666666666667
0.620689655172
0.628571428571
0.761904761905
0.695652173913
0.190476190476
0.620689655172
0.545454545455
0.708333333333
0.487804878049
0.740740740741
0.375
0.516129032258
0.565217391304
0.909090909091
0.461538461538
0.688524590164
0.5
0.666666666667
0.571428571429
0.65
0.47619047619
0.697674418605
0.5
0.765957446809
0.111111111111
0.666666666667
0.608695652174
0.666666666667
0.48
0.357142857143
0.689655172414
0.540540540541
0.666666666667
0.645161290323
0.8125
0.571428571429
0.536585365854
0.682926829268
0.375
0.48
0.190476190476
0.9
0.47619047619
0.384615384615
0.48
0.702702702703
0.764705882353
0.592592592593
0.55
0.5
0.723404255319
0.48275862069
0.181818181818
0.772727272727
0.592592592593
0.642857142857
0.235294117647
0.358208955224
0.555555555556
0.702702702703
0.7
0.588235294118
0.285714285714
0.758620689655
0.689655172414
0.47619047619
0.625
0.75
0.820512820513
0.536585365854
0.609756097561
0.723404255319
0.461538461538
0.684210526316
0.682926829268
0.588235294118
0.0
0.344827586207
0.595744680851
0.8
0.266666666667
0.758620689655
0.666666666667
0.666666666667
0.714285714286
0.857142857143
0.387096774194
0.689655172414
0.428571428571
0.538461538462
0.666666666667
0.541666666667
0.780487804878
0.346153846154
0.586206896552
0.666666666667
0.285714285714
0.645161290323
0.555555555556
0.375
0.625
0.415094339623
0.7
0.5
0.666666666667
0.769230769231
0.666666666667
0.689655172414
0.47619047619
0.689655172414
0.857142857143
0.285714285714
0.666666666667
0.608695652174
0.181818181818
0.545454545455
0.545454545455
0.5
0.333333333333
0.695652173913
0.642857142857
0.727272727273
0.333333333333
0.65
0.69696969697
0.333333333333
0.782608695652
0.266666666667
0.452830188679
0.444444444444
0.705882352941
0.825396825397
0.222222222222
0.488372093023
0.595744680851
0.740740740741
0.904761904762
0.769230769231
0.428571428571
0.545454545455
0.58064516129
0.545454545455
0.52
0.571428571429
0.344827586207
0.675
0.642857142857
0.5
0.615384615385
0.434782608696
0.470588235294
0.428571428571
0.43137254902
0.344827586207
0.333333333333
0.242424242424
0.470588235294
0.75
0.666666666667
0.613636363636
0.47619047619
0.590909090909
0.4
0.619047619048
0.756756756757
0.625
0.69696969697
0.545454545455
0.714285714286
0.272727272727
0.545454545455
0.27027027027
0.432432432432
0.540540540541
0.47619047619
0.5
0.666666666667
0.564102564103
0.470588235294
0.6875
0.333333333333
0.421052631579
0.583333333333
0.5
0.521739130435
0.590909090909
0.615384615385
0.734693877551
0.436363636364
0.470588235294
0.388888888889
0.76
0.540540540541
0.594594594595
0.291666666667
0.641975308642
0.0
0.4
0.722222222222
0.588235294118
0.545454545455
0.7
0.691358024691
0.645161290323
0.823529411765
0.333333333333
0.857142857143
0.339622641509
0.666666666667
0.666666666667
0.565217391304
0.8
0.814814814815
0.564102564103
0.58064516129
0.263157894737
0.63829787234
0.181818181818
0.647058823529
0.758620689655
0.263157894737
0.571428571429
0.235294117647
0.478260869565
0.444444444444
0.714285714286
0.521739130435
0.866666666667
0.448979591837
0.390243902439
0.647058823529
0.705882352941
0.285714285714
0.8
0.48
0.944444444444
0.486486486486
0.52380952381
0.470588235294
0.31884057971
0.277777777778
0.909090909091
0.75
0.5625
0.56
0.432432432432
0.689655172414
0.642857142857
0.538461538462
0.512195121951
0.758620689655
0.775510204082
0.551724137931
0.926829268293
0.666666666667
0.461538461538
0.521739130435
1.0
0.574712643678
0.181818181818
0.536585365854
0.0952380952381
0.494117647059
0.636363636364
0.709677419355
0.285714285714
0.366197183099
0.666666666667
0.533333333333
0.75
0.355555555556
1.0
0.620689655172
0.75
0.416666666667
0.484848484848
0.322580645161
0.758620689655
0.7
0.620689655172
0.857142857143
0.608695652174
0.606060606061
0.654545454545
0.352941176471
0.8125
1.0
0.387096774194
0.758620689655
0.380952380952
0.64406779661
0.646153846154
0.586206896552
0.5
0.424242424242
0.654545454545
0.541666666667
0.75
0.181818181818
0.684210526316
0.528301886792
0.75
0.571428571429
0.588235294118
0.602409638554
0.819672131148
0.375
0.666666666667
0.789473684211
0.8
0.666666666667
0.634146341463
0.526315789474
0.615384615385
0.346153846154
0.904761904762
0.7
0.555555555556
0.571428571429
0.635294117647
0.444444444444
0.37037037037
0.533333333333
0.857142857143
0.4375
0.5625
0.526315789474
0.375
0.307692307692
0.568181818182
0.424242424242
0.444444444444
0.25
0.736842105263
0.3
1.0
0.470588235294
1.0
0.585365853659
0.487804878049
0.740740740741
0.64
0.55737704918
0.777777777778
0.47619047619
0.608695652174
0.424242424242
0.416666666667
0.692307692308
0.75
0.5
0.490566037736
0.620689655172
0.444444444444
0.55
0.0
0.909090909091
0.421052631579
0.47619047619
0.521739130435
0.8
0.5
0.625
0.384615384615
0.666666666667
1.0
0.705882352941
0.461538461538
0.789473684211
1.0
0.827586206897
0.533333333333
0.654545454545
0.64
0.4
0.857142857143
0.2
0.588235294118
0.390243902439
1.0
0.43137254902
0.363636363636
0.717948717949
0.577777777778
0.714285714286
0.555555555556
0.518518518519
1.0
0.645161290323
0.444444444444
