0.103846961831
0.142858820128
0.0460545744973
0.032104944784
0.127301263857
0.099579673633
0.208231902631
0.252902502892
0.242381723917
0.0362772648176
0.103164875285
0.252531642683
0.0
0.00654438044765
0.286210607264
0.185132807724
0.0470709695554
0.105331304473
0.210064565158
0.108985686089
0.114042123455
0.0420495989467
0.0866228087892
0.317927528931
0.115243831898
0.179602922446
0.233544560753
0.298011205934
0.130443005371
0.0920270018297
0.206085584335
0.361442294246
0.0771138441279
0.10306349103
0.115554131188
0.127555168589
0.123573809701
0.100142475985
0.217830671472
0.0454222634842
0.178286918404
0.0531330923894
0.0784960921899
0.19315279086
0.100247152041
0.0123408123141
0.0
0.0887192124905
0.0453156536867
0.153730925931
0.118790333198
0.0739248392642
0.204409547933
0.148997704024
0.0588380701306
0.0890248050767
0.242812336631
0.551286209708
0.020511437078
0.262474124293
0.223649412816
0.0375627262546
0.169278948235
0.0676110553973
0.0719182176769
0.155901119235
0.0943117926538
0.314877088453
0.088526086948
0.0318157260359
0.0757923427235
0.16423861512
0.112221039529
0.283969927503
0.113352248372
0.155962782769
0.336404541853
0.0150218997089
0.254076740354
0.0530116933552
0.0451906469238
0.0878420804011
0.150197804144
0.0122451193523
0.104839155914
0.0439375814959
0.151671798241
0.356406962533
0.0255016276052
0.103907546427
0.158956103944
0.00832414560382
0.0257127395973
0.169601990603
0.273198194063
0.0
0.0127847281986
0.114946671068
0.0
0.101455472832
0.172090078496
0.00273520690205
0.00245503290445
0.104079970841
0.0671390457825
0.0
0.159902332663
0.11637402654
0.0389009035012
0.0191395767696
0.217497642395
0.00753702178507
0.000884803188301
0.135695199436
0.045088224357
0.329532498374
0.0115258082646
0.367280650137
0.137074542963
0.209320960061
0.139344153942
0.157102363307
0.134718810399
0.154050748839
0.0557162037658
0.418323565446
0.129975833855
0.048960668256
0.0459147184474
0.288517885922
0.151009793598
0.0250856085634
0.150134617584
0.274968166821
0.185420985058
0.170626046904
0.10766429514
0.106009936753
0.111057003929
0.154557139309
0.0813033056597
0.176638616886
0.120285515631
0.217940103213
0.0418273023337
0.0824512686462
0.14869714956
0.0348700777345
0.0786870482432
0.366835309585
0.00525653040881
0.958037758495
0.0954230711851
0.0212324763748
0.191121075252
0.182427609258
0.0785280862282
0.0
0.02371094908
0.358652973145
0.0550222295617
0.0429237962297
0.00676994246785
0.0736231611059
0.00404074382538
0.184038205273
0.130573713954
0.0911068176293
0.0464894923293
0.0176440186159
0.023626710934
0.960124621537
0.072191573284
0.123196870552
0.0535076907969
0.0256883233924
0.0477915611579
0.0464879635123
0.0785842529765
0.101106328773
0.0687876742804
0.0403031947831
0.0258315829751
0.0
0.0266120689473
0.0624887457401
0.060724304727
0.0451310829673
0.0740544730281
0.0777266467445
0.0622144928632
0.0785756936115
0.191858696555
0.194919845391
0.0182010189671
0.111849662486
0.0116480960398
0.00955012515694
0.033150785878
0.164187149955
0.203686432206
0.257031385156
0.0547274523612
0.145241024179
0.0
0.0413902259978
0.102090560737
0.155967569252
0.171275947441
0.0731375056272
0.12747763953
0.0887849238422
0.122190808219
0.0938848455327
0.317223189964
0.0527829194967
0.0643070612953
0.157880639152
0.0854598031432
0.0596984370107
0.0726964791457
0.116780862595
0.218263039481
0.099596902227
0.122472661548
0.163289419552
0.0722897808041
0.0
0.0801384541443
0.0447995932224
0.196410979018
0.109279686165
0.182080296113
0.00888038556135
0.158416471341
0.218103648009
0.95889786105
0.0616315204416
0.153964025796
0.106456925385
0.0148286442205
0.0445490731195
0.0481807241043
0.167919740024
0.179908516938
0.02624910757
0.212774376898
0.0489040170906
0.0650704428613
0.0125179620826
0.0061170295858
0.0640056489002
0.0445172508467
0.122773604502
0.129588703923
0.0
0.317519150762
0.119905993184
0.0
1.96402859817e-16
0.147581685756
0.215260586589
0.118363606303
0.0715354679653
0.207852920627
0.223737154285
0.182060419712
0.0481112513982
0.0905109043049
0.438422559616
0.0
0.43256440268
0.179364533933
0.0893385230266
0.0495892715298
0.153605550897
0.246091610706
0.128679882209
0.117833800837
0.0154142510808
0.164114228938
0.186658339245
0.0459983592376
0.0970134267131
0.227650136232
0.0249021135011
0.20312525831
0.132064074111
0.01231723185
0.178903836542
0.0475765241737
0.0539753653207
0.338311651817
0.36864242419
0.236706869893
0.961141729114
0.0145494726054
0.158854165782
0.37900456458
0.317049861857
0.243845802167
0.197602000411
0.543244766486
0.176681716217
0.10793660334
0.217210448433
0.150821453356
0.237747199702
0.224463938956
0.0
0.0381319712206
0.0427890099933
0.227409738328
0.199213723893
0.0293099603079
0.146932272858
0.00384878174317
0.105646098771
0.00971892073666
0.0755535348412
0.0359514250113
0.39176114379
0.0838629545742
0.417570324673
0.336404541853
0.0303708466033
0.203951324163
0.00412743587489
0.0549812182275
0.133331543844
0.0377882749527
0.175267185794
0.305026871952
0.101930254483
0.961140112739
0.504411464203
0.1412973114
0.186993093345
0.190456910914
0.175530815638
0.145715892097
0.128525472673
0.193185702394
0.125819482401
0.358435903259
0.0292386888449
0.110206543393
0.157125684388
0.167842250916
0.131098502416
0.0392185544196
0.246504370604
0.173931630314
0.298139908553
0.191999354441
0.0746083958038
0.0335674583474
0.0148286442205
0.121612184361
0.0993104739351
0.128485695588
0.0165924760018
0.0392590558518
0.128278956872
0.27966064421
0.0526623388525
0.316292117522
0.0491924481465
0.0596600163661
0.12852533385
0.0929338057691
0.0776849712077
0.0605586694563
0.0823775985931
0.113562652737
0.0143533663837
0.00348197557822
0.0176835949666
0.0256727222508
0.176086082617
0.216057682357
0.0439847131979
0.205874736631
0.0338796817984
0.172211265499
0.0102663394175
0.0665520084485
0.022107696848
0.153355479773
0.207563140923
0.307671206806
0.369498042722
0.0794432866923
0.140577797451
0.0502768897055
0.18976197114
0.0929675324991
0.0847940258022
0.16414975995
0.000397028141573
0.172782716291
0.239316236076
0.0369196109153
0.0113721944431
0.103140302255
0.263242013907
0.00665755631259
0.217325833365
0.0338741380575
0.252556480959
0.24572699993
0.0669908412969
0.0937211769743
0.199213723893
0.024348676854
0.0558094422673
0.164591982069
0.168973383334
0.066716249438
0.229706379592
0.0958587499121
0.00350885295556
0.228869370712
0.0812487659839
0.224340993469
0.126693670402
0.0921254668232
0.04314724809
0.181471939953
0.0284018427174
0.0337343931109
0.073368762186
0.137653987898
0.095281209561
0.325798811539
0.152273740103
0.0193491922589
0.205893436068
0.0205813159413
0.181965082888
0.0564576710099
0.0523201548382
0.00311069694009
0.0110092817038
0.0617245152841
0.16370046715
0.126137175568
0.186341355911
0.0579230204897
0.073048525006
0.0177139618412
0.235766094417
0.27966064421
0.0477163822097
0.253567966966
0.00839149029505
0.180689066102
0.0911978774645
0.0706366790115
0.0278767687149
0.372919762826
0.288321189344
0.00559033192166
0.0324539892151
0.195770727505
0.030998138848
0.0203057202288
0.108556664061
0.0748060900458
0.0780371022219
0.135745446944
0.0295976766165
0.00847187612644
0.0194142625662
0.282047495871
0.00898112276254
0.00551229530777
0.178211150314
0.336357553762
0.0840328507533
0.0496825555478
0.174536410264
0.265749060019
0.303619004773
0.427600634174
0.00205760666501
0.18597141366
0.05668815949
0.129857592714
0.0741285613306
0.0592151754508
0.0590702043406
0.255725982157
0.0816359381765
0.108277811349
0.310164045349
0.0485199320972
0.214318187099
0.168706603643
0.456258847355
0.190753363408
0.0715608573236
0.143874974074
0.000855593167347
0.457949195508
0.187765846244
0.260257454474
0.0159892170386
0.118467150083
0.0841516504582
0.0507364235047
0.133061394827
0.0992334217712
0.000814205601988
0.0523395827363
0.149542984018
0.0171857292068
0.0718986659118
0.126702955264
0.162532969553
0.318435449782
0.0626727845634
0.405102969175
0.0292447707289
0.210591196503
0.118631616231
0.292734512929
0.158155613406
0.00701620351687
0.277493119464
0.282922726812
0.0488028510347
0.254963058144
0.087036587808
0.205181148263
0.0664927844835
0.117527709418
0.289353074669
0.112353123611
0.097453634073
0.959722613261
0.367685082438
0.101274961348
0.239191707585
0.182466110023
0.114177047931
0.0593658097417
0.358004437516
0.12008577531
0.0771610092144
0.0812667668114
0.147865391617
0.232571762135
0.134029899691
0.0466601947896
0.117815930729
0.0776148233157
0.0625315024965
0.162834635362
0.134179723224
0.227945166202
0.101635546839
0.162999409243
0.114205008944
0.154549994321
0.126930002802
0.178386186934
0.0752747713943
0.264436399596
0.0530116933552
0.213441144021
0.156137495605
0.0563427121904
0.181141532849
0.194782127782
0.305464361197
0.219912004824
0.306782815299
0.0320911307241
0.0071559408652
0.0143437370451
0.208944457983
0.0126210112133
0.170121125095
0.36999823093
0.0172227979271
0.36864242419
0.0102932194735
0.266577261261
0.220751620387
0.14212017237
0.0767908181745
0.0532774127272
0.20311163825
0.0678948753099
0.0263552537626
0.140380985376
0.00266162149877
0.166678091053
0.323230331787
0.00294381100469
0.0
0.155000240741
0.0960269001848
0.0641731439819
0.126788389343
0.0954278901128
0.189516825016
0.0689901794559
0.300150359614
0.157296059522
0.27735050333
0.170404972315
0.256002078131
0.000795687655045
0.115481866754
0.21898307344
0.00832414560382
0.0613661198923
0.0497345471057
0.0183819404905
0.111863720915
0.117265313639
0.0542551395642
0.282650715917
0.259060778739
0.0162680096174
0.127880540749
0.22790242434
0.0713049239212
0.00544629022308
0.247485107077
0.0501607857748
0.0254667076198
0.0431853640641
0.0636058304435
0.0871995094525
0.16941551898
0.138156520787
0.0817736294922
0.227303727137
0.202918190113
0.18232599351
0.0596984370107
0.135302442236
0.1088635296
0.316561562607
0.238163622371
0.0165735780393
0.00213201096579
0.115887338285
0.0235678506666
0.153964025796
0.00832920954428
0.149330633881
0.203872595732
0.626328453151
0.124644824023
0.204618926887
0.10171089559
0.045741018777
0.0639343548912
0.158642835101
0.0649649433854
0.203866100581
0.0229353318885
0.215602568557
0.00185170346113
0.122158157964
0.285607778505
0.255400282653
0.230289359919
0.268572467945
0.00889120570505
0.0481319123152
0.0320654430055
0.2224262909
0.0777205762997
0.0675153385655
0.073057073695
0.0729027727427
0.0
0.0990696403271
0.140992910002
0.298139908553
0.00731112077061
0.106067019982
0.109279686165
0.419052352745
0.036425945065
0.178278558644
0.169860202417
0.225381443751
0.381783105705
0.24225701209
0.141716895114
0.264691370585
0.434302302723
0.274119578249
0.959220314
0.0
0.0608300947313
0.0936032619777
0.0734456617338
0.119875300141
0.103474832594
0.084093277985
0.0665465490124
0.120588219857
0.0
0.27881055119
0.334694284797
0.153964025796
0.0
0.108681043328
0.250594543958
0.10325781943
0.0710971882227
0.0352978884791
0.108313608615
0.136948016466
0.22233531603
0.0746926233763
0.0
0.182056319263
0.243462850802
0.17812544148
0.000955343364041
0.0420361841657
0.072847433172
0.102366215808
0.0
0.0439638449509
0.304177097222
