0.866200873362
0.763824815769
0.817467248908
0.835387962292
0.639317276035
0.784336362017
0.681447288665
0.684900906517
0.71374856956
0.880107665435
0.831050228311
0.697922216303
0.917293233083
0.89898989899
0.786416443253
0.783251376579
0.638062807416
0.882419064748
0.709350672328
0.684290604793
0.684464952758
0.432344403942
0.858100300439
0.710447761194
0.804597701149
0.619976623943
0.448032377508
0.621606008088
0.876567656766
0.542744976497
0.883315541601
0.773139541434
0.814560254441
0.657996383958
0.667773926439
0.656422465101
0.581941793893
0.880604014256
0.549308448592
0.836579692311
0.68449922818
0.835465024475
1.0
0.596524669137
0.784190106693
0.687723365208
1.0
0.704095112285
0.930197835013
0.802265841128
0.862745098039
0.875476493011
0.722375563529
0.770953512046
0.621944320381
0.912280701754
0.832067510549
0.583454203018
0.606869024728
0.812877326388
0.654374612344
0.920721955677
0.835562816978
0.735849056604
0.959459459459
0.802544529262
0.806210250655
0.730529765156
0.798336798337
0.812980461243
0.820280669986
0.803894571204
0.858358112476
0.560170807453
0.778438170712
0.844398766701
0.733944954128
0.668116506535
0.618244703848
0.892857142857
0.788558698333
0.695453304484
0.835978835979
0.800509483975
0.639018624229
0.961538461538
0.824645316327
0.777753802999
0.748492840995
0.880604014256
0.694991219563
0.809012875536
0.523684781751
0.699752562743
0.627470005699
1.0
0.757346600332
0.750873879461
1.0
0.924700026004
0.790061882331
0.654487632509
0.651195266272
0.882445493369
0.978723404255
1.0
0.733118090206
0.635540822408
0.865688615945
0.850012354831
0.781113460183
0.5017336551
0.763565891473
0.840784313725
0.882855191257
0.736842105263
0.69938953968
0.745699045902
0.846137699412
0.390960056062
0.246822742475
0.676994577847
0.621621621622
0.595967139656
0.853256882505
0.682703293011
0.749111584932
0.872894333844
0.747069710056
0.806836345752
0.784745096111
0.789272548717
0.568998628258
0.778433148854
0.772953338921
0.650359153562
0.643230714371
0.752146375792
0.595227828087
0.757297509736
0.863370547581
0.683189532998
0.721271929825
0.770575192989
0.695652173913
0.935211267606
0.683762597984
1.0
0.888662593347
0.707209478195
0.840404040404
0.111394335142
0.732276109501
1.0
0.760310311265
0.727503168568
0.760754840962
1.0
0.8545119468
0.563636363636
0.781510309982
0.640794223827
0.933258928571
0.829119556114
0.472401784743
0.768461601508
0.228758169935
0.841239721695
0.791930845719
0.630564962185
0.610198796024
0.116550712476
0.804913733609
0.821162444113
0.890965732087
0.794010331256
0.613878207545
0.429691653376
0.800495662949
0.832506203474
0.868723145001
0.757071547421
0.606407038017
1.0
0.700528824182
0.397218270902
0.876969242311
0.854256854257
0.633326372938
0.519788265559
0.425305688464
0.644377518401
0.833333333333
0.711126647414
0.777860311349
0.862745098039
1.0
0.833333333333
0.84625221326
0.81708711686
0.683229813665
0.699713290106
0.291666666667
0.784931035108
1.0
0.848440126266
0.817841547099
0.861200675572
0.616655900086
0.60401540154
0.355393586006
0.976744186047
0.912280701754
0.750929419141
0.690538059426
0.961538461538
0.815372507693
0.671738643992
0.640794223827
0.777730891496
0.374057315234
0.803802679841
0.751770259638
0.63687150838
0.716316758748
0.823494963692
0.876507218785
1.0
0.89247311828
0.789396539397
0.781113460183
0.918918918919
0.720061412487
0.833333333333
0.544773381225
0.664039039039
0.113686405968
0.857434665336
0.943396226415
0.862745098039
1.0
0.797967990071
0.75761485826
0.657772263414
0.675184571045
0.900153377001
1.0
0.876507218785
0.745046166615
0.919022945966
0.62545720556
0.764549304295
0.768760144837
0.837917181706
0.777890810444
1.0
0.767594515995
0.912280701754
1.0
0.958579881657
0.856365799762
0.742574257426
0.8871493803
0.641393614934
0.69542026853
0.714338272707
0.723258096173
0.859129383313
0.73181503835
0.548971340803
1.0
0.411327170333
0.716011308147
0.656422465101
0.763266396609
0.888020833333
0.700656763096
0.743744865188
0.716316758748
1.0
0.712448851117
0.646301667875
0.734538828147
0.888888888889
0.804800896006
0.848358327653
0.901806163977
0.855374823197
0.933258928571
0.703514475925
0.961538461538
0.56158785756
0.694217105855
0.823529411765
0.768484064067
0.113737010814
0.939149560117
0.777938878098
0.823529411765
0.873031728072
0.689086436969
0.420597484277
0.623528608843
0.726913340068
0.673788383278
0.909090909091
0.558790904049
0.825594734935
0.787878787879
1.0
0.778656764611
0.6804444399
0.743434343434
0.644529812632
0.914219976992
0.767981915331
0.781195079086
0.892536777897
0.714724014337
0.559207780282
0.858509586875
0.639101044684
0.96011572639
0.745596755504
0.68669527897
0.879676759196
0.74607080489
0.804813252071
0.599026130556
0.593160894345
0.621944320381
0.765715085362
0.661891117479
0.839524124256
0.116021685888
0.380069836154
0.78442654392
0.648551345791
0.686829017074
0.453183520599
0.655717178176
0.614864864865
0.772953338921
0.751114033165
0.743893928821
0.881128965801
0.944933920705
0.845391661993
0.436741767764
0.825572091535
0.791998139102
0.847114176833
0.616655900086
0.804177017736
0.619355337575
0.786204193612
0.738775568141
1.0
0.639300411523
0.806208452042
0.702872531418
0.68669527897
0.804731280422
0.79298910469
0.601231716705
0.870195794054
0.761978361669
0.911199469848
0.426753531417
0.748389201533
0.757600999584
0.80905180475
0.67679558011
0.599619916382
0.858565552937
0.717938154323
0.80693511082
0.734004075739
0.867697078832
0.69542026853
0.644529812632
0.843901675278
0.61216038445
0.672169811321
0.436741767764
1.0
0.647555294431
0.545808966862
0.696287468865
0.86088358686
0.819484240688
0.649417487389
0.733124465964
0.729411952777
0.867872044506
0.677773876404
0.470611180185
0.834260977118
0.697135450991
0.837715114196
0.453183520599
0.692765273312
0.735471873547
0.864106468167
0.82633803054
0.705394190871
0.639004149378
0.825200103279
0.81917211329
0.588631100625
0.815569679873
1.0
0.906121461408
0.644529812632
0.76818924696
0.875204759031
0.765957675368
0.84569340796
0.843901675278
0.705394190871
0.361738389433
0.649622345732
0.770208582063
0.892536777897
0.641495601173
0.89105274872
0.841239721695
0.81524822695
0.835562816978
0.857142857143
0.612791751643
0.823501083554
0.538143043503
0.803028432704
0.760330578512
0.777382956175
0.821212853346
0.630971865014
0.793323330833
0.765050941649
0.374057315234
0.740616995211
0.729037796349
0.552551843545
0.724050364701
0.660773089217
0.830518414262
0.572486119679
0.816879700793
0.889025893958
0.760464248032
0.776216698403
0.601231716705
0.817467248908
0.902857142857
0.627261761158
0.797749089705
0.757600999584
0.436128526646
0.701067531979
0.674892055268
0.572486119679
0.472401784743
0.757071547421
0.764064187051
0.890135396518
0.482100835862
0.823787801994
0.873270275004
0.684903748734
0.845391661993
0.617463887639
0.732912723449
0.603700516351
0.783992045737
0.897376369854
0.61074788178
0.786267646046
0.809128419983
0.841239721695
1.0
0.827956989247
0.684153037345
0.737458745875
0.749840235174
0.716569767442
0.782199731252
0.860468557337
0.696885665529
0.801926042398
0.806596540576
0.808745120442
0.677664664811
0.728602872195
0.722831505484
0.611998064828
0.652826142556
0.604140568339
0.616613840465
0.544093752539
0.709090909091
1.0
0.814561294337
0.8254807752
0.705656133726
0.764739229025
0.664039039039
0.837703114731
0.804838955885
0.77027027027
0.89348285111
0.812886579719
0.817841547099
0.595208845209
0.689602446483
0.623049921997
0.684809676272
0.7822395764
0.651467505241
0.591661738616
0.789629922818
0.721749696233
0.589536621824
0.78642384106
0.424855491329
0.671648966391
0.801534083275
0.718125754666
0.767531756461
0.738193624557
0.677664664811
0.876869036882
0.702609677189
0.637547668378
0.673474581663
0.857352530053
0.765942664075
0.780857541545
0.61957284962
0.791163627023
0.114619340528
0.626299945265
0.861629345787
0.7527642636
0.729766156749
0.857282026303
0.85308379807
0.756529209622
0.866438356164
0.5963099631
0.889271371199
0.616111815075
0.84886609988
0.829701934809
0.736566606132
0.892536777897
0.85121602289
0.747948417351
0.789061345159
0.605282199711
0.733721384644
0.463242399465
0.807545367717
0.842970951936
0.510920055291
0.829761361909
0.531766753699
0.635434868944
0.619227725247
0.892857142857
0.773744195863
0.934182590234
0.611966355027
0.664527479558
0.789807364058
0.783992045737
0.37793636634
0.8
0.672169811321
0.985915492958
0.620382732532
0.646955503513
0.645189782764
0.703234200479
0.581494325347
1.0
0.823529411765
0.667552264808
0.764901509337
0.559434638181
0.886245042789
0.860321384425
0.830235439901
0.798513034281
0.869199178645
0.875089171066
0.825572091535
0.951188986233
0.876826722338
0.690212300654
0.700528824182
1.0
0.781714613094
0.436128526646
0.725053603826
0.39361124421
0.758882371664
0.807539469445
0.884373773066
0.558149670029
0.699374881606
0.694187026116
0.783997469956
0.789473684211
0.684816701628
1.0
0.66571969697
0.809012875536
0.632934682613
0.630693638343
0.606223175966
0.861200675572
0.871898054997
0.686886192952
0.909090909091
0.773744195863
0.702468089878
0.858358112476
0.696939935904
0.964467005076
1.0
0.716471354167
0.88644295302
0.557357851882
0.819310991329
0.869044377893
0.784373158205
0.652647309991
0.61136070552
0.858358112476
0.722234723034
0.867579908676
0.484659533763
0.830420916686
0.740634664515
0.876507218785
0.685196456347
0.783992045737
0.773621493135
0.894441993235
0.568267723503
0.760464248032
0.943396226415
0.844227521727
0.787896559428
0.75872549534
0.69496309162
0.846153846154
0.633294528522
0.962933891505
0.773399901048
0.642720306513
0.775269784173
0.858992726471
0.732666190136
0.612529282853
0.743434343434
0.90582010582
0.763795156808
0.775985059118
0.742119627018
0.579627518054
0.651123044056
0.77417477194
0.593795518413
0.711367912622
0.628811777077
0.885045120234
0.620185247939
1.0
0.627702558473
1.0
0.80902820293
0.660980167581
0.804177017736
0.796141407383
0.747158292164
0.918918918919
0.763881401617
0.695261807756
0.732217573222
0.748219936709
0.768703295754
0.823529411765
0.623481781377
0.652567898527
0.666724887052
0.717303998603
0.729435084242
0.107457711738
0.917293233083
0.570559610706
0.731407573039
0.715156553062
0.892536777897
0.641154998296
0.854166666667
0.797101449275
0.918918918919
1.0
0.763746348525
0.576314401266
0.943396226415
1.0
0.895777974609
0.77124119973
0.858358112476
0.785852555405
0.613028472821
0.913007456504
0.479231246125
0.715887339349
0.582037258588
1.0
0.765713134569
0.629625399726
0.839665321665
0.802960888572
0.892857142857
0.659448818898
0.777124951038
1.0
0.775112443778
0.607709750567
