0.779542088229
0.673235464052
0.664863060622
0.768280618227
0.485204359779
0.694130484835
0.507267251073
0.450737910434
0.552259715231
0.778062792011
0.749084855133
0.414397651032
1.0
0.859354154701
0.563333752424
0.542351799671
0.356315159219
0.796302938784
0.504883502812
0.49746126475
0.574886038175
0.342633754698
0.718290776087
0.566325437785
0.750605508666
0.346112314781
0.102749201002
0.418873560437
0.865162050949
0.489253694976
0.644347247584
0.620960581549
0.558265148815
0.572060093406
0.542328388383
0.514806731279
0.249788642077
0.757698575412
0.297689653216
0.645182563392
0.574508769892
0.622747921732
1.0
0.367535666176
0.600978185406
0.446086352111
1.0
0.483464385035
0.715319088391
0.60923484739
0.826270259753
0.786629927116
0.637061712093
0.50776450363
0.32001485955
0.691124512291
0.667504118497
0.271268137742
0.296372517722
0.584917084961
0.406235991721
0.819743262592
0.775538555476
0.581049563492
0.880160038232
0.607489070098
0.565680320809
0.588424559711
0.494719830034
0.689312027525
0.708678204323
0.616321372599
0.687429590008
0.227382514871
0.576383653297
0.704093229043
0.494571164979
0.380535553975
0.409244971575
0.856898024337
0.627703025217
0.525795410456
0.670918833616
0.569157540075
0.491203978171
0.885865413618
0.676995743822
0.421312917676
0.634640884869
0.757698575412
0.497580021823
0.748367906755
0.359341139711
0.677056403406
0.356883865712
1.0
0.613110506527
0.550539767547
1.0
0.741749685214
0.576469483515
0.552465295299
0.545119750033
0.739014543697
0.974841568102
1.0
0.665833951187
0.325970680426
0.664958500713
0.799975818406
0.610195000112
0.206627037397
0.644852422836
0.580604582713
0.729011903076
0.521094312933
0.543822218598
0.611029458461
0.78080385476
0.179670256667
0.0
0.40476303134
0.447509695137
0.350624211087
0.669994395129
0.446983306505
0.470645493757
0.64775144048
0.695025227479
0.61132878239
0.569294103993
0.586261911808
0.391574912854
0.649632506845
0.665177084824
0.372334143048
0.465823422708
0.603025239309
0.402950799069
0.573202197959
0.721712434037
0.505584244189
0.610033638975
0.531431554717
0.66036592253
0.850898189145
0.494721261371
0.73002457264
0.720768503507
0.538207080429
0.769175437247
0.0
0.429358559319
0.860342772586
0.596978024204
0.635102319387
0.546285121082
1.0
0.676120325961
0.423497675913
0.674863659382
0.568176232797
0.899493475354
0.774296883625
0.370545362389
0.646374102458
0.0
0.659255730221
0.720766304414
0.523857512834
0.367506221635
0.0
0.712513423617
0.671752788931
0.815586108472
0.682451435329
0.375829558414
0.170150575343
0.526138531974
0.628920075651
0.688806699087
0.726072880163
0.233771376578
0.878570545633
0.486790666761
0.127685763974
0.842662149084
0.752457685004
0.495271568078
0.474570166228
0.175489922539
0.420767037919
0.705176647981
0.403600913347
0.590810951532
0.826270259753
0.742152837459
0.763470409338
0.647042925617
0.605626217741
0.448623028712
0.426308322005
0.0
0.617712564251
1.0
0.851144607982
0.66761271007
0.718954217272
0.39403117509
0.398704483448
0.232421032965
0.874890356087
0.685766291568
0.634887939742
0.409056823534
0.95773167801
0.662543598001
0.403819854151
0.568176232797
0.621985667369
0.268999144852
0.676179662149
0.607336252885
0.386137016333
0.637386555458
0.707908501903
0.733627525041
1.0
0.86251388128
0.49715773626
0.604801904993
0.793383363262
0.57308374294
0.708958713948
0.264788525691
0.439518819268
0.0
0.730624832947
0.827389148715
0.826270259753
0.932792358211
0.590501995879
0.651105901733
0.405474018099
0.334002980184
0.77703179147
0.918399304511
0.733354515105
0.563470132507
0.718391914498
0.473736439945
0.615534126477
0.609095277965
0.657899764866
0.703173167259
1.0
0.528341408986
0.682799658253
1.0
1.0
0.640113095693
0.560474386585
0.642023410539
0.518073626424
0.561259286781
0.567294078998
0.680772495596
0.695501698997
0.580440667263
0.270449613937
1.0
0.158477390844
0.575570320764
0.514806731279
0.495008794178
0.593190017245
0.568599217471
0.667782882145
0.637589921986
0.91517500764
0.483606898764
0.495783136733
0.709247030491
0.913861550682
0.642209714969
0.748970762885
0.579620987357
0.636215016443
0.899493475354
0.498652676799
0.885865413618
0.518217204001
0.585387399467
0.733569280706
0.629363095664
0.0
0.823315515861
0.613763537093
0.733569280706
0.614238767385
0.535622916634
0.258688816066
0.432574194527
0.583635553355
0.296407165662
0.856680689726
0.387352383884
0.699950160473
0.739705193008
1.0
0.661607925931
0.493712686074
0.545969677324
0.432099905597
0.716382123995
0.677176648964
0.46501894246
0.698323602991
0.484978579923
0.390714273705
0.791667599031
0.310652749173
0.800642789293
0.559640612501
0.494571164979
0.697830170644
0.518703728586
0.624990843597
0.276718833389
0.320662113316
0.322285338069
0.503014310631
0.452530681951
0.69900839531
0.0
0.121516281242
0.605901006773
0.616010116263
0.50008700969
0.209973802988
0.556228278607
0.329274689211
0.705083304252
0.642264024395
0.629478670891
0.680449192494
0.856297896633
0.605539568278
0.187330201828
0.583505807043
0.595464763679
0.685893760824
0.396081604393
0.6602921373
0.380600923009
0.601323310493
0.658952096004
0.932792358211
0.419740883244
0.716832899388
0.57602402733
0.518217204001
0.667175510061
0.592600120864
0.514187704753
0.800559931539
0.663103746146
0.776375256016
0.0851723337064
0.688213190413
0.611244226589
0.685116323255
0.492741323506
0.350645462366
0.691877028415
0.557731352263
0.756136888673
0.653808534967
0.857709410819
0.561259286781
0.432099905597
0.706674004774
0.382000012299
0.500543714148
0.187681229216
0.843674509685
0.46136300999
0.411728843023
0.495221754096
0.728361643935
0.750191063062
0.599953874039
0.58116050275
0.535561038193
0.728719329245
0.43840089692
0.187995077202
0.78735701815
0.657207883945
0.644567623852
0.209973802988
0.376676474079
0.484184558289
0.633079364317
0.649090308398
0.518823132924
0.346317418645
0.759527148058
0.661761643783
0.515117106489
0.590787888051
1.0
0.889018899574
0.432099905597
0.611145231195
0.725495508292
0.525520780988
0.709892631493
0.634815826797
0.518823132924
0.0
0.355792934401
0.605910418369
0.804630035133
0.398565188707
0.788321499659
0.664195335674
0.670079428434
0.775538555476
0.921043874444
0.288563866384
0.615433099213
0.41555580129
0.479110331815
0.629299568437
0.534108787907
0.831489542511
0.339703030147
0.573178358671
0.660785499574
0.268999144852
0.65503312964
0.573823438009
0.374712548292
0.634167662931
0.421350392148
0.668557114439
0.582530640073
0.69489507901
0.800142169601
0.64617011098
0.68835713303
0.514187704753
0.664863060622
0.872923018484
0.344627750934
0.612839234466
0.611244226589
0.174008640032
0.501767711074
0.495897822672
0.582530640073
0.370500003525
0.726072880163
0.609015162295
0.826507280198
0.367972049674
0.672927586502
0.721391670134
0.435105412285
0.718098094191
0.32004708616
0.413586226192
0.484741299511
0.683583995944
0.847802210043
0.236024159403
0.540736969906
0.617916431151
0.745109390601
0.788177424762
0.759829748319
0.415045024698
0.558741197414
0.529028447778
0.512215437097
0.509793519883
0.721240809995
0.41791174991
0.672401112084
0.63209307238
0.547071463562
0.560927684255
0.417977941649
0.522124801146
0.473986095545
0.454151096536
0.24296764285
0.336114745144
0.227629041153
0.50418849611
1.0
0.613503296909
0.605181889439
0.507353956865
0.568300219107
0.439518819268
0.609221949857
0.831311678016
0.463803469699
0.769063578124
0.564872117765
0.670327357993
0.305547697608
0.496391638276
0.267436958475
0.457465937877
0.509012619591
0.517786596057
0.521683001197
0.705778021724
0.558312336344
0.463216171904
0.707194826589
0.367005595586
0.489367549774
0.604588360387
0.529203352536
0.587304395671
0.502249539575
0.562300875553
0.642505253271
0.487859768816
0.455548008556
0.33687623236
0.688497666164
0.586212717599
0.530812872653
0.283228531765
0.638607133488
0.0
0.372976855485
0.729487984502
0.497892062396
0.472585705782
0.72374591844
0.68712011452
0.617244416685
0.852108343138
0.396580513469
0.810821803829
0.331655990172
0.633127694091
0.572400996647
0.615628753253
0.812130802034
0.789871382734
0.567465502254
0.614548949633
0.259697281581
0.492835276957
0.210886383255
0.654179369771
0.780203652509
0.277892962098
0.655944697086
0.210432825286
0.411151115157
0.414191519762
0.856898024337
0.532646960215
0.836027512496
0.486585587665
0.407810291791
0.685290380474
0.683583995944
0.296057990922
0.879304989537
0.500543714148
0.947484106046
0.455903336
0.422389577835
0.501387541922
0.326411017671
0.369833862569
0.91517500764
0.733569280706
0.551863643707
0.511674033845
0.422293260479
0.667221676441
0.641982591412
0.529771401379
0.527359316004
0.734218470113
0.699912936187
0.49715773626
0.946621965369
0.640622651635
0.439262808115
0.486790666761
1.0
0.600849447011
0.177449291206
0.516098812455
0.127369000411
0.454236453427
0.533709460733
0.640989254755
0.277419962744
0.324057812072
0.723253091453
0.467193093723
0.880755795797
0.391457233694
1.0
0.644619518093
0.748367906755
0.523372374865
0.488436720165
0.221581818543
0.698010122146
0.695714236148
0.57961912314
0.880755795797
0.62625709983
0.621805519197
0.687429590008
0.33946537662
0.77539299515
1.0
0.51985707025
0.73414068259
0.346666575293
0.627884787769
0.712069327123
0.618400393207
0.453627379325
0.410370636004
0.687429590008
0.4841494348
0.741799686373
0.207873762581
0.621985667369
0.556918751451
0.733627525041
0.55625655177
0.683583995944
0.596573202031
0.841576212534
0.338207042416
0.64617011098
0.827389148715
0.851412998449
0.674251023133
0.683343828156
0.366445607227
0.608569682063
0.366395006761
0.78166593834
0.780648611983
0.588793241695
0.563936254379
0.624662320678
0.511339512468
0.376562823417
0.545969677324
0.879849253572
0.495788463771
0.626429003237
0.526346755294
0.416514742059
0.29021940383
0.572853746353
0.420395146987
0.408296997057
0.31925348472
0.676007919857
0.405526603437
1.0
0.460112558207
1.0
0.590034248428
0.497332784211
0.6602921373
0.649224243227
0.559937332953
0.793383363262
0.464977239727
0.647317988338
0.540395066508
0.425171005124
0.580159754593
0.733569280706
0.534720957457
0.514509158066
0.688511786721
0.444930747234
0.559422967771
0.0
1.0
0.446436429195
0.445264730277
0.483331026208
0.698323602991
0.548688608551
0.681557345413
0.478463215363
0.674373383548
1.0
0.759508854797
0.461415545201
0.827389148715
1.0
0.800709722584
0.532163471459
0.730254986643
0.618598324448
0.422474513224
0.748152210974
0.19745768028
0.524327263939
0.414547539743
1.0
0.459046609145
0.256282679135
0.667995230178
0.594731810695
0.706714761808
0.594870111494
0.490981120522
1.0
0.639281122313
0.400032145096
