0.634180774619
0.633301551626
0.698419809859
0.790109224414
0.548553205919
0.734523827787
0.544156140492
0.467758089641
0.606642851524
0.754857370735
0.711512335776
0.399739284634
1.0
0.853918322104
0.652471894892
0.523799928989
0.395334779867
0.684231864755
0.512411035319
0.504726236106
0.605473526
0.432012929878
0.702012961814
0.540158061762
0.644676834348
0.438387103218
0.122603194415
0.436619242655
0.827704357397
0.553969597974
0.690016215801
0.57723780769
0.595103020825
0.580108727521
0.575608804942
0.580053165014
0.408135813092
0.769504705661
0.389735244977
0.643848517198
0.608994959701
0.680715731634
0.919896704181
0.444455345566
0.626190807527
0.355384806392
1.0
0.535447879338
0.717834059986
0.65017955283
0.798399418252
0.710374633648
0.71607520347
0.5367729355
0.230727169132
0.699314360679
0.738538769652
0.227893821712
0.429030956941
0.667604288991
0.458611050759
0.641832977454
0.673058538367
0.566048615211
0.880108610578
0.621622847626
0.559094328522
0.587997735951
0.613809894024
0.658881224952
0.647947424325
0.66631214257
0.681936596604
0.291834952437
0.573339018194
0.609895649472
0.4899974729
0.376100182409
0.49950724612
0.677441960083
0.556107000214
0.628287784664
0.564832876717
0.575678978004
0.553111981377
0.894254560932
0.606467736641
0.175988458213
0.544275602067
0.774862293544
0.531541039363
0.699355896487
0.391107508443
0.724137047806
0.366669085213
1.0
0.642242287265
0.581023051576
1.0
0.774332034012
0.598848133476
0.557895471655
0.520000689495
0.751712537987
0.94784426651
1.0
0.604703958029
0.367649402273
0.6591869822
0.742949292521
0.636923456783
0.40373281243
0.56529798939
0.595508405427
0.757765402429
0.529453223112
0.583531304354
0.433108579618
0.782031315036
0.310967158455
0.0
0.492580723843
0.446871207034
0.350459034139
0.674393593069
0.458916638412
0.478990639285
0.671131666719
0.616019829017
0.604954963003
0.554960692243
0.592725359898
0.55307041989
0.602031401359
0.655149564087
0.435203225044
0.504572692686
0.615995696375
0.454825711712
0.530137217171
0.764301232315
0.60509371201
0.596853981737
0.48438498313
0.633381957246
0.844932937611
0.411122805044
0.815391210497
0.70897851112
0.552638759331
0.726152954445
0.0
0.467849743772
0.909250763066
0.604946906864
0.711155248629
0.468871294826
1.0
0.662462128336
0.477313463845
0.675086300691
0.639382073343
0.926368601527
0.751393245532
0.452363870831
0.409753823555
0.16595326283
0.640882203153
0.727868918791
0.52543080441
0.328211190484
0.0
0.705551612206
0.683952456124
0.805642500117
0.66610708273
0.418625260151
0.218310763481
0.536958684959
0.742336764832
0.700925639657
0.731213333074
0.328948645075
1.0
0.516832403414
0.318520796483
0.685755983004
0.748432809469
0.564552078911
0.507115529335
0.308620191816
0.528614194002
0.648109549713
0.406460458534
0.541112995979
0.839178858427
0.804981516449
0.530123916154
0.703583032696
0.568830351837
0.493723550032
0.469011869273
0.157581440593
0.594954244459
1.0
0.811083396365
0.608081398726
0.709653299165
0.407203083105
0.329507897174
0.311041973832
0.873968022814
0.691103493667
0.620726869547
0.438014564761
0.929882249447
0.680957485118
0.535197281913
0.655894084906
0.663475203252
0.443504884735
0.710934468387
0.63313058688
0.544428273
0.602668725756
0.673631909144
0.713517140665
1.0
0.828141417499
0.546340489281
0.632352802917
0.861978692922
0.54120387048
0.641321686309
0.367012010923
0.495549309973
0.0
0.757844682775
0.722990129884
0.841191821497
0.900041716951
0.621232242437
0.638681130509
0.459952338991
0.402940366275
0.802956611134
0.829047461483
0.716057598141
0.450002849327
0.757256631078
0.430279160258
0.63756301876
0.614789832919
0.706696415329
0.656459528649
1.0
0.64999689463
0.691682600676
1.0
1.0
0.696180487779
0.456464625626
0.626850116166
0.526316287356
0.551311682413
0.563781430607
0.752355498106
0.730702319614
0.575497087412
0.365646754897
1.0
0.246014153928
0.541116573629
0.611163310438
0.489908214888
0.614204635229
0.593253916919
0.647251578066
0.629199514397
0.813883294112
0.518531762461
0.528636500112
0.687491056076
0.938775543425
0.63022624313
0.770437198177
0.66284296656
0.670912531535
0.853622763859
0.396282714862
0.875358789847
0.472459399286
0.602659191516
0.744587164748
0.648327094524
0.0
0.841100194366
0.621736559815
0.737322786087
0.679718620273
0.54651768039
0.330655833576
0.472494547564
0.578198753655
0.420395372041
0.827463606942
0.484364962283
0.728920150984
0.681451006571
1.0
0.638240233373
0.528733386042
0.51142165902
0.445328785861
0.693642922571
0.705634525984
0.525327167452
0.810144644072
0.510668195701
0.407567041818
0.643530533655
0.14488212465
0.808823892938
0.582320214752
0.4899974729
0.730197259603
0.536845688467
0.611535204605
0.309379317946
0.380340503122
0.331872985997
0.528735804503
0.455462255389
0.712360984712
0.0
0.135759903904
0.585660579633
0.622667717431
0.545976807669
0.214235507791
0.56034813319
0.369700756282
0.664583784178
0.654627704044
0.611268427261
0.633134171508
0.660651650339
0.648525292729
0.322664968637
0.596464301692
0.536477388285
0.736367773324
0.426337512587
0.649807007534
0.464574772893
0.525078792519
0.640099811639
0.900041716951
0.488773215318
0.706338666835
0.591320968011
0.523132348048
0.609754866935
0.623694499341
0.528218196249
0.61186077348
0.496445295127
0.74409716416
0.230717157821
0.630468739907
0.664077095731
0.687374378632
0.510962744424
0.413158258602
0.727902258764
0.598475641649
0.662085738304
0.646770560126
0.804676000153
0.540507216832
0.470504645035
0.619621853516
0.457951573946
0.518547465185
0.323113718477
0.913750771037
0.5705269916
0.404076929973
0.561691084637
0.648200924867
0.796283635781
0.603941946768
0.60597368397
0.550694859623
0.709137298874
0.436106877821
0.330167033313
0.742664419106
0.598035547374
0.648750593169
0.2106398244
0.401099088686
0.65315246338
0.692168111551
0.679105781079
0.50475805629
0.360528750854
0.713299556396
0.695746137592
0.54073690181
0.676119570174
0.770192948379
0.842960083017
0.445328785861
0.645987707589
0.708091687856
0.45856506743
0.63413773797
0.63897398297
0.521579267527
0.0332276404346
0.400377032891
0.633665720201
0.81833318574
0.337444233601
0.678995599025
0.6457646284
0.703006968305
0.675006485497
0.925019382862
0.406872968495
0.635833155822
0.496156884909
0.518952519067
0.622391271757
0.593691665509
0.791285415129
0.432073995002
0.587100158284
0.631895227082
0.318004496079
0.667409226848
0.618466406866
0.375281547169
0.639734136705
0.437374086657
0.682914591421
0.455911518948
0.675536774727
0.731262759932
0.63253260803
0.664193588789
0.528218196249
0.686010806898
0.857944386019
0.364990980774
0.664162471544
0.656948645613
0.278572085681
0.53012344762
0.549553649153
0.485654771176
0.416133031981
0.684502057849
0.573780019979
0.657828761345
0.449919527048
0.604375411021
0.658782225602
0.347094129865
0.752105582884
0.262939551556
0.456927746032
0.533622372471
0.635023652382
0.784209859195
0.28426399875
0.529166474247
0.593526118976
0.708653366798
0.812430481967
0.766853617906
0.497898149473
0.589254247894
0.594298825898
0.485559745564
0.533907853744
0.62305650631
0.28673342229
0.682601849629
0.643721719355
0.476095286079
0.589071750164
0.469195944332
0.489036267828
0.519546438699
0.427138599308
0.332010824513
0.352220060598
0.307433052084
0.537450775944
0.746308769541
0.625032943484
0.617061683232
0.534740021641
0.580076804535
0.514757207984
0.633717576317
0.784657394615
0.478882605032
0.659988929856
0.585896593627
0.608705933958
0.313447107634
0.456855645124
0.318026596483
0.466768797798
0.500575008523
0.557406673859
0.462364591478
0.727311602789
0.598804183743
0.580682977992
0.683886091962
0.357333522718
0.517476025541
0.587164754798
0.541330010101
0.513843468466
0.547621232074
0.574197990935
0.688323929457
0.502024716276
0.468570167263
0.406531960245
0.726316119358
0.510103913503
0.501954519664
0.359561997402
0.65364823731
0.0
0.324193697962
0.729515200054
0.543992158473
0.341286510018
0.617321783439
0.700264426613
0.646891559946
0.810537058396
0.427840483291
0.761385102399
0.428301180594
0.710576413394
0.622695094725
0.607159092886
0.827852757616
0.763332768156
0.611552837068
0.618647758577
0.310373036919
0.540769229589
0.332761008262
0.634282093139
0.76728840532
0.435586833115
0.498968837126
0.211040793834
0.389228182742
0.416976660791
0.677441960083
0.592452252758
0.811834667608
0.472374534724
0.414096536623
0.69441075446
0.554773162746
0.497157919139
0.774393834324
0.523703417906
0.963040084839
0.500238141054
0.434716504588
0.468522758213
0.357135701103
0.32863475011
0.897240006701
0.744587164748
0.595270520234
0.520251963064
0.428696999464
0.667377546947
0.674612167001
0.535754291544
0.547752161866
0.755435473491
0.70234701328
0.524871626835
0.955823752923
0.624240695811
0.41285965805
0.490351919027
1.0
0.600181967965
0.228133902132
0.573844190421
0.311224054195
0.486896777127
0.590049312683
0.651043038585
0.359133006319
0.396421875073
0.660915566793
0.486912377172
0.761429962326
0.410706319005
0.883773886276
0.640893248027
0.699355896487
0.426227737386
0.526029339967
0.31586919577
0.716242916946
0.69008552737
0.661502664802
0.803952131669
0.648507462465
0.635296851357
0.694685189013
0.39800350181
0.77557596685
0.969334591388
0.435903307302
0.768656663051
0.416151225521
0.62178420591
0.607100901546
0.632345978452
0.389527350372
0.457820963675
0.688906328539
0.592020511302
0.743590161944
0.357747769193
0.663475203252
0.572760361053
0.746483116353
0.52911612391
0.563615219218
0.628504174154
0.787074436121
0.422152702348
0.639269827285
0.722990129884
0.798259534402
0.599128710612
0.687652570325
0.478915325193
0.588564276895
0.417971615411
0.875434805929
0.761962509099
0.60926165873
0.567047804135
0.643397305639
0.561442420668
0.429888278824
0.558994946566
0.814275533281
0.475678681584
0.592839529749
0.476052353714
0.503992039497
0.387414925392
0.541320041818
0.409111490278
0.45812803844
0.43305728998
0.723088429018
0.328931215192
0.930972866044
0.463558876017
1.0
0.516817751382
0.543020968903
0.649807007534
0.684680525847
0.567027214166
0.861978692922
0.496165209814
0.634101460357
0.450864374728
0.472535601449
0.590508830369
0.77008231185
0.543295921609
0.551853095263
0.577528134427
0.455087861386
0.618463903429
0.0
1.0
0.552380663111
0.523460578964
0.517211106337
0.813855673702
0.550447967571
0.578855567335
0.395270932556
0.773173393041
1.0
0.745421891141
0.416670302604
0.722990129884
1.0
0.791138337398
0.601046990324
0.696619754997
0.559067060829
0.471196509349
0.794072226443
0.299431882488
0.514256725997
0.49396557908
1.0
0.427224374559
0.29902135902
0.695006514175
0.606104010489
0.721447708081
0.645287048944
0.511405531211
1.0
0.650906823867
0.447671636108
