0.913836521629
0.798629087667
0.829767121565
0.87495110939
0.767613837531
0.811326704317
0.798326287294
0.855202931088
0.784867459166
0.910294264451
0.936812426543
0.504126641564
0.999999999186
0.914722132818
0.694481632043
0.86320251249
0.528884223897
0.914246617315
0.782849382338
0.820594204975
0.820394754357
0.546619625219
0.810451382462
0.735926552195
0.758555885065
0.547940113229
0.340167894376
0.627864525367
0.919644734753
0.70324286314
0.850535085298
0.787545862403
0.713773199098
0.855562403749
0.666563732714
0.705374086985
0.461411369217
0.897110849674
0.664930310464
0.882220712362
0.766384883535
0.795925732642
0.999999999105
0.688137113458
0.803524709085
0.713071089047
0.99999999884
0.746925056233
0.820459469681
0.776962021617
0.884079832003
0.885706877568
0.810629297878
0.736129005536
0.586705074439
0.80636874688
0.806716518142
0.360308424202
0.440503572731
0.750744184501
0.616100547463
0.930663104357
0.86630342848
0.609337029474
0.972977129852
0.722192692887
0.810972809208
0.714815970323
0.68872372247
0.861796404359
0.868909336465
0.795176064374
0.881189689644
0.631376988401
0.807022473525
0.87336808814
0.588960227766
0.663658893663
0.640859671681
0.935176719747
0.820510398017
0.574890650247
0.844748648085
0.781757843861
0.771234149189
0.954087779492
0.822357037945
0.754226659692
0.704086235582
0.897110849674
0.732320346888
0.831846761134
0.428358174774
0.82565547623
0.771516080004
0.999999999044
0.754813961508
0.787925226192
0.999999997747
0.885443535544
0.71965319897
0.76567082762
0.746507560514
0.849056145797
0.986241073769
0.999999998516
0.665836769428
0.6838229474
0.881517770983
0.902602894948
0.736200118787
0.336369039229
0.883804849622
0.706372448588
0.891769880846
0.740319279479
0.789312741278
0.785626863226
0.876793432902
0.405711239685
0.157072776638
0.683595750003
0.641792415055
0.56240121023
0.811514689044
0.652311647736
0.62498278288
0.830158368736
0.895279245059
0.782381456874
0.764714583348
0.809275890001
0.649682642632
0.807045615324
0.889975239607
0.545902626061
0.774132582206
0.795752731217
0.58788033948
0.744014291045
0.899225388998
0.57367802334
0.714859136671
0.76200267009
0.782571872509
0.938041009276
0.785589187923
0.818223711479
0.875466010102
0.77645412418
0.847484187772
0.20644507898
0.549283126902
0.923353138161
0.874288484746
0.795518421606
0.657471538553
0.999999997747
0.888761870823
0.532188721426
0.732926150439
0.75888806117
0.943864037615
0.870366025237
0.591663268163
0.792820528582
0.0962346158155
0.904541950704
0.842013347203
0.751518221361
0.506659929699
0.195751153076
0.852537524676
0.764417168624
0.89894593313
0.879958376798
0.531734344492
0.518686204367
0.660699166216
0.714419613894
0.809006575556
0.822700061705
0.63594793869
0.920510731444
0.72137319478
0.254865541241
0.929078532067
0.820183910415
0.715446742895
0.72676385779
0.574100513301
0.493171767203
0.800390916693
0.806271459586
0.802223962884
0.884079832003
0.816847177661
0.809187197058
0.836598609486
0.789832855364
0.515997500613
0.533015686921
0.24526075577
0.750277754307
0.999999998262
0.941394144693
0.782041780358
0.816592953385
0.611369109845
0.635078028927
0.226098899122
0.971456741633
0.804801073348
0.763511463452
0.725014957399
0.973586367842
0.902697590915
0.677657565638
0.75888806117
0.821727568868
0.228238957797
0.793982684372
0.831260932751
0.661568926812
0.695207733886
0.803741184896
0.885151264898
0.999999999036
0.943353233481
0.638166997602
0.696739620898
0.860328515962
0.6227924312
0.889054084712
0.378720106237
0.647988760766
0.217608840578
0.863965756998
0.849985877984
0.884079832003
0.955826993351
0.804940624978
0.822025963262
0.755485283504
0.785033612359
0.844304806761
0.952319966604
0.875382904703
0.621081249499
0.781022633012
0.68778499824
0.742683945485
0.726933851231
0.832054303697
0.744651610169
0.99999999884
0.751499280323
0.793733196177
0.999999998262
0.999999999493
0.843508048894
0.802455098723
0.764879470752
0.768508761833
0.786519668822
0.731148825564
0.728206386615
0.850400495032
0.789224799823
0.605929282568
0.999999998686
0.399836586527
0.797081313986
0.705374086985
0.827407012571
0.780557031218
0.71845203268
0.873911096417
0.723214667375
0.983725526059
0.788659592094
0.753814792606
0.874704634774
0.999999998855
0.785805325877
0.81901862543
0.708284124528
0.821925418659
0.943864037615
0.737008312596
0.954087779492
0.732499208932
0.7521723502
0.891793473528
0.831235811368
0.195358802997
0.951704392907
0.805692295917
0.891793473528
0.7859123302
0.723999942056
0.457792556066
0.503991580114
0.723354291051
0.615340170609
0.917314217874
0.687236573012
0.717148540828
0.811092830346
0.999999999186
0.883993380136
0.775131339227
0.651607327085
0.61322650891
0.80022414069
0.826887786982
0.597282164379
0.818569464556
0.606161006183
0.576420121588
0.849324591077
0.462395074387
0.809948905849
0.685571750464
0.588960227766
0.854834314387
0.676114923625
0.732745723653
0.676001086433
0.527240547032
0.598952873954
0.808992939964
0.708955019233
0.8815799478
0.178533704288
0.241120009896
0.883352283531
0.788476740149
0.810970696174
0.41644540743
0.789811821274
0.763673035811
0.898301195121
0.809142857927
0.830425403442
0.868685620324
0.931961185633
0.791248069019
0.506562159282
0.733822090797
0.727442501279
0.804122177817
0.621652593539
0.648972504541
0.727690875972
0.692656096694
0.899149326904
0.955826993351
0.627903495817
0.892415888064
0.756291018669
0.732499208932
0.744412017385
0.726064821505
0.800441616361
0.931069895892
0.824855772374
0.900506093893
0.275549754791
0.753416105203
0.726784792869
0.845346152355
0.726029725759
0.490458005437
0.9041017448
0.800224519799
0.890024546918
0.764727201018
0.953278660159
0.786519668822
0.61322650891
0.870507326818
0.702017069688
0.68973811038
0.50006271609
0.918736654027
0.548621555851
0.675947294339
0.790865996094
0.772972758986
0.897071482202
0.803556820229
0.821254246057
0.66412855101
0.896649480328
0.609537155998
0.309335732602
0.873659585717
0.80343689548
0.88505858818
0.41644540743
0.796870767561
0.650922921888
0.817085074962
0.744026829652
0.684770126157
0.666686353804
0.858359652083
0.811956998963
0.729375446806
0.773485232415
0.999999999044
0.970080123845
0.61322650891
0.883202718631
0.905301333836
0.738619483898
0.764743535898
0.857885936045
0.684770126157
0.284654805139
0.547071725738
0.761028289552
0.854093919459
0.705067557085
0.90013343502
0.910067903906
0.749194505098
0.86630342848
0.969186651564
0.619201356621
0.71361488228
0.637075256484
0.607810782152
0.80715437217
0.810464875459
0.922756853347
0.539585009215
0.721175352733
0.690631265431
0.228238957797
0.751679385308
0.814876396269
0.534762060693
0.758505958869
0.754101177409
0.844001274422
0.682848046302
0.877951647907
0.933858326022
0.821733349166
0.822558766599
0.800441616361
0.829767121565
0.919249290174
0.654483964223
0.780122537548
0.726784792869
0.523974357804
0.672356875823
0.660473520811
0.682848046302
0.604160276601
0.822700061705
0.778873112896
0.927645085272
0.596547612793
0.849959700757
0.863545650268
0.728356022476
0.858540738282
0.616991380108
0.754667444533
0.724816183052
0.783520731075
0.951160513959
0.659679765274
0.838678798767
0.778926261786
0.930696028951
0.845035399221
0.872786269245
0.659552952395
0.761808357846
0.672176096924
0.698427646634
0.820966570073
0.820677880125
0.688867461984
0.891541461307
0.875908135436
0.697431178624
0.624226676571
0.753661991299
0.761701510372
0.664325382413
0.738338105445
0.427030519698
0.76107003925
0.567865832327
0.814996941212
0.999999999044
0.796278875856
0.816562267977
0.648003483662
0.77351768039
0.647988760766
0.879593216834
0.923046398476
0.661882928001
0.895530920632
0.779530792668
0.768488791227
0.66893923144
0.66987863658
0.706995853935
0.665686909347
0.703934911528
0.698490442095
0.604939922643
0.826121914011
0.804959192354
0.597041695289
0.777974489052
0.5613972127
0.711414786777
0.758258805243
0.727730333247
0.721383470014
0.704316236243
0.612955521409
0.85025519373
0.771245184675
0.58897260628
0.754555707356
0.845920258333
0.720712677912
0.787106896152
0.671589094614
0.878507920008
0.182019178969
0.552886772008
0.823786495636
0.632929280641
0.528750610373
0.876149660644
0.908579889165
0.732066935513
0.915009558403
0.645092420604
0.828019538481
0.5479566544
0.792012439851
0.784641131359
0.85854806462
0.860478230334
0.846783630668
0.811321344229
0.74912794055
0.723395176613
0.779340594926
0.340971053467
0.75580825629
0.915653606635
0.453932146143
0.75677954164
0.441930355411
0.647588797778
0.546762533422
0.935176719747
0.74018133164
0.877957118484
0.718589208978
0.643232097559
0.801193859843
0.783520731075
0.340390986539
0.906483214425
0.68973811038
0.977191805735
0.620486902749
0.621106809933
0.734863147524
0.789256646875
0.620012318702
0.983725526059
0.891793473528
0.847993080611
0.852147898993
0.571591154323
0.786753746802
0.752333758763
0.811649260956
0.82304285043
0.857302532289
0.845920258333
0.638166997602
0.987143877565
0.81185513403
0.572833982579
0.72137319478
0.999999997747
0.88200557421
0.557252546514
0.692782975451
0.272826837027
0.763067631895
0.74097370414
0.773729824179
0.519321342534
0.779238043521
0.811647543182
0.677071835692
0.820339344111
0.706352886874
0.999999999105
0.821346218814
0.831846761134
0.713547229063
0.821257389915
0.529219192614
0.766127135785
0.828995282978
0.748250064124
0.820339344111
0.835773748364
0.758505958869
0.881189689644
0.786248215312
0.875057033201
0.999999999105
0.748831066902
0.855698283217
0.577650051777
0.737785540062
0.876882363346
0.764666987402
0.693710699267
0.77200362885
0.881189689644
0.720264380324
0.828206683137
0.316107480661
0.821727568868
0.834015570565
0.885151264898
0.716887933173
0.783520731075
0.877127814363
0.947934346055
0.758347004416
0.821733349166
0.849985877984
0.933923983287
0.751417184499
0.826155963634
0.489858221307
0.765825794385
0.524498335765
0.842255661633
0.912233871256
0.834452336437
0.81197196951
0.882416841859
0.768586015911
0.508210880401
0.651607327085
0.962322296977
0.602434440475
0.781127182816
0.609761686749
0.603386069327
0.769964418035
0.832574003041
0.605311420948
0.439189881628
0.480361345015
0.821274541645
0.645981929681
0.999999998516
0.636671444461
0.999999998686
0.791792282585
0.7241333723
0.648972504541
0.761019484719
0.727097537256
0.860328515962
0.655040164149
0.751069888276
0.753662872897
0.62281120288
0.538237101193
0.891793473528
0.803551630757
0.827392510004
0.826473128732
0.717330883074
0.852302338476
0.226591516335
0.999999999186
0.669417763187
0.699052790041
0.709156469172
0.818569464556
0.835821760849
0.812877047881
0.638328544601
0.776783048336
0.999999998262
0.860465091189
0.539741128047
0.849985877984
0.999999998516
0.862689986223
0.680466395798
0.89073894225
0.769485511679
0.690830118546
0.93026906798
0.456939372437
0.626577698305
0.725596313993
0.999999999036
0.696009795664
0.312377977597
0.751239504338
0.82707712472
0.829957304496
0.768597172584
0.848218018948
0.999999999044
0.720323795837
0.437332317129
