0.93943129214
0.859104171837
0.891632872175
0.941712386596
0.792108542131
0.872678421473
0.882448295367
0.921714026145
0.84915483861
0.932561051804
0.963910001821
0.581799925303
0.999999999149
0.943117969533
0.752727687349
0.908066326945
0.569173649422
0.947887432459
0.838506147944
0.901697943215
0.896256730461
0.584892429514
0.86151964937
0.757505254985
0.809736780394
0.726354451726
0.377627309643
0.755002620254
0.960285399994
0.757292893848
0.894919081873
0.881396240823
0.862996258795
0.914090973276
0.791888800203
0.73105321186
0.613544182296
0.951117990229
0.770706350573
0.941776004166
0.82620530811
0.867579926387
0.999999999157
0.753976562766
0.840772344293
0.838854267472
0.999999998815
0.777725624768
0.881467284526
0.799733757979
0.890259910094
0.939470141095
0.859183008097
0.824537082833
0.744428554078
0.883134607822
0.755286205747
0.424492182998
0.569673055536
0.813403290225
0.725364548436
0.95087038678
0.902092016575
0.746015571523
0.979686055699
0.712787346862
0.881486008744
0.796918579673
0.789292267162
0.92738685955
0.922488368481
0.82904496553
0.918834021853
0.614342867407
0.872736038384
0.903672688351
0.691825645894
0.784727368938
0.718437986517
0.952126206045
0.899888580074
0.667515978948
0.90828268318
0.868619441266
0.792487261289
0.952551433653
0.885606738818
0.766644210536
0.812363803472
0.951117990229
0.808809103404
0.854503998223
0.769611101673
0.872013725875
0.729706616137
0.999999999091
0.871763820755
0.811093224376
0.999999997747
0.937500596655
0.831181687182
0.8869853227
0.83677490435
0.930302430575
0.991273727622
0.999999998427
0.814557913088
0.854176121875
0.933233308465
0.942120700955
0.78927570494
0.377858867575
0.914028033007
0.88700175107
0.931225150311
0.810394214852
0.8752060306
0.882100371834
0.94334041931
0.510368192063
0.135011361259
0.727526121775
0.746620666674
0.770653463913
0.901832142333
0.699059747741
0.712820362069
0.907095217807
0.895324413224
0.841588111503
0.831219350749
0.894261478368
0.756757571906
0.859153643345
0.941087997732
0.726620828477
0.8995093829
0.839817709846
0.672370773717
0.834326848962
0.928713095274
0.686983984631
0.829473907874
0.833373698632
0.80601305031
0.941583333685
0.859785139925
0.86014714823
0.914074465424
0.827915841277
0.898610106525
0.0511978483906
0.789840016187
0.925056930408
0.889422935463
0.829559370909
0.769813859494
0.999999997747
0.954154780907
0.715950998984
0.810167303557
0.833257122366
0.972470277819
0.918778022445
0.665335091363
0.842727698475
0.301002788895
0.949700273093
0.882348892798
0.882063462879
0.540293451252
0.00715172476332
0.917131879136
0.727536375682
0.94270792964
0.941960307006
0.514676380597
0.679843740453
0.750037581575
0.859283799897
0.807556877232
0.845493996496
0.806322102454
0.933959085422
0.83079173649
0.304316567239
0.958387705342
0.904808717265
0.709293262913
0.788968600037
0.782023613278
0.638080397499
0.878983890642
0.903579240926
0.913649620372
0.890259910094
0.804024772433
0.78840807858
0.900562991395
0.848262798222
0.621258710832
0.557066792462
0.564262179795
0.806785376495
0.999999998346
0.917352225589
0.831540034862
0.872305557853
0.751553228374
0.782108254175
0.331121104501
0.978100511278
0.880874711613
0.823800873378
0.810254576591
0.978387055416
0.915312407564
0.708596105833
0.833257122366
0.8761325875
0.326515319993
0.854870442804
0.886882869608
0.746251604613
0.79971724789
0.806031038804
0.940697130283
0.999999998929
0.962734123033
0.845547688403
0.808313606325
0.900488230877
0.751410105926
0.912772820472
0.466779831151
0.831320191416
0.0105687926996
0.92052058059
0.881066417267
0.890259910094
0.968456813599
0.85741716324
0.887368066476
0.805114567117
0.876974729149
0.893983489033
0.959049172772
0.925794243554
0.772440021184
0.891118694341
0.781679106584
0.855738484887
0.804444098933
0.908454332086
0.865591198392
0.999999998815
0.757078580848
0.860379249278
0.999999998346
0.999999999554
0.917434817491
0.873138998838
0.854631660901
0.793408742026
0.789464728213
0.839266816655
0.660557121034
0.921633099274
0.88862821373
0.757954440881
0.999999998761
0.573243242032
0.799271680949
0.73105321186
0.922648869006
0.830697440581
0.81473461311
0.804150281395
0.783541425839
0.988613589806
0.833779937757
0.783914493911
0.926140340853
0.999999999025
0.857927468117
0.893303762481
0.776020098162
0.927818197934
0.972470277819
0.829996716215
0.952551433653
0.798543946624
0.858497324427
0.877520392306
0.883876867433
0.00984210944585
0.991523214448
0.902658524303
0.877520392306
0.826739598654
0.838090279597
0.593717336201
0.539675315129
0.813953571073
0.743575872184
0.931892602798
0.748702882605
0.710253610906
0.865125558337
0.999999999149
0.940747972311
0.858577939533
0.827155238016
0.752623533114
0.795714143928
0.850819311224
0.719319353504
0.936504907388
0.758437331625
0.640722897665
0.880683687509
0.692457183755
0.853640356256
0.777091124759
0.691825645894
0.917012721163
0.770195274168
0.878170637461
0.845858530135
0.766841052405
0.726475374802
0.87247273761
0.5754707767
0.918340716173
0.00776950543292
0.341691255581
0.912053682354
0.84585392882
0.855938064608
0.425271867038
0.836643692899
0.74685401135
0.944332833362
0.861667407781
0.829084786717
0.85659221951
0.946097200345
0.896523598932
0.767182925143
0.881100261013
0.80856821402
0.850388587788
0.742997710569
0.662834593783
0.771851308322
0.804071613058
0.930607287103
0.968456813599
0.765897323965
0.954157033671
0.802282775302
0.798543946624
0.733592122916
0.902230072114
0.84830137539
0.944172024621
0.86835295595
0.928431304731
0.627249769402
0.850866893573
0.789752607043
0.864107122013
0.771903537557
0.493320105579
0.928102463297
0.868058097759
0.947807243936
0.812454997435
0.961914258908
0.789464728213
0.752623533114
0.931273278657
0.755924979276
0.780695054073
0.727593918079
0.97159766184
0.668934026133
0.758597192189
0.838310654525
0.812341078329
0.886220851184
0.883947959366
0.881234851063
0.768330842276
0.922326741799
0.678772580374
0.345519027899
0.883214664229
0.824219431756
0.943535187712
0.425271867038
0.854424129403
0.711161321493
0.897071027856
0.917998469382
0.722439341394
0.824262209283
0.898178834694
0.884820976822
0.794206635455
0.831074073686
0.999999999091
0.985821871364
0.752623533114
0.903268125269
0.938595871134
0.782270325134
0.834217843548
0.925756014843
0.722439341394
0.283585725395
0.559701857955
0.822145695307
0.91289529009
0.820119828411
0.94097578277
0.954177309173
0.81459834737
0.902092016575
0.972668391647
0.771377427585
0.813523500787
0.637676363591
0.739035495516
0.807145383728
0.844596438671
0.92209208008
0.724321025232
0.828624696734
0.815232324139
0.326515319993
0.812285309052
0.891404365769
0.655693712025
0.802973425881
0.829627841835
0.931833479476
0.697058338112
0.942782961327
0.980379536506
0.886573129002
0.858706429862
0.84830137539
0.891632872175
0.940012522081
0.817782601126
0.913254934664
0.789752607043
0.783116337944
0.831116197114
0.767807895862
0.697058338112
0.650353080764
0.845493996496
0.879752157898
0.942861780359
0.664694189732
0.924041668107
0.917151685369
0.851013505238
0.938758493029
0.746853771992
0.833114955653
0.874431265424
0.83957615831
0.961686784471
0.843713681896
0.884498344876
0.839567748051
0.962517900933
0.92917361679
0.865756331024
0.762443053874
0.843044035002
0.769898216961
0.842035355505
0.88144632933
0.853899337972
0.72805904948
0.913536718216
0.907211596334
0.719824662735
0.693599315841
0.820322519974
0.82602462556
0.803142871225
0.830200485849
0.652962362785
0.719718011113
0.63290239328
0.902977485623
0.999999999091
0.894574829375
0.89839175926
0.68435534807
0.803055279343
0.831320191416
0.934855579646
0.909713806157
0.798158890894
0.932142939288
0.829127692891
0.847216868663
0.792321867668
0.841563101201
0.637324607599
0.791758633758
0.845222072145
0.764553409764
0.684205572564
0.797590072381
0.876745481417
0.696732758693
0.759357772371
0.556817450608
0.776215753913
0.845478345663
0.769894601465
0.752897345522
0.867449761549
0.64773261174
0.917651041069
0.86050861481
0.774145147322
0.692199869859
0.904712410485
0.766130809171
0.884647320064
0.811971533887
0.940375270701
0.00980480341297
0.662385617386
0.861634827682
0.765712789495
0.624984464057
0.935607727804
0.912930440518
0.792790213611
0.924501303228
0.712980242382
0.851301881366
0.722076010568
0.838416888088
0.919374374556
0.927260685987
0.943445026224
0.882508159928
0.884738473194
0.836063164346
0.733537485794
0.825580292504
0.440181758281
0.749299645606
0.927078869004
0.614030701833
0.833252959827
0.388796165679
0.801073215701
0.652026415552
0.952126206045
0.827020683933
0.934799076154
0.8325318729
0.77087831922
0.868911406541
0.83957615831
0.391772526268
0.926229105994
0.780695054073
0.985647112162
0.750558171823
0.721398648967
0.857918099678
0.869603922652
0.724731588054
0.988613589806
0.877520392306
0.898111837203
0.914060475785
0.676066894673
0.826918451459
0.826435560499
0.894108024795
0.887987554684
0.917370466001
0.904712410485
0.845547688403
0.990580319823
0.844053575222
0.516103549215
0.83079173649
0.999999997747
0.908113789743
0.78059645098
0.773986421143
0.359864306548
0.87659978475
0.842259211077
0.865282492406
0.697415458387
0.889170437918
0.81078255509
0.866031152448
0.848754316704
0.842858156604
0.999999999157
0.870511189068
0.854503998223
0.784095852228
0.896391538765
0.724961894131
0.862536865437
0.933893303212
0.757885783014
0.848754316704
0.873771912489
0.802973425881
0.918834021853
0.870389787376
0.918374597744
0.999999999157
0.815204074425
0.921955463419
0.640703773197
0.83250034485
0.913618662842
0.865496279485
0.855545657109
0.861779106822
0.918834021853
0.792589337862
0.893844884758
0.429396079743
0.8761325875
0.92291764427
0.940697130283
0.820001430944
0.83957615831
0.898640502113
0.957852804952
0.850841318677
0.886573129002
0.881066417267
0.921161509086
0.847157522781
0.852321159345
0.613586354535
0.844924350548
0.75573154406
0.898653667373
0.901041399666
0.870198107554
0.855746512367
0.932060198074
0.818581297199
0.499839568349
0.827155238016
0.971260958928
0.794898864779
0.843490598084
0.659008986494
0.778955796833
0.877438103716
0.907026360195
0.744688909289
0.685406439247
0.661425190923
0.896532335786
0.786057396999
0.999999998427
0.725462633237
0.999999998761
0.888278050118
0.769171328021
0.662834593783
0.862076377754
0.828105335971
0.900488230877
0.750444379574
0.772989798205
0.832911110695
0.743774683593
0.577816278759
0.877520392306
0.830344997774
0.903860205145
0.864068150946
0.762566833539
0.89741954842
0.00726373850937
0.999999999149
0.768560109958
0.832117092926
0.843187653838
0.936504907388
0.903563885138
0.886553724146
0.70345310254
0.881028484163
0.999999998346
0.862248453783
0.582748766543
0.881066417267
0.999999998427
0.914993407734
0.798802286902
0.929098515279
0.780265847862
0.795974355677
0.968486425108
0.747550395192
0.698096988503
0.758661220552
0.999999998929
0.797518009533
0.346498308009
0.91961628037
0.890769551003
0.839884276659
0.858097824188
0.920134685854
0.999999999091
0.703625988287
0.502126568823
