0.03571428571428571
0.045454545454545456
0.10810810810810811
0.06451612903225806
0.04
0.0
0.015384615384615385
0.02857142857142857
0.17857142857142858
0.13861386138613863
0.02857142857142857
0.02
0.2857142857142857
0.23404255319148937
0.08
0.032520325203252036
0.020833333333333332
0.36363636363636365
0.010416666666666666
0.08888888888888889
0.029850746268656716
0.022222222222222223
0.1794871794871795
0.0
0.10526315789473684
0.03571428571428571
0.0
0.045454545454545456
0.15217391304347827
0.0967741935483871
0.12658227848101267
0.07407407407407407
0.020833333333333332
0.075
0.01694915254237288
0.15789473684210525
0.012987012987012988
0.2545454545454545
0.04918032786885246
0.007194244604316547
0.05555555555555555
0.17073170731707318
0.4
0.05
0.08823529411764706
0.0
1.0
0.030303030303030304
0.12903225806451613
0.16393442622950818
0.03225806451612903
0.3870967741935484
0.2
0.1111111111111111
0.0
0.125
0.037037037037037035
0.0
0.0125
0.15714285714285714
0.09090909090909091
0.05084745762711865
0.17073170731707318
0.0425531914893617
0.14285714285714285
0.12244897959183673
0.015151515151515152
0.05333333333333334
0.07407407407407407
0.1368421052631579
0.3870967741935484
0.15151515151515152
0.11392405063291139
0.0
0.0641025641025641
0.06818181818181818
0.0
0.0
0.0625
0.21428571428571427
0.09433962264150944
0.08108108108108109
0.08888888888888889
0.030534351145038167
0.0125
0.34285714285714286
0.07272727272727272
0.0
0.1
0.25925925925925924
0.012658227848101266
0.10714285714285714
0.0
0.03225806451612903
0.0
1.0
0.26666666666666666
0.041666666666666664
0.6666666666666666
0.3
0.0125
0.0
0.01282051282051282
0.10810810810810811
0.375
1.0
0.0
0.0
0.007633587786259542
0.06451612903225806
0.05263157894736842
0.027777777777777776
0.034482758620689655
0.08888888888888889
0.25
0.0
0.034482758620689655
0.0
0.18181818181818182
0.0
0.0
0.03125
0.06382978723404255
0.0
0.08823529411764706
0.0
0.020833333333333332
0.07865168539325842
0.078125
0.04878048780487805
0.06172839506172839
0.015267175572519083
0.030303030303030304
0.04878048780487805
0.14814814814814814
0.03529411764705882
0.13157894736842105
0.041666666666666664
0.10344827586206896
0.08771929824561403
0.3333333333333333
0.013333333333333334
0.0
0.05
0.1111111111111111
0.3333333333333333
0.0
0.30434782608695654
0.2033898305084746
0.1111111111111111
0.19148936170212766
0.0
0.02040816326530612
0.5789473684210527
0.11904761904761904
0.15384615384615385
0.021739130434782608
0.6666666666666666
0.014705882352941176
0.0
0.1891891891891892
0.1111111111111111
0.6
0.12244897959183673
0.06060606060606061
0.0
0.0
0.02857142857142857
0.046153846153846156
0.0
0.021739130434782608
0.0
0.21875
0.20454545454545456
0.3793103448275862
0.15730337078651685
0.022222222222222223
0.0
0.044444444444444446
0.43478260869565216
0.3
0.11538461538461539
0.0
0.9444444444444444
0.0
0.0
0.09090909090909091
0.16666666666666666
0.15384615384615385
0.0625
0.0
0.013157894736842105
0.10526315789473684
0.027777777777777776
0.04854368932038835
0.03225806451612903
0.6666666666666666
0.125
0.1323529411764706
0.06172839506172839
0.0
0.02127659574468085
0.07692307692307693
0.045454545454545456
1.0
0.15254237288135594
0.09523809523809523
0.23684210526315788
0.0425531914893617
0.0
0.0
0.23076923076923078
0.125
0.07547169811320754
0.061946902654867256
0.42424242424242425
0.112
0.03125
0.20833333333333334
0.06382978723404255
0.0
0.06521739130434782
0.16129032258064516
0.030303030303030304
0.0
0.07692307692307693
0.22807017543859648
1.0
0.1702127659574468
0.09090909090909091
0.05263157894736842
0.5238095238095238
0.0
0.06944444444444445
0.0
0.09090909090909091
0.0
0.1308411214953271
0.1951219512195122
0.03225806451612903
0.5652173913043478
0.0
0.20588235294117646
0.016
0.027777777777777776
0.30952380952380953
0.36363636363636365
0.22413793103448276
0.029411764705882353
0.5740740740740741
0.0
0.13513513513513514
0.06315789473684211
0.08108108108108109
0.0
1.0
0.0
0.125
0.4166666666666667
0.3333333333333333
0.24390243902439024
0.0
0.08823529411764706
0.0684931506849315
0.13513513513513514
0.012048192771084338
0.1
0.25396825396825395
0.014925373134328358
0.02727272727272727
0.4117647058823529
0.0
0.13157894736842105
0.15384615384615385
0.007194244604316547
0.1
0.037037037037037035
0.2222222222222222
0.0
0.13333333333333333
0.010638297872340425
0.013333333333333334
0.3125
0.5
0.1
0.4
0.1095890410958904
0.16129032258064516
0.4222222222222222
0.0
0.2702702702702703
0.0
0.08
0.17073170731707318
0.1794871794871795
0.0
0.6086956521739131
0.10989010989010989
0.2
0.16901408450704225
0.046511627906976744
0.0
0.08695652173913043
0.16981132075471697
0.0
0.36363636363636365
0.03125
0.2962962962962963
0.08333333333333333
1.0
0.10752688172043011
0.03225806451612903
0.0
0.0425531914893617
0.21621621621621623
0.045454545454545456
0.044444444444444446
0.10714285714285714
0.02127659574468085
0.045454545454545456
0.13953488372093023
0.0
0.673469387755102
0.0
0.0
0.2727272727272727
0.09090909090909091
0.015151515151515152
0.0
0.022988505747126436
0.0
0.04
0.041666666666666664
0.21052631578947367
0.0
0.0
0.031496062992125984
0.15789473684210525
0.058823529411764705
0.0
0.013157894736842105
0.0
0.1625
0.031746031746031744
0.15789473684210525
0.10869565217391304
0.057692307692307696
0.16393442622950818
0.0
0.08888888888888889
0.07692307692307693
0.21212121212121213
0.041666666666666664
0.05714285714285714
0.02459016393442623
0.021739130434782608
0.10606060606060606
0.6363636363636364
0.05
0.1511627906976744
0.04285714285714286
0.0
0.08888888888888889
0.017857142857142856
0.16129032258064516
0.01694915254237288
0.0
0.25
0.0
0.0
0.32
0.14285714285714285
0.0
0.020833333333333332
0.044444444444444446
0.06779661016949153
0.09259259259259259
0.08
0.15625
0.13157894736842105
0.043478260869565216
0.15384615384615385
0.058823529411764705
0.0
0.0
0.5961538461538461
0.05194805194805195
0.0
0.01098901098901099
0.20512820512820512
0.34210526315789475
0.13513513513513514
0.06779661016949153
0.012345679012345678
0.125
0.0
0.0
0.12903225806451613
0.13157894736842105
0.022388059701492536
0.0
0.02830188679245283
0.25
0.25
0.07407407407407407
0.041666666666666664
0.0
0.18604651162790697
0.10526315789473684
0.16666666666666666
0.15942028985507245
0.14285714285714285
0.24489795918367346
0.043478260869565216
0.16129032258064516
0.15384615384615385
0.04819277108433735
0.2
0.10909090909090909
0.043478260869565216
0.0
0.02127659574468085
0.16176470588235295
0.18518518518518517
0.0
0.36363636363636365
0.02857142857142857
0.34615384615384615
0.175
0.3333333333333333
0.0
0.18421052631578946
0.0
0.044444444444444446
0.0851063829787234
0.03488372093023256
0.1694915254237288
0.03614457831325301
0.045454545454545456
0.0
0.0
0.1
0.06666666666666667
0.05
0.07692307692307693
0.01020408163265306
0.057692307692307696
0.0
0.1590909090909091
0.26
0.17142857142857143
0.19047619047619047
0.09375
0.1111111111111111
0.19047619047619047
0.0
0.07692307692307693
0.3076923076923077
0.0
0.0
0.08333333333333333
0.0
0.06060606060606061
0.1111111111111111
0.25806451612903225
0.01639344262295082
0.06060606060606061
0.16326530612244897
0.08888888888888889
0.0
0.19047619047619047
0.0
0.037037037037037035
0.1
0.041666666666666664
0.15151515151515152
0.0
0.032
0.05333333333333334
0.02857142857142857
0.6078431372549019
0.3076923076923077
0.0
0.09375
0.08333333333333333
0.0
0.04
0.11363636363636363
0.0
0.15126050420168066
0.13076923076923078
0.07407407407407407
0.06060606060606061
0.011764705882352941
0.0
0.09523809523809523
0.0
0.0
0.0
0.015151515151515152
0.13253012048192772
0.125
0.171875
0.03007518796992481
0.0
0.05970149253731343
0.0
0.007575757575757576
0.2222222222222222
0.0
0.1511627906976744
0.027777777777777776
0.09523809523809523
0.0
0.0
0.0
0.05172413793103448
0.0425531914893617
0.18518518518518517
0.0
0.038461538461538464
0.06666666666666667
0.0
0.14583333333333334
0.0
0.030303030303030304
0.05063291139240506
0.012195121951219513
0.06896551724137931
0.11940298507462686
0.058823529411764705
0.17647058823529413
0.0
0.06976744186046512
0.0
0.1791044776119403
0.018867924528301886
0.03773584905660377
0.014084507042253521
0.047244094488188976
0.0
0.0
0.125
0.044444444444444446
0.0
0.11320754716981132
0.16260162601626016
0.08333333333333333
0.10344827586206896
0.03571428571428571
0.1
0.034482758620689655
0.234375
0.1774193548387097
0.06060606060606061
0.23076923076923078
0.24324324324324326
0.06779661016949153
0.04
0.0
0.13432835820895522
0.0
0.12244897959183673
0.0707070707070707
0.0
0.0
0.0
0.0
0.058823529411764705
0.0
0.08823529411764706
0.46875
0.0
0.045454545454545456
0.2857142857142857
0.04
0.0
0.14285714285714285
0.0
0.7837837837837838
0.047619047619047616
0.043478260869565216
0.0
0.02702702702702703
0.0
0.09375
0.17073170731707318
0.1794871794871795
0.027777777777777776
0.061224489795918366
0.14634146341463414
0.11904761904761904
0.0759493670886076
0.025210084033613446
0.10810810810810811
0.1791044776119403
0.08695652173913043
0.6666666666666666
0.10810810810810811
0.0
0.0
0.6666666666666666
0.058333333333333334
0.0
0.013157894736842105
0.0
0.014492753623188406
0.12121212121212122
0.09375
0.0375
0.02727272727272727
0.0
0.06382978723404255
0.38461538461538464
0.015151515151515152
0.36363636363636365
0.16666666666666666
0.14814814814814814
0.0
0.11904761904761904
0.0
0.2777777777777778
0.11764705882352941
0.1951219512195122
0.45454545454545453
0.09375
0.08163265306122448
0.11392405063291139
0.028037383177570093
0.2413793103448276
0.4444444444444444
0.0
0.15789473684210525
0.041666666666666664
0.03225806451612903
0.11627906976744186
0.041666666666666664
0.0
0.023809523809523808
0.14814814814814814
0.14084507042253522
0.05263157894736842
0.0
0.06382978723404255
0.11904761904761904
0.13793103448275862
0.017241379310344827
0.0
0.1015625
0.12
0.023255813953488372
0.21212121212121213
0.1951219512195122
0.21052631578947367
0.19047619047619047
0.25
0.0
0.10810810810810811
0.03571428571428571
0.5
0.21818181818181817
0.1111111111111111
0.038461538461538464
0.029850746268656716
0.03125
0.02127659574468085
0.08695652173913043
0.18556701030927836
0.02
0.11538461538461539
0.05
0.09523809523809523
0.018518518518518517
0.015037593984962405
0.0
0.0
0.0
0.24444444444444444
0.0
0.6666666666666666
0.06666666666666667
0.5294117647058824
0.016666666666666666
0.08333333333333333
0.12121212121212122
0.2857142857142857
0.052083333333333336
0.45454545454545453
0.03125
0.03571428571428571
0.0
0.02857142857142857
0.125
0.2972972972972973
0.16666666666666666
0.03260869565217391
0.05405405405405406
0.0
0.015384615384615385
0.0
0.2857142857142857
0.034482758620689655
0.012658227848101266
0.0
0.10714285714285714
0.029411764705882353
0.06818181818181818
0.02127659574468085
0.23076923076923078
1.0
0.22
0.0
0.1951219512195122
1.0
0.42424242424242425
0.11904761904761904
0.15
0.03571428571428571
0.0
0.6666666666666666
0.0
0.041666666666666664
0.0125
0.8333333333333334
0.06172839506172839
0.023255813953488372
0.019230769230769232
0.05555555555555555
0.2
0.1111111111111111
0.02857142857142857
1.0
0.10416666666666667
0.0
