0.5263157894736842
0.5
0.5769230769230769
0.7
0.41304347826086957
0.65
0.43902439024390244
0.36666666666666664
0.5277777777777778
0.6739130434782609
0.5769230769230769
0.4
0.875
0.7931034482758621
0.5238095238095238
0.34285714285714286
0.3333333333333333
0.6071428571428571
0.32727272727272727
0.4
0.5
0.35294117647058826
0.6153846153846154
0.4090909090909091
0.5625
0.2982456140350877
0.13636363636363635
0.3333333333333333
0.7407407407407407
0.4074074074074074
0.5833333333333334
0.4666666666666667
0.5151515151515151
0.41935483870967744
0.43243243243243246
0.45161290322580644
0.3125
0.696969696969697
0.3333333333333333
0.4788732394366197
0.4857142857142857
0.5806451612903226
0.9
0.36486486486486486
0.5384615384615384
0.24
1.0
0.38461538461538464
0.7142857142857143
0.5789473684210527
0.47619047619047616
0.6538461538461539
0.5185185185185185
0.42857142857142855
0.22857142857142856
0.6818181818181818
0.5238095238095238
0.3181818181818182
0.3
0.5853658536585366
0.3191489361702128
0.55
0.5806451612903226
0.5
0.7647058823529411
0.53125
0.3698630136986301
0.4583333333333333
0.5238095238095238
0.5517241379310345
0.5925925925925926
0.631578947368421
0.52
0.21951219512195122
0.4074074074074074
0.46296296296296297
0.4117647058823529
0.29411764705882354
0.4074074074074074
0.5714285714285714
0.5135135135135135
0.5476190476190477
0.4642857142857143
0.4266666666666667
0.43478260869565216
0.84
0.5161290322580645
0.34782608695652173
0.42105263157894735
0.696969696969697
0.4
0.5909090909090909
0.2413793103448276
0.55
0.2682926829268293
1.0
0.7391304347826086
0.5
0.8333333333333334
0.72
0.45454545454545453
0.4897959183673469
0.4583333333333333
0.6
0.96
1.0
0.4642857142857143
0.3191489361702128
0.5
0.6410256410256411
0.6
0.34615384615384615
0.475
0.4838709677419355
0.5945945945945946
0.45161290322580644
0.4722222222222222
0.42857142857142855
0.6666666666666666
0.23333333333333334
0.06666666666666667
0.38461538461538464
0.38235294117647056
0.2708333333333333
0.5789473684210527
0.38095238095238093
0.4375
0.5769230769230769
0.425
0.5333333333333333
0.43137254901960786
0.4383561643835616
0.4230769230769231
0.5517241379310345
0.625
0.29310344827586204
0.375
0.525
0.37037037037037035
0.4117647058823529
0.6
0.525
0.4482758620689655
0.42
0.4782608695652174
0.8
0.3235294117647059
0.8
0.5675675675675675
0.5306122448979592
0.6129032258064516
0.0
0.375
0.8947368421052632
0.463768115942029
0.5862068965517241
0.3793103448275862
0.8333333333333334
0.5070422535211268
0.35714285714285715
0.5862068965517241
0.4782608695652174
0.875
0.6333333333333333
0.3103448275862069
0.35294117647058826
0.21428571428571427
0.5185185185185185
0.625
0.46
0.2727272727272727
0.0
0.6
0.6
0.7083333333333334
0.543859649122807
0.3333333333333333
0.1935483870967742
0.4838709677419355
0.6956521739130435
0.7647058823529411
0.65
0.28
1.0
0.3333333333333333
0.2857142857142857
0.5263157894736842
0.6818181818181818
0.4375
0.32142857142857145
0.27586206896551724
0.4090909090909091
0.5185185185185185
0.3235294117647059
0.4426229508196721
0.55
0.7142857142857143
0.5555555555555556
0.5714285714285714
0.46
0.5333333333333333
0.4
0.30434782608695654
0.46875
1.0
0.5405405405405406
0.47368421052631576
0.6071428571428571
0.3142857142857143
0.2708333333333333
0.3076923076923077
0.7647058823529411
0.6818181818181818
0.5
0.29850746268656714
0.88
0.5294117647058824
0.4230769230769231
0.5
0.5454545454545454
0.4166666666666667
0.574468085106383
0.52
0.4230769230769231
0.4642857142857143
0.5806451612903226
0.6388888888888888
1.0
0.75
0.4666666666666667
0.6
0.8095238095238095
0.47058823529411764
0.4634146341463415
0.3103448275862069
0.36363636363636365
0.0
0.6888888888888889
0.5806451612903226
0.55
0.8636363636363636
0.5294117647058824
0.5185185185185185
0.35135135135135137
0.3142857142857143
0.7307692307692307
0.6666666666666666
0.6216216216216216
0.48
0.7837837837837838
0.36666666666666664
0.5185185185185185
0.5
0.5952380952380952
0.48148148148148145
1.0
0.5789473684210527
0.6818181818181818
0.9166666666666666
0.85
0.6153846153846154
0.375
0.6086956521739131
0.40425531914893614
0.4827586206896552
0.4166666666666667
0.625
0.6097560975609756
0.4634146341463415
0.29577464788732394
0.8571428571428571
0.2
0.4666666666666667
0.4838709677419355
0.345679012345679
0.5161290322580645
0.425
0.5454545454545454
0.5185185185185185
0.6842105263157895
0.34615384615384615
0.4222222222222222
0.5555555555555556
0.875
0.5172413793103449
0.7272727272727273
0.6578947368421053
0.5853658536585366
0.7878787878787878
0.3235294117647059
0.8076923076923077
0.3333333333333333
0.4473684210526316
0.6428571428571429
0.56
0.0
0.8636363636363636
0.5
0.6428571428571429
0.625
0.46875
0.25
0.45
0.46875
0.42857142857142855
0.7272727272727273
0.3333333333333333
0.6521739130434783
0.6363636363636364
1.0
0.5263157894736842
0.4473684210526316
0.38095238095238093
0.35294117647058826
0.6296296296296297
0.625
0.4642857142857143
0.7368421052631579
0.4
0.34375
0.5625
0.30434782608695654
0.8823529411764706
0.4
0.3888888888888889
0.6428571428571429
0.4444444444444444
0.5609756097560976
0.24528301886792453
0.26666666666666666
0.2857142857142857
0.38461538461538464
0.36363636363636365
0.54
0.0
0.15
0.38571428571428573
0.4642857142857143
0.43661971830985913
0.19047619047619047
0.425531914893617
0.2727272727272727
0.6041666666666666
0.575
0.5384615384615384
0.5483870967741935
0.5714285714285714
0.5609756097560976
0.2857142857142857
0.4838709677419355
0.43478260869565216
0.6842105263157895
0.34285714285714286
0.56
0.35135135135135137
0.41379310344827586
0.5476190476190477
0.9047619047619048
0.39473684210526316
0.5849056603773585
0.525
0.5
0.5454545454545454
0.4864864864864865
0.4
0.5263157894736842
0.42857142857142855
0.5945945945945946
0.20689655172413793
0.48148148148148145
0.6086956521739131
0.5789473684210527
0.41379310344827586
0.34375
0.5490196078431373
0.5277777777777778
0.5263157894736842
0.5161290322580645
0.6818181818181818
0.4666666666666667
0.3939393939393939
0.5714285714285714
0.36486486486486486
0.41379310344827586
0.2857142857142857
0.9117647058823529
0.4772727272727273
0.34375
0.33962264150943394
0.5161290322580645
0.7241379310344828
0.4444444444444444
0.5135135135135135
0.45454545454545453
0.5675675675675675
0.375
0.2857142857142857
0.6666666666666666
0.4827586206896552
0.5147058823529411
0.19047619047619047
0.3235294117647059
0.5909090909090909
0.6071428571428571
0.5714285714285714
0.47368421052631576
0.27450980392156865
0.6129032258064516
0.6153846153846154
0.4
0.5853658536585366
0.75
0.7575757575757576
0.36363636363636365
0.4722222222222222
0.5526315789473685
0.3333333333333333
0.5
0.5714285714285714
0.5
0.08695652173913043
0.34375
0.5609756097560976
0.7368421052631579
0.2727272727272727
0.6071428571428571
0.5185185185185185
0.6521739130434783
0.5625
0.7333333333333333
0.3235294117647059
0.5555555555555556
0.4375
0.5172413793103449
0.5161290322580645
0.38
0.5384615384615384
0.2982456140350877
0.42857142857142855
0.5294117647058824
0.3076923076923077
0.48484848484848486
0.5428571428571428
0.30303030303030304
0.5151515151515151
0.2962962962962963
0.5277777777777778
0.3076923076923077
0.5636363636363636
0.6111111111111112
0.5
0.5625
0.36
0.5769230769230769
0.8
0.27450980392156865
0.5428571428571428
0.6086956521739131
0.2413793103448276
0.3333333333333333
0.40540540540540543
0.3333333333333333
0.26666666666666666
0.5454545454545454
0.42857142857142855
0.525
0.3103448275862069
0.5428571428571428
0.5471698113207547
0.22448979591836735
0.625
0.2571428571428571
0.3448275862068966
0.4
0.5555555555555556
0.6888888888888889
0.2692307692307692
0.3333333333333333
0.5
0.5769230769230769
0.8529411764705882
0.6923076923076923
0.45454545454545453
0.52
0.4722222222222222
0.2857142857142857
0.39622641509433965
0.53125
0.22857142857142856
0.5373134328358209
0.5070422535211268
0.36
0.48
0.28846153846153844
0.37142857142857144
0.38095238095238093
0.2807017543859649
0.34285714285714286
0.2558139534883721
0.28888888888888886
0.49056603773584906
0.75
0.5348837209302325
0.49295774647887325
0.4090909090909091
0.46153846153846156
0.4
0.5
0.6
0.47058823529411764
0.5370370370370371
0.5365853658536586
0.47368421052631576
0.26
0.27586206896551724
0.24444444444444444
0.3783783783783784
0.42857142857142855
0.44
0.35714285714285715
0.55
0.4864864864864865
0.45
0.5806451612903226
0.2857142857142857
0.4230769230769231
0.5106382978723404
0.41304347826086957
0.38461538461538464
0.46511627906976744
0.46153846153846156
0.6097560975609756
0.32142857142857145
0.3939393939393939
0.3
0.6097560975609756
0.4411764705882353
0.47058823529411764
0.28846153846153844
0.5
0.0
0.29411764705882354
0.5925925925925926
0.45454545454545453
0.43478260869565216
0.5882352941176471
0.5522388059701493
0.4857142857142857
0.47619047619047616
0.36
0.6875
0.288135593220339
0.625
0.5238095238095238
0.5
0.7777777777777778
0.6296296296296297
0.5135135135135135
0.4745762711864407
0.23255813953488372
0.4634146341463415
0.27586206896551724
0.53125
0.6511627906976745
0.3333333333333333
0.4583333333333333
0.19047619047619047
0.3269230769230769
0.30952380952380953
0.5714285714285714
0.5384615384615384
0.7307692307692307
0.40816326530612246
0.34146341463414637
0.5483870967741935
0.45
0.45454545454545453
0.6666666666666666
0.41379310344827586
0.96
0.36585365853658536
0.35294117647058826
0.42
0.29577464788732394
0.3
0.8235294117647058
0.6428571428571429
0.5161290322580645
0.42857142857142855
0.3333333333333333
0.6
0.5483870967741935
0.39285714285714285
0.323943661971831
0.64
0.6153846153846154
0.42424242424242425
0.9310344827586207
0.5185185185185185
0.4
0.3333333333333333
0.8333333333333334
0.39705882352941174
0.2
0.4523809523809524
0.2413793103448276
0.3918918918918919
0.5
0.6363636363636364
0.2545454545454545
0.30985915492957744
0.46153846153846156
0.42424242424242425
0.7142857142857143
0.3333333333333333
0.8181818181818182
0.4642857142857143
0.5909090909090909
0.3548387096774194
0.4
0.2702702702702703
0.6296296296296297
0.5714285714285714
0.5483870967741935
0.8333333333333334
0.5416666666666666
0.48484848484848486
0.5306122448979592
0.3235294117647059
0.7619047619047619
1.0
0.3548387096774194
0.68
0.36363636363636365
0.46296296296296297
0.4727272727272727
0.5192307692307693
0.22580645161290322
0.375
0.5
0.5238095238095238
0.7142857142857143
0.3
0.59375
0.5384615384615384
0.6764705882352942
0.4358974358974359
0.5
0.4722222222222222
0.7045454545454546
0.3235294117647059
0.5185185185185185
0.5806451612903226
0.5526315789473685
0.47058823529411764
0.5
0.38095238095238093
0.4642857142857143
0.2982456140350877
0.8571428571428571
0.5675675675675675
0.42857142857142855
0.41509433962264153
0.5072463768115942
0.4
0.3548387096774194
0.42857142857142855
0.7209302325581395
0.375
0.4838709677419355
0.3684210526315789
0.38095238095238093
0.3088235294117647
0.41333333333333333
0.3333333333333333
0.40540540540540543
0.3181818181818182
0.6428571428571429
0.2653061224489796
0.8333333333333334
0.3939393939393939
0.8571428571428571
0.4864864864864865
0.41025641025641024
0.56
0.625
0.43333333333333335
0.8095238095238095
0.4
0.5238095238095238
0.32432432432432434
0.4074074074074074
0.52
0.6785714285714286
0.4166666666666667
0.45454545454545453
0.42857142857142855
0.3870967741935484
0.5
0.0
0.875
0.4166666666666667
0.41304347826086957
0.3333333333333333
0.7777777777777778
0.4418604651162791
0.43636363636363634
0.3939393939393939
0.7272727272727273
1.0
0.625
0.3333333333333333
0.5806451612903226
1.0
0.6923076923076923
0.5483870967741935
0.5098039215686274
0.4166666666666667
0.36666666666666664
0.8181818181818182
0.25925925925925924
0.5
0.3877551020408163
0.8571428571428571
0.37037037037037035
0.34375
0.5588235294117647
0.4383561643835616
0.6428571428571429
0.4782608695652174
0.41379310344827586
1.0
0.5666666666666667
0.4444444444444444
