0.0
0.0
0.047619047619047616
0.0
0.0
0.0
0.0
0.0
0.12121212121212122
0.09433962264150944
0.0
0.0
0.0
0.038461538461538464
0.0
0.0
0.0
0.5294117647058824
0.0
0.05263157894736842
0.0
0.0
0.05555555555555555
0.0
0.0
0.0
0.0
0.0
0.038461538461538464
0.0
0.06521739130434782
0.0
0.0
0.0
0.0
0.08695652173913043
0.0
0.2727272727272727
0.045454545454545456
0.0
0.0
0.045454545454545456
0.3333333333333333
0.045454545454545456
0.0
0.0
0.0
0.0
0.0
0.10810810810810811
0.0
0.5294117647058824
0.15789473684210525
0.0625
0.0
0.0
0.0
0.0
0.0
0.0625
0.08
0.0
0.11764705882352941
0.0
0.0
0.09090909090909091
0.0
0.0
0.0
0.125
0.5294117647058824
0.1891891891891892
0.043478260869565216
0.0
0.0
0.0
0.0
0.0
0.0
0.0
0.07142857142857142
0.0
0.0
0.0
0.0
0.2857142857142857
0.0
0.0
0.0
0.2727272727272727
0.0
0.0
0.0
0.0
0.0
1.0
0.2
0.0
0.0
0.24
0.0
0.0
0.0
0.047619047619047616
0.23076923076923078
0.0
0.0
0.0
0.0
0.0
0.0
0.0
0.0
0.0
0.23529411764705882
0.0
0.0
0.0
0.14285714285714285
0.0
0.0
0.0
0.0
0.0
0.0
0.0
0.0
0.0
0.034482758620689655
0.0
0.0
0.0
0.0
0.0
0.12244897959183673
0.0
0.10526315789473684
0.0
0.0
0.0
0.42857142857142855
0.0
0.0
0.0
0.0
0.2857142857142857
0.0
0.25
0.14705882352941177
0.04081632653061224
0.038461538461538464
0.0
0.0
0.5833333333333334
0.057971014492753624
0.08695652173913043
0.0
0.0
0.0
0.0
0.11764705882352941
0.0
0.5172413793103449
0.038461538461538464
0.0
0.0
0.0
0.0
0.0
0.0
0.0
0.0
0.058823529411764705
0.09090909090909091
0.47058823529411764
0.125
0.0
0.0
0.0
0.5833333333333334
0.3076923076923077
0.0
0.0
0.9333333333333333
0.0
0.0
0.0
0.07142857142857142
0.08695652173913043
0.0
0.0
0.0
0.0625
0.0
0.0
0.0
0.5
0.0
0.09090909090909091
0.0
0.0
0.0
0.0
0.0
1.0
0.10344827586206896
0.0
0.16666666666666666
0.0
0.0
0.0
0.07142857142857142
0.0
0.0
0.03278688524590164
0.5238095238095238
0.043478260869565216
0.0
0.0
0.0
0.0
0.0
0.05555555555555555
0.0
0.0
0.0
0.21212121212121213
1.0
0.038461538461538464
0.0
0.0
0.5833333333333334
0.0
0.0
0.0
0.0
0.0
0.1320754716981132
0.20833333333333334
0.0
0.6666666666666666
0.0
0.058823529411764705
0.0
0.0
0.2
0.3333333333333333
0.21212121212121213
0.0
0.5641025641025641
0.0
0.11764705882352941
0.0
0.0
0.0
0.0
0.0
0.0
0.0
0.3333333333333333
0.16
0.0
0.0
0.024390243902439025
0.10526315789473684
0.0
0.0
0.21212121212121213
0.0
0.0
0.1
0.0
0.10526315789473684
0.08695652173913043
0.0
0.0
0.0
0.0
0.0
0.0
0.0
0.0
0.35294117647058826
0.0
0.0625
0.35714285714285715
0.05128205128205128
0.10526315789473684
0.3103448275862069
0.0
0.19047619047619047
0.0
0.034482758620689655
0.037037037037037035
0.12244897959183673
0.0
0.7333333333333333
0.125
0.14814814814814814
0.1875
0.0
0.0
0.0
0.13333333333333333
0.0
0.3333333333333333
0.0
0.4166666666666667
0.0
1.0
0.020833333333333332
0.0
0.0
0.0
0.05263157894736842
0.0
0.0
0.0
0.0
0.0
0.0
0.0
0.6923076923076923
0.0
0.0
0.24
0.0
0.0
0.0
0.0
0.0
0.0
0.0
0.13043478260869565
0.0
0.0
0.01639344262295082
0.15789473684210525
0.06060606060606061
0.0
0.0
0.0
0.08163265306122448
0.0
0.14285714285714285
0.09523809523809523
0.0
0.10526315789473684
0.0
0.0
0.0
0.125
0.0
0.0
0.0
0.0
0.08823529411764706
0.7333333333333333
0.0
0.125
0.0
0.0
0.0
0.0
0.0
0.0
0.0
0.23529411764705882
0.0
0.0
0.35714285714285715
0.07142857142857142
0.0
0.0
0.0
0.0
0.0
0.0
0.09433962264150944
0.10526315789473684
0.0
0.10714285714285714
0.06060606060606061
0.0
0.0
0.5641025641025641
0.0
0.0
0.0
0.20833333333333334
0.25925925925925924
0.10526315789473684
0.0
0.0
0.058823529411764705
0.0
0.0
0.06666666666666667
0.10526315789473684
0.0
0.0
0.0
0.0
0.2
0.038461538461538464
0.0
0.0
0.17647058823529413
0.047619047619047616
0.0
0.0625
0.0
0.13793103448275862
0.0
0.13043478260869565
0.08823529411764706
0.0
0.20833333333333334
0.03571428571428571
0.0
0.0
0.0
0.0625
0.14285714285714285
0.0
0.5294117647058824
0.0
0.35714285714285715
0.11764705882352941
0.0
0.0
0.05555555555555555
0.0
0.0
0.037037037037037035
0.0
0.13793103448275862
0.0
0.0
0.0
0.0
0.0
0.0
0.0
0.0
0.0
0.0
0.0
0.125
0.10344827586206896
0.058823529411764705
0.17647058823529413
0.0
0.047619047619047616
0.038461538461538464
0.0
0.0
0.35714285714285715
0.0
0.0
0.034482758620689655
0.0
0.0
0.0
0.29411764705882354
0.0
0.0
0.10714285714285714
0.0
0.0
0.05263157894736842
0.0
0.0
0.0
0.0
0.09433962264150944
0.0
0.0
0.0
0.0
0.6410256410256411
0.14285714285714285
0.0
0.0
0.034482758620689655
0.0
0.0
0.0
0.0
0.08695652173913043
0.057971014492753624
0.0
0.0
0.0
0.0
0.0
0.0
0.0
0.0
0.0
0.08163265306122448
0.0
0.07894736842105263
0.0
0.0
0.0
0.0
0.0
0.20689655172413793
0.0
0.125
0.0
0.0
0.0
0.0
0.0
0.0
0.0
0.0
0.0
0.0
0.0
0.0
0.09090909090909091
0.0
0.0
0.0
0.0
0.0
0.0
0.0
0.15151515151515152
0.0
0.0
0.0
0.15151515151515152
0.0
0.0
0.0
0.015384615384615385
0.0
0.0
0.04
0.0
0.0
0.10714285714285714
0.07246376811594203
0.034482758620689655
0.0
0.0
0.0
0.0
0.21875
0.07894736842105263
0.0
0.21428571428571427
0.2222222222222222
0.0
0.0
0.0
0.09090909090909091
0.0
0.09090909090909091
0.018867924528301886
0.0
0.0
0.0
0.0
0.0
0.0
0.0
0.6666666666666666
0.0
0.0
0.26666666666666666
0.0
0.0
0.0
0.0
0.8
0.0
0.0
0.0
0.0
0.0
0.0
0.037037037037037035
0.21052631578947367
0.0
0.0
0.045454545454545456
0.045454545454545456
0.0
0.0
0.047619047619047616
0.15151515151515152
0.0
0.7777777777777778
0.0625
0.0
0.0
0.0
0.03278688524590164
0.0
0.0
0.0
0.0
0.07894736842105263
0.0
0.0
0.0
0.0
0.0
0.3333333333333333
0.0
0.3333333333333333
0.15789473684210525
0.0
0.0
0.10526315789473684
0.0
0.2222222222222222
0.038461538461538464
0.08695652173913043
0.3333333333333333
0.0
0.0
0.043478260869565216
0.0
0.07692307692307693
0.3333333333333333
0.0
0.0
0.0
0.0
0.0625
0.0
0.0
0.0
0.043478260869565216
0.0625
0.0
0.0
0.0
0.04081632653061224
0.09090909090909091
0.0
0.0
0.043478260869565216
0.09433962264150944
0.0
0.058823529411764705
0.20833333333333334
0.20689655172413793
0.20833333333333334
0.28
0.0
0.0625
0.0
0.5128205128205128
0.20689655172413793
0.0
0.0
0.0
0.0
0.0
0.0
0.16981132075471697
0.0
0.0
0.0
0.0
0.0
0.0
0.0
0.0
0.0
0.2
0.0
0.0
0.0
0.3
0.0
0.0
0.0
0.35714285714285715
0.0
0.5833333333333334
0.0
0.0
0.0
0.0
0.0
0.18518518518518517
0.0
0.0
0.0
0.0
0.0
0.0
0.0
0.0
0.0
0.0
0.0
0.0
0.0
0.0
0.25
1.0
0.1724137931034483
0.0
0.20833333333333334
0.0
0.6111111111111112
0.045454545454545456
0.043478260869565216
0.0
0.0
0.7333333333333333
0.0
0.0
0.0
1.0
0.0
0.0
0.0
0.016129032258064516
0.0
0.0
0.0
1.0
0.09090909090909091
0.0
