0.5106250577809353
0.29760341968490867
0.30681460564769225
0.3912033340647896
0.2639368320496555
0.20606003045133642
0.3607893092766574
0.1999096979652737
0.26914642365146896
0.46919689600431397
0.8166888105364771
0.2649980196930547
0.19662105545119266
0.05851308383527708
0.4135349976187664
0.5295170848912503
0.15494652694223607
0.38046580168989136
0.15494652694223607
0.21940541320046086
0.44868191910418764
0.3984021055543567
0.6986672733129901
0.21127445416016277
0.22736605605314744
0.3368931756357819
0.3196100361916847
0.007164962593434286
0.1905767536437639
0.17424153806661224
0.5596209537930862
0.6846578142851724
0.29527386412944523
0.5596209537930862
0.2626976391360895
0.7711404751589862
0.1446229725187536
0.341242931561988
0.20686100789553372
0.15250572013583247
0.03719592429532753
0.0
0.8075213965761716
0.30054379392411795
0.30054379392411795
0.30054379392411795
0.2948878198444764
0.2948878198444764
0.30054379392411795
0.30054379392411795
0.3383545997822427
0.7859876449178984
0.5267301321824367
0.9143082088680935
0.42610369115098773
0.6836076117954853
0.5443427381194306
0.6523425406714548
0.1937173474733832
0.5682377054232012
0.3410871179948737
0.0
0.35761572216822507
0.15531368486646652
0.2504489189469493
0.21393214189344512
0.22676353364524823
0.0
0.874090193145571
0.8070260543314294
0.3024460896237385
0.0
0.09475942151785388
0.21664685379157664
0.014975335580797187
0.21153410354984756
0.5147906418674394
0.24316467810559156
0.4625581449768711
0.2981696558296992
0.6050889332009523
0.8056533618219909
0.2976420532794325
0.049643627839242456
0.3242234733472421
0.5144021168136481
0.39684697233163474
0.09544612581365954
0.0874718879225445
0.158993164245713
0.73086976837439
0.18231788212925204
0.3874447741859973
0.3250656004165808
0.379275119747962
0.3126533149486251
0.4264734003822897
0.051963912008977486
0.5181897527358724
0.1566139028379657
0.2885804512079096
0.0
0.24558858500921718
0.3358434066922734
0.24914039331401802
0.1928582282422232
0.43073585885723836
0.5922048504152999
0.021812492024509633
0.4509725202540088
0.21653337049479865
0.3337606514491408
0.3380949925467763
0.49872555176868627
0.0
0.17034981973098867
0.47186063171927056
0.0
0.4196249774869247
0.49247525572945433
0.0
0.0
0.0
0.0
0.0
0.0
0.0
0.37144605183471363
0.019863009048202474
0.019102548075434864
0.11874363167398068
0.019863009048202474
0.3357615472513604
0.2058239487259155
0.2956620599283702
0.3470954388315977
0.12924702600132942
0.20662756581505123
0.3245577161338203
0.2454775819418629
0.20681089090807744
0.20936820924093577
0.0
0.12400719646957283
0.5075909538193266
0.07666585653250915
0.5348587832116156
0.7585108053779351
0.12904938083671022
0.5348587832116156
0.6155050915021665
0.1447584855424244
0.0
0.0
0.08274789257060682
0.3628410631160697
0.0
0.0
0.2387628724575533
0.0
0.0
0.35969696205311613
0.038256265338790174
0.0
0.29985693767752697
0.1105174330927987
0.03919406410949695
0.4343343568930771
0.631312592307962
0.10553630988053718
0.6991063558369802
0.13313114542730287
0.22553255618331178
0.19844938690992228
0.49528230999193795
0.0
0.3590976433989439
0.0
0.1271330015201221
0.1682428518381612
0.04772183304460181
0.0305592091483154
0.01137154797918217
0.1339456647557101
0.16232831386090915
0.5962357425352814
0.0
0.0
0.0
0.0
0.36971164114681004
0.5861056455217104
0.5941456953338076
0.10264460047099806
0.03853497716637932
0.13219144943699518
0.0
0.4587401895962212
0.490183905266717
0.0
0.0
0.0
0.15997085285309515
0.6922668790309753
0.08667778172054214
0.0
0.16726958111669304
0.24879646646203385
0.0
0.029074181791349216
0.1953002446853761
0.5318439330522615
0.3487366749894628
0.2172206990739681
0.09924083514495123
0.17824113491735327
0.13300549028434394
0.2283329567706622
0.2235561405848443
0.0
0.17122157003837263
0.4622079265498314
0.3823082754700926
0.09664064445346791
0.0
0.16856370192858738
0.1967929538347439
0.2824593075521337
0.11531140809796366
0.033895393158063024
0.006327239796783353
0.04157436992436073
0.04240770441955466
0.016993300522103162
0.17188028929520194
0.052771776054813216
0.0
0.13791924924308635
0.0
0.007169167408699637
0.2626674271430878
0.0
0.31263573650450993
0.47994431882670724
0.0
0.011113992001794732
0.2629558811999856
0.03010868159317447
0.3860769890211453
0.1570056155162499
0.08254617154132014
0.14609742968096484
0.036161156863876
0.3975121231996419
0.319489425310861
0.05652452075615124
0.11708042312086273
0.06486321752965937
0.0941096093810362
0.33463230889023166
0.11804588685759562
0.48618006919717976
0.005027582498687912
0.056162696485897924
0.3273751393177425
0.0844146631967466
0.14493756533691923
0.007280363798767221
0.048194278300876095
0.4451817830770745
0.10065224391525786
0.17478792366223012
0.006587420029039175
0.013840647657543845
0.046611561477889515
0.008766766374910494
0.28440171844662615
0.0636731601760012
0.0
0.25400025400038095
0.20760953059042928
0.051532180198371524
0.31062871342539433
0.14584477226000883
0.34632382718713184
0.23441623435861758
0.2756222503746622
0.06311136528303303
0.16831723786047692
0.3698518395194022
0.0
0.0
0.0
0.010102711676820204
0.0
0.21408200251778145
0.17222173965959922
0.06782654557766184
0.10000683805135045
0.0
0.01305715065946209
0.16972926678232675
0.3005798773249259
0.335059639604783
0.1332772449567967
0.048292913669323555
0.15026865946639956
0.01311625402906483
0.006338856770752877
0.255700759455122
0.20542030300249906
0.5421961796597423
0.011919120938314591
0.1612676144586932
0.0
0.03773238178049891
0.07261984751757047
0.23479544455683657
0.0
0.0
0.027705748368958536
0.391100732090489
0.1675368123109651
0.005451922116800838
0.10306495358571413
0.0
0.0
0.01531605570392529
0.0
0.01052271132943518
0.0
0.012711704179644085
0.0
0.28202699032687073
0.15700831883599742
0.24844050833901826
0.33305893775941564
0.16686807997906908
0.05586523043719998
0.12662326076535266
0.01495130752901216
0.01831596472440696
0.12719392217135048
0.04823110667168688
0.5245220487097113
0.23476785293880426
0.17975106952356748
0.16613511972125958
0.0
0.02022143735201607
0.028446849235741353
0.2626960619669454
0.16834170486521055
0.15121083790116877
0.0
0.0
0.0
0.0
0.0
0.08786656961941754
0.21428324916426641
0.32536234381947904
0.0
0.0
0.0
0.0
0.0
0.08367163756780445
0.0
0.0
0.0
0.0
0.0
0.0
0.0
0.12634152330527965
0.09797418326286265
0.00834520198130272
0.0
0.09944724738270205
0.11923453791343615
0.061141977029340835
0.16077638689807883
0.009450971712956578
0.1109597001606667
0.0
0.455304535568033
0.34418786322276135
0.0
0.13009867802610722
0.02014024296042133
0.0
0.0
0.6917589883227329
0.013848663683856269
0.06069692884729232
0.0
0.0
0.26892567689099744
0.005376389034369917
0.22347400229918446
0.03158632611789833
0.24375830361394524
0.0
0.05257767100504277
0.2271806719450747
0.0
0.0889785020415934
0.27143181628974733
0.017088789759973688
0.012954857350983675
0.3358100833353359
0.15684999268901761
0.0
0.06296697039626596
0.003951911972955956
0.04300862325902613
0.0
0.0
0.015054722250902796
0.0
0.0682699372638321
0.0
0.09750055145933896
0.0
0.03721379737246089
0.0
0.0
0.0
0.3304125480736084
0.5986869109146685
0.0
0.1568376833840059
0.19166919089994572
0.1132608727377402
0.15224969704171842
0.007340830620475827
0.0
0.0
0.0
0.0909333870239331
0.0
0.0
0.0
0.0688411943202085
0.014137689072902176
0.03808576792752598
0.0
0.0
0.0
0.0
0.022269265194176602
0.0
0.009418497112434527
0.006499660966826905
0.28715707500581145
0.0
0.07556333136151157
0.1275336963725813
0.0
0.3958882046007186
0.20050316090596157
0.07142188901175307
0.13453755887608168
0.0
0.007428269293038947
0.0
0.0
0.034513799887362875
0.0
0.08905441692409397
0.026155060769143472
0.0
0.16602447917148302
0.0
0.10788307342391036
0.0
0.0
0.0
0.0
0.46003002067303844
0.0
0.0
0.019646358384460987
0.06038131736502989
0.0
0.021075839116889684
0.1588867014505347
0.023916652049196886
0.013217670407239996
0.0
0.0
0.1299209924424615
0.0
0.0325419886917522
0.0032216835368728157
0.0
0.40082022780156357
0.1790676971730747
0.0
0.0
0.0
0.0
0.09167483119038194
0.5257815243328051
0.006136277325609323
0.0
0.20138499370135626
0.0
0.0
0.0
0.009982516104641173
0.009350007839389345
0.22445858929338755
0.03266755654949203
0.0
0.145464094578618
0.0
0.0
0.0
0.0
0.053742612641126376
0.008144054633497799
0.00469247562857805
0.09747988744694266
0.03355726490389963
0.004695842784886213
0.07592765036349643
0.05909321547366486
0.1314114737104825
0.047811225240462156
0.11663733146183448
0.0
0.0045702249730117635
0.004228943966319585
0.006481327838589097
0.0
0.0
0.0
0.0
0.012936334390882678
0.0
0.0
0.0
0.0
0.0
0.15905225073926996
0.0
0.04434312647088683
0.0
0.0
0.0
0.019888576105565204
0.0
0.15262205211509292
0.0
0.0
0.009878054946036382
0.03145064305022755
0.0
0.0
0.0
0.036450017219152496
0.01691325701596533
0.0
0.0
0.0
0.0
0.017973786173025363
0.0
0.0
0.0
0.0
0.005883823024367264
0.08013663101940248
0.0
0.0
0.19005339906536206
0.0
0.007772940193121999
0.04993467333201847
0.27001331523495314
0.0
0.0025237080777472222
0.0
0.08849995870914462
0.028594005208338217
0.0
0.0
0.08972753338290934
0.008087774117340817
0.0
0.0
0.0
0.0
0.0047587262309288295
0.0
0.1067018859948409
0.12488438612392706
0.07147021929399285
0.0
0.0
0.0
0.0
0.0
0.22327049493292286
0.0
0.0
0.0
0.0
0.0
0.0
0.0
0.015107276750779084
0.0
0.0
0.0
0.0
0.0
0.07169214527913988
0.0
0.0
0.0
0.0
0.0
0.0
0.0
0.0
0.0
0.10663183961699998
0.18170964182902516
0.06916595077234082
0.0
0.0
0.0
0.0
0.11245738205681956
0.0
0.0
0.0
0.0
0.08196000714767104
0.0
0.0905539371776156
0.0
0.0
0.0
0.0791445307784222
0.0
0.0
0.0
0.0
0.15881531947989735
0.0
0.18653064298214236
0.0
0.0
0.0
0.0
0.0
0.0
0.0
0.0
0.09494730013519119
0.0
0.0
0.04954140979311287
0.0
0.0
0.0
0.0
0.0
0.0
0.10205587295591054
0.0
0.0
0.0
0.0
0.0
0.08006637846968671
0.0
0.0
0.05944743613622676
0.0
0.0346948173865902
0.024353829987153942
0.0
0.0
0.0
0.0
0.0
0.0
0.0
0.0
0.04687228461981005
0.0
0.0
0.041136042023518164
0.0
0.0
0.0
0.0
0.11472565766984708
0.0
0.0
0.03685994266410833
0.08114710535994138
0.0
0.0
0.0
0.09270584746907598
0.0597687687181263
0.0
0.0
0.0
0.0
0.0
0.0
0.0
0.0
0.0
0.0
0.0
0.0
0.0
0.025930892672208942
0.09466357971473101
0.0
0.0
0.0
0.031125093114567005
0.0
0.024392973166986655
0.0
0.0
0.0
0.41766736743276334
0.022570978477877153
0.0
0.06848864778946127
0.0
0.0
0.0
0.0
0.0
0.0
0.0
0.0
0.0
0.0
