0.5049056212984697
0.383027852258166
0.3740331204583818
0.43703751027756543
0.37716458288365357
0.28968979169437664
0.4834516067631333
0.22076297974432108
0.4186191690812451
0.4943999978836853
0.9198961794505525
0.33179585592007244
0.28790413561458067
0.1894667541335406
0.5108549805824693
0.571366072297031
0.24631742854500488
0.3974143315812438
0.24631742854500488
0.31146918875707924
0.4765318360736796
0.5052935889725719
0.7183397321871273
0.27114041468909206
0.33080419225966373
0.3314275305424054
0.3885642541650761
0.010812519538347252
0.31949951205664
0.2533803977615306
0.6105803497091652
0.7243142340487041
0.2836055620454431
0.6105803497091652
0.3122721519000981
0.7560720263165723
0.2122298531362512
0.42369107570086756
0.2822095049899703
0.2361919633461856
0.08330137255291759
0.15855756153116948
0.8506002614154636
0.28478287539355723
0.28478287539355723
0.28478287539355723
0.2802288610524842
0.2802288610524842
0.28478287539355723
0.28478287539355723
0.43514886934724184
0.8129475061706225
0.5154487092492234
0.9136343129702159
0.473451161126556
0.7151969069727238
0.6221187703632872
0.7509493673210067
0.2205623010211358
0.5963454236972143
0.3478484185247198
0.0038193853945556666
0.43316046225818794
0.17043377462989015
0.24404729919579116
0.3006686661950879
0.23227019315704747
0.06961538288493246
0.869841967768447
0.8112591292533158
0.40419613388196424
0.00700575940638237
0.10570403762623722
0.2766011967134759
0.02125426894230952
0.23405587961317104
0.5517537327809618
0.2647096572899256
0.5114831527460754
0.31447331905134573
0.8051068750593281
0.7899867224501415
0.384843557781541
0.07239666763614877
0.3412386141684196
0.5583829693743917
0.4308077446200596
0.14411701318181122
0.12040269584383378
0.2570402910454118
0.7860013515733615
0.29318216049554785
0.43883223855500253
0.31896269708325775
0.4584716977349968
0.3646184425722281
0.4315270190435886
0.10636442494054713
0.5674843736352311
0.20380668722642917
0.38196909870854584
0.0
0.2524556651275086
0.3392254795035193
0.27085767481294726
0.20499354631785724
0.4151177387153746
0.567692434466391
0.03293717714620229
0.5596925220389151
0.20360313747062436
0.397763272971906
0.3642568578967856
0.49751935482468834
0.06819697536969574
0.30300933569218585
0.5294561322252814
0.0
0.4598870290859484
0.4718638058964588
0.00880321732055722
0.00642563159654777
0.0
0.011363734190882855
0.014058598055473798
0.010261631467107696
0.014058598055473798
0.4244279034778477
0.029564939843899657
0.029731316668344623
0.165692099128145
0.029564939843899657
0.406552737909735
0.3008210224039724
0.3232017258701941
0.4076231548871932
0.11993153463097615
0.19063817425335788
0.3794862807029226
0.2777405103845056
0.2381481628783389
0.20701751436253374
0.08998660286662838
0.18049795046617817
0.4983612035361072
0.10529103241018001
0.537810036349294
0.7530571179612859
0.13943757446071997
0.537810036349294
0.6549881629815992
0.263797704596594
0.004777180980690377
0.030407844944422297
0.1809918461601934
0.3863032093878754
0.0
0.0040846335360177075
0.3083930401066249
0.0057004047035932185
0.0057004047035932185
0.3533688964977888
0.025791161475828838
0.0021978863172536305
0.3220221894229566
0.12608883681052266
0.05817818227975505
0.46617842497114703
0.7099975004342034
0.15087518566097266
0.7304522253959091
0.21316057851222042
0.22266971281764203
0.270902970154506
0.49991539009756586
0.0
0.3821879888838684
0.006001812872884955
0.16678421911846095
0.16350956960992222
0.0689534032071288
0.12136477489529333
0.018114358214957247
0.1277121946651696
0.15524792836770906
0.5900197843523173
0.009761524545816226
0.009761524545816226
0.0
0.007276835781062845
0.4005060646105111
0.5907197432010456
0.5986501406797998
0.10615416145720623
0.11986272728579905
0.2110302721220645
0.020309530116980067
0.4466708365729379
0.4888125588803729
0.017332721170128886
0.006400985655006082
0.027681819451881723
0.20031057913009367
0.7226619635954502
0.17952522686185454
0.005006191863735317
0.15604801200162294
0.2404064576529956
0.06011862547799045
0.04392614917834836
0.24971716728324722
0.5495817472111294
0.3738564154003457
0.2268813153403793
0.20061057707496802
0.2232085172528209
0.173184495127188
0.20629686282684692
0.2888021664687921
0.0
0.14467412507973088
0.44886848762540993
0.48775636871794453
0.18067082810968865
0.0
0.2493726479522516
0.23038825815345787
0.32925527284937367
0.17846770165032566
0.05157240968395558
0.06318932328660887
0.07983467878706363
0.11881584214573068
0.02573998866887693
0.19343586859243175
0.11081448796724266
0.004638096949073759
0.26460821250205085
0.0
0.011066833633582126
0.3503179675473638
0.041510286119030834
0.3563581954913449
0.49339907712615916
0.04730361785546699
0.016817505470945626
0.3863120567892262
0.08932029456123029
0.4356851609391399
0.2730771749520327
0.11382194896192657
0.20854743329198927
0.07629472753691705
0.4648012637396816
0.3442792603523277
0.07281789738485155
0.11368256840319775
0.09217359085391974
0.08846827063847372
0.35548682923698127
0.1698424104166861
0.48388623798182184
0.05080962409382422
0.11020813942610151
0.3848859952767481
0.11655006406206132
0.17154374365416872
0.011097592449297618
0.09815838276638839
0.4483709285129913
0.19717983083900098
0.2415888568966264
0.01003098717565447
0.02083295701649314
0.07024193677484966
0.01365613655206448
0.3111733486910071
0.09735082324161831
0.005857169289474542
0.3259968826147034
0.2244903088772916
0.07553725200624824
0.38984174262669
0.15085088158324006
0.36232252959762073
0.31196374800930227
0.32516746464460017
0.09428802810292393
0.23735817773643395
0.383296047824872
0.0
0.0025318176400120564
0.049451439634828565
0.01462831320109409
0.08391313432238473
0.26640182456337935
0.20754589750843624
0.1345184714672423
0.12338281527368365
0.0
0.019620215836210438
0.19277956773128924
0.3437687279930937
0.35294869827037173
0.1570580160987188
0.06832617539458537
0.1552952872270464
0.01885172916044306
0.009581775926625938
0.33957065695298616
0.1798109739632817
0.547195889164956
0.01764423028915706
0.19835480006947673
0.0011019412139560772
0.07914024497314225
0.14515003925386896
0.2828109671332617
0.0
0.018100350719981558
0.027309237478115662
0.4169171459845999
0.22161854007153808
0.00849223661355945
0.08440330834954493
0.0
0.0
0.0238740960070536
0.003458670618439107
0.015673918530002832
0.0
0.019286685275055334
0.05667152747626406
0.368027086615467
0.16105691592155216
0.32933379959873627
0.36591443047425026
0.21717957625397716
0.11797706805977268
0.17574707000382697
0.010278215421285472
0.028736033197388804
0.1486977356972699
0.07391213563417921
0.5321830716627433
0.3388172166531984
0.23253295374016886
0.17026576086375936
0.004232589962440501
0.03138933879169016
0.04232049863954253
0.2942232719392809
0.20208217879936644
0.17345258774101674
0.002704524499013276
0.0031640329240271354
0.0
0.0031583471998814275
0.0
0.0948964450722017
0.27794873469009046
0.3651454016572251
0.0161709340063801
0.0
0.0
0.0
0.0
0.1492367879521224
0.015135053858512985
0.023011194223597195
0.03414376675654283
0.002845446423220802
0.014954648643211634
0.0
0.08936543998958596
0.15234049179817782
0.11000040876418934
0.012392931801885321
0.0064903618128145215
0.11061837935185466
0.15526406961095005
0.1335187706764993
0.2312361034012663
0.01402315740426443
0.11721863489076874
0.009285452233227584
0.5037141346397832
0.36396679301633517
0.029767266751431147
0.15509640921501616
0.030246028330127985
0.012223412741773777
0.0022784814154670806
0.7062431457958563
0.02035031522929205
0.08545108334378282
0.0027350473169696324
0.06343576280186938
0.30195996071268266
0.008112529214291302
0.25903061756844653
0.043521940520017184
0.2908741261337862
0.005352831928452349
0.10533513716074035
0.26605314723006845
0.004685551452399847
0.08554281784990625
0.2951268061671441
0.026127494812874127
0.008135232135290509
0.387831332239909
0.18940932114445927
0.0
0.10473580250426291
0.08039062670888038
0.08467216167053673
0.0016814069452802589
0.008603950447905169
0.021940454640789978
0.0577722927636305
0.09978705419129642
0.0014048484790278168
0.13573600319305357
0.0
0.033685797647696684
0.006500114822597357
0.0
0.0
0.3675809262758877
0.6344041680272757
0.0
0.1690068398009357
0.19095384969872523
0.13937048705430416
0.19713301302924408
0.015229131799240622
0.04223137159451126
0.043822906436649156
0.0018019693569045028
0.11687275055293771
0.0
0.0016118278183950997
0.0022182703756363745
0.11027782904561816
0.022147581170419824
0.05071552722859796
0.0
0.01953383117107752
0.0
0.0
0.07415767969143935
0.06477021510319747
0.020544698159147848
0.00945825525835417
0.3685487216751885
0.002068067390849102
0.17852487203804557
0.22820758769636923
0.0
0.4077463847495618
0.21720687158760954
0.10901946980756323
0.14003608403715515
0.002335923031347452
0.01083530663184454
0.0
0.0020230323074052836
0.052602180174208396
0.002631045552537902
0.17913093062755023
0.03675693403407224
0.03869736129443315
0.19511701464883702
0.0
0.17723217032815397
0.0
0.003994954230980903
0.0
0.0
0.46991090695431276
0.08913323815079899
0.0
0.030151323561575932
0.13202419893223188
0.0
0.051971203264719296
0.21569122245091527
0.0330506676903588
0.012220491547849438
0.0025145185616096896
0.0
0.20047773458789872
0.0
0.06287974140030622
0.004712373053279234
0.01778440443632977
0.435646708146978
0.20952300618822095
0.0
0.0018151781330199006
0.0
0.06968626136825376
0.1398527793833003
0.5646100638480818
0.008612104236116844
0.0
0.2538798146760865
0.028196427395397475
0.001797996320068769
0.0
0.0148626696265663
0.017215977679609237
0.24849127389874112
0.06812366143672371
0.005935568719060785
0.17598779480254736
0.0
0.05563251603411815
0.0
0.0
0.0726402866861961
0.01199800951154425
0.006863438420269874
0.13310052798789618
0.06656287478218098
0.006886121034874791
0.10511947988037455
0.08862127352056146
0.17367573831100588
0.09426331201821642
0.16029898747770852
0.0
0.0068344374895888925
0.008861149470052346
0.010106435564009374
0.00397942769473715
0.05106110632075064
0.0
0.0
0.009480473982111952
0.0
0.0
0.0
0.003932467387864163
0.0
0.20230353618869293
0.0
0.042805436560786704
0.0
0.0
0.0023677970002919557
0.032889601338817874
0.0
0.18738569243528774
0.012017594925120802
0.0012313253086627804
0.01498897467253342
0.045887183741675025
0.0
0.003535074655774604
0.027093914386742857
0.05072773819434392
0.024996573969335828
0.0
0.019157285360712473
0.0
0.0012901594359317275
0.036562665363296436
0.004708296828720701
0.0
0.0
0.0017080406011690684
0.00848616408112909
0.15726934569396125
0.0
0.0
0.2827601078976666
0.02751155810470273
0.011990675060299993
0.07285675410521911
0.2927413163599212
0.0
0.005233286665355489
0.0
0.11330530511081477
0.04673267928974994
0.002503453987777396
0.0
0.11961033124948575
0.005570536594846342
0.0
0.0
0.0
0.0
0.006916496562405251
0.022858829502281082
0.13389971856073996
0.15998218249998208
0.10969801071793886
0.0
0.0048678490509869495
0.0
0.0
0.026533887156846077
0.2524048818445868
0.008698210757615428
0.0012544017656395741
0.03030095652132543
0.005047058486882765
0.0
0.0
0.002357620179984881
0.02546698901739443
0.0
0.0
0.0027763629333374135
0.0
0.0
0.08900552208453492
0.0
0.07092368879259996
0.0
0.0
0.0
0.0
0.0
0.0
0.001983127388935548
0.1667236624609405
0.21130965718346814
0.14333715035311237
0.0
0.0
0.0
0.0
0.1582772690980346
0.0
0.0
0.0
0.0
0.11021339518154356
0.0
0.11022246009084768
0.001837043542310159
0.0
0.0
0.10441622859822924
0.0
0.0
0.0
0.0
0.18558550664389112
0.013775954628113611
0.20760956179599502
0.0
0.0
0.0
0.0
0.0
0.0
0.0
0.0016161139685260954
0.13009696842611218
0.0
0.0
0.09621054212020927
0.0
0.0
0.0
0.0032981568449111506
0.0
0.0
0.14728643994981697
0.045050783567030725
0.0
0.0
0.0
0.0
0.09594334834274378
0.0
0.0
0.08890352541436247
0.0
0.05051402392141234
0.03356249163264784
0.0
0.010606926511421214
0.0038052963289611176
0.0
0.0
0.0
0.00197654902079286
0.026001055213622528
0.08808751620524054
0.0
0.0
0.08543885876089977
0.0
0.01166006074426488
0.0
0.020578528012315654
0.16350882589711516
0.0
0.0
0.09441840433779221
0.11037009277962259
0.0
0.0
0.0
0.1411104853335644
0.08422332106844609
0.0
0.0
0.04690429268566127
0.0
0.0
0.0
0.0
0.0
0.0
0.0
0.0027824769000552364
0.0
0.0
0.042344254415611765
0.14222557663147742
0.0
0.0
0.0
0.04092690584515612
0.0
0.046432378020819946
0.0
0.00566990042749911
0.0
0.42255096499057987
0.02264457845202182
0.043230569318665285
0.09803026216957512
0.025935453639184213
0.0
0.0
0.0
0.0
0.0
0.0
0.0
0.0
0.0
