0.44154674413912354
0.5677922252084566
0.5280844347234162
0.5455963073839836
0.6002098664371484
0.5998640482888841
0.8370476898769224
0.5394413054399073
0.7998334652429377
0.5144421011838318
0.9231068521315924
0.49320433594981816
0.6548661170380955
0.5900948520896315
0.7302239046169604
0.6495630370910392
0.6813457957561372
0.504163526653199
0.6813457957561372
0.5499830869316297
0.5742986156485932
0.6407901831174428
0.7409980124608485
0.5946462988040805
0.8000283889378434
0.2719506895442617
0.7164107474651422
0.3449317799814879
0.6659864108908782
0.44702656752382497
0.7346375186279854
0.829762078082488
0.33944654900432386
0.7346375186279854
0.6868673219500346
0.749218820461862
0.3897758599495852
0.6240256809459493
0.6516757647380487
0.5555666096385615
0.5094661235888588
0.4089880287871733
0.908550699443606
0.24314980341082315
0.24314980341082315
0.24314980341082318
0.2795968362322227
0.2795968362322227
0.24314980341082315
0.24314980341082315
0.6919992312322375
0.8929370145682991
0.5932153450198775
0.9032048224136392
0.7274275689381752
0.8756604271319031
0.7534115723727309
0.8817019596626591
0.29045879664550345
0.656776706247528
0.49014187660455455
0.18427440930053507
0.8107656616788709
0.45600154223342704
0.33924434695370703
0.5324259664007359
0.3160949702590691
0.4205695814376723
0.8383591730773131
0.8624417344203377
0.6724659608079882
0.010760295247227436
0.6541396991618399
0.6174686028712386
0.30498221143113335
0.20854172255280354
0.6649178667773651
0.43779109551410506
0.7950201362844267
0.3982570390395358
0.8310558919252106
0.860391757713367
0.74254245130853
0.39874983985740736
0.5449953401655807
0.6263762287212977
0.47744885390393177
0.43146159701585984
0.4559110559398971
0.7133916447689942
0.9062737666934316
0.4610172776777812
0.5793872121061613
0.23943533091388078
0.580577699784368
0.5781491507962756
0.5109007867541218
0.48072448966524667
0.7510929443412546
0.4118368779990601
0.5382161075678387
0.3730382710044252
0.3639930026215183
0.5951441944134847
0.22908283130175572
0.3300120006175252
0.3828715851405537
0.5954075698162345
0.36377566335623324
0.8840402720925002
0.23109120721702317
0.42271519412366443
0.6348727613094097
0.49833145636538073
0.4217962465843551
0.6021117051785477
0.6331261423592653
0.31157287334354533
0.5216640230126675
0.5319687712428431
0.017597672519761333
0.01324133316395682
0.10523481004699632
0.018962778585975948
0.029367954324782578
0.09559310663366886
0.029367954324782574
0.6196612901070166
0.12596733939378504
0.13718812578101056
0.4513999931344816
0.12596733939378504
0.7236535846777324
0.6265578435705914
0.40078449219348267
0.6908723866742977
0.15140492070136194
0.21394718571610497
0.3461655183229037
0.3774235674806528
0.3105895336772784
0.29442382706066383
0.2600304402390716
0.37579926658743734
0.519738352383244
0.4220372569240076
0.6275971502429132
0.6654794224902965
0.27781306513294923
0.6275971502429132
0.6284516208101943
0.5236419287312268
0.009771237887149042
0.04503109164872607
0.44927133675113307
0.47980112407870856
0.4195450674272978
0.3569164096535044
0.5610718499037303
0.013169463462541678
0.013169463462541678
0.28665280046983277
0.03648150309073609
0.2695722999100118
0.43439335067878676
0.21005851665625974
0.5322843589683439
0.6571094289955279
0.8005855763725942
0.37986288467975576
0.764861204411531
0.5497560557674709
0.365539242105192
0.601773966097588
0.6367316452617192
0.26867888055377565
0.6730901396732638
0.015089670564579593
0.3839533646628149
0.2111993122828597
0.21852061201746414
0.21016562993134952
0.04954048717661833
0.16870204120400553
0.141692638729678
0.6495011932019517
0.018651021678604298
0.018651021678604298
0.060672566349203365
0.016537524085602898
0.40976396433669726
0.7042696399392121
0.6703154331086952
0.27877996030902585
0.278607513372454
0.5302696183476765
0.10049195921111818
0.504559478991715
0.6615158273682215
0.025285279311370975
0.010989525178942954
0.2686149051822026
0.4596862789700277
0.8149711746485645
0.5819355311171222
0.32339760852229005
0.17701980834464084
0.3561125629419865
0.4271354253944405
0.051933894357417965
0.5060418334918267
0.7029301824690151
0.49173592280518924
0.3770094270242331
0.5513962959837915
0.2679102879092022
0.4469525611524484
0.22006118763495813
0.4349003853600515
0.26999242082377634
0.3752803993955744
0.6515946825726973
0.49345295088316804
0.5009420948776836
0.25447244331706725
0.5041467122813046
0.46455133220408235
0.5161009592438696
0.6089518409991639
0.4954140844244957
0.3060637826246081
0.45560432003882
0.4941936372306539
0.04825518902382809
0.22231804056175022
0.332321141023549
0.09596845987017064
0.5526803311563102
0.12372600805341755
0.2703060908909057
0.6232927905352904
0.2639294308006848
0.31548566836051106
0.6075782132005692
0.3673647077201093
0.029644888301840856
0.45363862569067237
0.3472262631682848
0.520146449367954
0.5852550120455844
0.3348744897792928
0.4716630211406868
0.2068400031739366
0.654894074040695
0.39832735063135644
0.18724900411597323
0.15083600048783524
0.21136595781509154
0.1250266654770804
0.4747224398574863
0.35379473214977664
0.5491752775924702
0.24027602407019014
0.2834168629148954
0.3032239653384408
0.30629443246272375
0.23805852179517253
0.019054574447114826
0.4178658023164947
0.5683720761903908
0.5960286553206291
0.4214348255287369
0.03307807287823967
0.2936318525535418
0.3907945570490152
0.03195731397950892
0.4594606165490178
0.32253015168665955
0.016825639727196647
0.5866105792748165
0.3291912262663032
0.15888537597231572
0.4756483430118735
0.1888064965566976
0.4853957113540564
0.515353302654474
0.5087788326272226
0.2560907444569442
0.4743918677463655
0.39344400862658596
0.1551567126068288
0.12087608174647414
0.22306462982933137
0.028255937960038568
0.5194416543626164
0.5131566421318193
0.5929668220141521
0.3406847767553879
0.44278295039807225
0.017427527873699524
0.03273787492690199
0.4271353099515742
0.6415026405688564
0.4256584321138587
0.20842547678901785
0.44011259595521796
0.17429989426760228
0.05517571005123327
0.05860423119468468
0.35998052266356434
0.1797091400499443
0.5991582968336655
0.06052764337709898
0.42998138596628804
0.06491176374289973
0.08224346480356576
0.47344136074629495
0.4603336094441876
0.2656578684150043
0.12001038217363959
0.040847927041443584
0.6041332376704688
0.5096540893110377
0.06212271737084267
0.11001242333989064
0.0056522289174926665
0.0056522289174926665
0.05592022403664452
0.08065887684562954
0.03113644527275466
0.024204571932334988
0.04262963662277886
0.3402923293406335
0.4627814825471027
0.3096745308760377
0.5306093217495969
0.46006174188379567
0.38650288033792424
0.4492260769586175
0.239808221559452
0.022874915964128446
0.05355412967902894
0.19924591158810592
0.2098364560797107
0.5990622186272856
0.5519493040084585
0.5356251631619607
0.14922664938734723
0.01099221285588167
0.04754572437113974
0.1357910132759511
0.39072058579882296
0.34502795866579317
0.24376982414504714
0.0053759761058385595
0.00838276686483158
0.01584063665149441
0.007183162719873572
0.14042037731476723
0.25534265254329214
0.4205503748795039
0.5084115273572452
0.30461236500463257
0.25843756684673735
0.24825715810638854
0.07629091567090253
0.0
0.41568452813669926
0.02023722995516725
0.17456697423204598
0.047813418921191626
0.1047489747366844
0.02275078919479281
0.0011008342885890866
0.13162245603840908
0.21107466115807438
0.12996571444161154
0.02264649339335404
0.011837405689536997
0.1316176317787642
0.250017870482003
0.18612860196980252
0.44361215100696316
0.027761137522143174
0.13530562837634824
0.017534696554812122
0.6406112553753854
0.4138414622617881
0.302281750652941
0.3162243276802611
0.04562310581065333
0.021463539360981495
0.08289806845626993
0.6654519622490617
0.03413965760019543
0.1634684508404797
0.07929646350203717
0.3509957995395823
0.40970999706887534
0.10111256553459776
0.4573703896467287
0.2745448846374861
0.4241902030695711
0.019293197891844336
0.41766563704301785
0.394741389431261
0.015018201627669456
0.12061324099347515
0.48596961593597315
0.2485443092095425
0.044730319906556924
0.47155067360275194
0.3113888796231139
0.16126693962443928
0.2635421704322387
0.3679003657734768
0.3208257012517737
0.006532886475917484
0.22898599182292453
0.048298184814080124
0.37652462173082063
0.2432374555601997
0.037144168285791895
0.27237973855250264
0.0044453106608410425
0.053539652166689385
0.01264997864401268
0.04147353039313043
0.08484006777976996
0.5419317916949798
0.7132322803492542
0.19486201328207337
0.35341006392371926
0.2101632305667217
0.2963669152663202
0.358134608729447
0.32977204990530656
0.3191067581757395
0.2605552744590137
0.032461045426565444
0.3491934793900403
0.09452850652682905
0.0902607093396587
0.006001414389110955
0.34371013563993824
0.07168426781922414
0.09878717692673801
0.061326424688357854
0.03192347195064388
0.02698909297625725
0.01059991353197904
0.4664037137097122
0.33245254518820433
0.032611330848104796
0.10782072383164473
0.49918501427076467
0.05445556172920432
0.39790454191831437
0.5123783294192731
0.2575725964220173
0.49822667949752486
0.24073969111739932
0.2206861597077464
0.14319529164420233
0.008014526195293147
0.0193984991486539
0.16069061937493667
0.0044953496875883665
0.14551882826301182
0.005662098358119704
0.4806999570799644
0.08820801794676425
0.04122278082984948
0.3582636607114965
0.0029348851452809742
0.35248003949859386
0.0701739638501245
0.010376488847634946
0.0020189395281802456
0.004589351587308735
0.529093098492753
0.22999399020459277
0.054402517457467325
0.09052683627311009
0.30414955321074544
0.196670980987113
0.12636803908662567
0.43985719228721615
0.118518839303092
0.017948995823508406
0.0066847842285152805
0.0016199053848640764
0.4610415338681846
0.002670072653846164
0.22664655600413497
0.01912073462558255
0.12578600117588093
0.5659110471621519
0.42418939285601426
0.17180547914054634
0.004157111081376164
0.23428783765422692
0.4108438191604068
0.2066852285193814
0.6371738145038537
0.01632805293000354
0.0036913918465934044
0.3640511161135164
0.31174868113129145
0.11518846940208292
0.0030531086304980463
0.024412698176974792
0.038154894219081296
0.3307330044465757
0.3242645009963742
0.011994447545368209
0.396448876784174
0.0800786736192694
0.08396598965172959
0.001907469820473603
0.001978578293788594
0.14707989191362722
0.02437906720116582
0.013677564097925032
0.22995122109035546
0.30724917387630696
0.015030538035850293
0.2372610672621044
0.12561580893776006
0.39958084468759525
0.21317822565049946
0.31323650943317655
0.002184963176818578
0.013700837273295238
0.01467863838049012
0.019202586450570956
0.007202753692425767
0.08122421202681385
0.0015191310248755543
0.12040509783779313
0.018581132085567737
0.13370763695142354
0.08616492895468411
0.07222880223392111
0.00977674305301451
5.929917823480784E-4
0.21126607247818666
0.0
0.14719208984007764
0.0
0.002624085325822227
0.0546710366213369
0.0864879302770924
0.0016267991149208519
0.39367446540711565
0.28630526261888617
0.002866694868387625
0.04901360881152267
0.04613546215029803
0.02634972040851206
0.007055060235376508
0.2964741891487972
0.12859521169383456
0.3610528983109039
0.07944714781564684
0.12825249078513376
0.05598711493100016
0.018369310477613678
0.28168271416397406
0.10907252564293787
0.2793213940766233
0.06163123576686527
0.004514443844143955
0.013453018534428906
0.2723988951113906
0.07410938275537332
0.16271979302361997
0.49498929237867173
0.28809144308596235
0.02694916699351157
0.1856017788225946
0.4036491084720079
0.06878969326023283
0.012084509262587986
0.24265167206477034
0.30696373911004876
0.26653398510982734
0.011991137143705298
0.024386112736847956
0.18322665723921921
0.008405518317699024
0.1509021910144974
0.12012028918047331
0.0020625595678211302
0.02601847367771767
0.014967522309115126
0.139471844406094
0.4220328897450726
0.21134519812342578
0.22045555468508826
0.06980659375548177
0.060098268132450464
0.004596961675284531
0.0010838088280560939
0.16466997429896202
0.288492780470502
0.0568158230520198
0.003455523114678931
0.27365880669020515
0.017944311971388665
0.0015324370278272297
0.28900706657323705
0.04901103501007377
0.04586763761896024
0.0010964189621605416
0.02913565495827971
0.007148295112123149
0.0023905991051798373
8.888311696180729E-4
0.24808796362077185
0.006546638614056861
0.431821530959917
8.325083856234101E-4
0.002375845688055809
0.02364088685085362
0.09477979672249812
0.0012684186120697906
0.12741647502667788
0.005742891117245311
0.3259277815465657
0.3561532091681308
0.3570853360197543
0.13814643985224426
0.0
0.0026004700452596963
0.0
0.47185783684333726
0.029628483162781
0.0
8.922350288452785E-4
0.0
0.35683300039094334
0.054408801892005226
0.19159631727934112
0.005615236924785652
0.07193884788706915
0.0016076719898412304
0.2829905864427213
0.05026542088637377
0.0022666015622678287
0.005094261732750061
0.0031646726505981278
0.2381395687116627
0.08912687490754098
0.3224256141510979
0.1804640868696748
5.878572823716752E-4
0.0030178335299233163
0.0
0.0
0.11520545996543366
0.07310982971020455
0.03562374559322129
0.3614114356481553
0.30576002143003556
9.10069970456606E-4
0.33190964148957786
0.008087592190112907
0.05238760446172113
0.03324446806275511
0.06453895211800258
0.08693406381955335
0.002884301509137207
0.18546493467125308
0.36680915511556106
0.2017309313408673
0.0026073682641232043
0.007598462902756973
0.11525125223251631
0.19004781715039704
0.02804551990581553
7.767843349720456E-4
0.2965157209942426
0.029891481316951636
0.11626492379534176
0.09772180382606052
0.015561529098952823
0.04685779195807194
0.020494548101674462
0.07934863928366964
0.0010967223709422687
0.20233664253442327
0.0044850381334166
0.16275801901078027
0.2519038061053341
0.03481849839005383
0.0
0.28354007681046317
0.002248002634521168
0.03976330078624988
0.24717830210153247
0.11836157847875617
0.33385893858126453
0.12524005218746967
4.4526925738445374E-4
0.3863888043414855
0.23928339125171813
0.19128925507294187
0.03877451393173142
0.09368216054382149
0.39761885012572507
0.13024957285906077
0.00973973940693122
0.06186549620716987
0.235566726170955
0.11311348773773452
0.006500682654575441
0.0
0.07626396277453266
0.07401311828417356
0.0021008478919194353
0.0
0.014805514494423393
0.03793902693890995
0.0029132153694042618
0.1862407602767024
0.30065407046094195
0.01764329221593671
0.0015679379018498367
0.0031936844125876798
0.0670029835507379
0.05253143236778164
0.1676834546704567
0.001299195242661212
0.010102126004771858
0.0
0.4278571445543591
0.23169488018667708
0.18189511332251498
0.18394922424140447
0.18926808810079493
0.017057028420627243
0.012688267502225287
0.0
0.0
0.005895741954202134
0.017398949776530764
0.02689887801205056
0.0037453325756968384
0.06534671239400718
