0.47621155642551194
0.5209062958241157
0.5836061202776129
0.5117830647764618
0.6122050422654601
0.4724839140615381
0.7441540017774998
0.39551959240795426
0.732143872599478
0.5454779278097914
0.9239161006475742
0.3860839459029236
0.429143820370848
0.4601921507517624
0.6757555672073409
0.5982450384204907
0.4830526306306581
0.4081826417050736
0.4830526306306581
0.5081892566262548
0.5512636752845852
0.6114900741742119
0.7240819620510743
0.4625243412017014
0.638906704056459
0.3145128869354531
0.547426054173933
0.20113502240750905
0.5842477437820993
0.4542816172278778
0.6931931353496881
0.8350242944386725
0.3292465911655213
0.6931931353496881
0.5223779131547996
0.7476857567809146
0.2744370109081472
0.5296749609479248
0.49535726750601017
0.45624476209179265
0.27637292704414673
0.40892006420351856
0.912260152811094
0.28918243713487907
0.28918243713487907
0.28918243713487907
0.30752543808843597
0.30752543808843597
0.28918243713487907
0.28918243713487907
0.6338769111244485
0.8657901417159857
0.48719409172564915
0.9060682259076993
0.5790327095622936
0.8138157140413611
0.7107350394829249
0.8930174881354277
0.28342294541160196
0.6698608346560524
0.3924753170290659
0.005258314580979046
0.6559448136272473
0.3182101737583957
0.30625042603559727
0.49448349244180523
0.2797440399864291
0.24119102039220489
0.8506733198806987
0.8853805193026337
0.6070335431082612
0.008754709091212263
0.41093445588743677
0.3771137492820783
0.23231050708168094
0.24387211674254983
0.5918723170258292
0.3590802330740445
0.6674392426760658
0.3585739464865652
0.8192107141763311
0.7731386519952888
0.5948650564653277
0.23543209157480952
0.42644885045652625
0.6404046984822143
0.4775814760307323
0.30668580596312556
0.34761788913831426
0.49546134421293936
0.8690165389991262
0.4779139006387193
0.5413938529495114
0.27939436788241273
0.5245056077096505
0.5111260724280843
0.4679174261679793
0.32237410478023726
0.6977818601081227
0.34077170273619617
0.44740812377898304
0.23007787191062623
0.3157500149160024
0.5013580220982179
0.2760530787612534
0.28675883425656423
0.41162777869543016
0.5798693904198767
0.21426468708209792
0.8117814816104449
0.19604842624560376
0.43522549801521343
0.45536594556358323
0.49271863172510116
0.3257056126010052
0.527061951775047
0.5867779667723335
0.13639538877943444
0.4853085586861854
0.513197113036709
0.01235195821081341
0.009239403055746739
0.0
0.01501308728915876
0.02033607248225711
0.015211609934849372
0.020336072482257113
0.541718304207024
0.03575614752009483
0.039890618073921524
0.29093268680166684
0.03575614752009483
0.6276697218451659
0.5217275916817367
0.3937947663060906
0.5658410970227588
0.12385318544544409
0.20091531607609814
0.39949274343871755
0.3110610983897348
0.2799504875528551
0.2294673233879362
0.22123941269311606
0.3583716149129569
0.48607346906817755
0.307731690304711
0.5714905120799089
0.7503858355014773
0.22789841214220957
0.5714905120799089
0.6142148037954946
0.45058947115929826
0.006922900096466902
0.03953277177149202
0.37469723977864117
0.4157779863183227
0.17340459772649727
0.11497769328098671
0.45135388861505527
0.007946302280794943
0.007946302280794943
0.3711583967477718
0.031490765860388854
0.16182527242890082
0.3667761399848209
0.1619625125523143
0.34294101972135377
0.5199785260860201
0.8018226931597341
0.3520110645844268
0.7589934901435693
0.4129455549846954
0.2872296291283504
0.4802811428742475
0.5497217585415638
0.13224177065961495
0.5582066922419207
0.009379221522271932
0.27714301060262025
0.19675019872988028
0.15529174823594674
0.15092655731803253
0.02831914886385252
0.14234235369013884
0.15787744385945557
0.5895396240361389
0.012945316884838774
0.012945316884838774
0.003379400401273124
0.010029395832363534
0.4254071472055972
0.6173627838713952
0.6315276843842537
0.17057620187510747
0.22780688175338118
0.40196489890311954
0.08516026974426655
0.435325191167107
0.596684015350484
0.02190725578422007
0.008122490761412374
0.19290229614608215
0.30105505240978275
0.7918710682174024
0.42282578714229224
0.1889285298539004
0.16040270020832967
0.24232401006699672
0.19811199251103034
0.046228034081095784
0.4118322677554454
0.6464692105049297
0.4534970758065743
0.2717967602603226
0.474750586578764
0.31861657339900995
0.3093909671150625
0.20709393913469148
0.35266132508902587
0.10983334491782665
0.256248599095562
0.5532105120317835
0.5154720419825229
0.38465536575770204
0.12392847538384984
0.3926117804131997
0.3647892889694261
0.4841140407083985
0.5073576116990599
0.2983171754343934
0.2255104148760406
0.290714958066214
0.36669952445944615
0.03638225036028353
0.2023986348710334
0.2169217910340757
0.016616544486963668
0.5143058980346531
0.0542987238105567
0.11507881666543067
0.518722207271677
0.15205807557193068
0.351201333771586
0.5505565534199468
0.19980721402223522
0.02212221084951854
0.5310589394139056
0.23718061443933608
0.493492017570582
0.4900818620967044
0.203574054084747
0.36841223625541897
0.16140554870388557
0.5916966808833314
0.4072918352282749
0.1536418390058306
0.1265929320031193
0.1772192666360325
0.096139933760713
0.42918734824380317
0.2642602030468359
0.5318420097525002
0.17157395301416115
0.24359469475760429
0.42198155603268367
0.2243582940761348
0.19588729147769426
0.014751860336170272
0.2525362912024555
0.5115215726378394
0.4048002962256837
0.3325959886170481
0.02979990176697934
0.18063754747667743
0.2511727758846709
0.021691405060289836
0.42213041252819267
0.24430697902651033
0.009097623934026107
0.5541311015380144
0.288983436090427
0.12743854099342244
0.5077109738875757
0.1590111653141172
0.43892710408048174
0.4657222996817564
0.4617606409440671
0.18340574494042486
0.423303136133708
0.4495171104158284
0.04705871312057431
0.06551241540704658
0.16339852555544204
0.01934272775364753
0.310553327947177
0.4048091173905288
0.43245377821387676
0.23077515423958161
0.343127354726027
0.002168303012317202
0.02474730260645683
0.3360322514805623
0.4909735143217012
0.4190749382496717
0.19365044355687552
0.30228596196271734
0.16186971984813311
0.021486398680935936
0.04063658082604637
0.4523688417372025
0.19133661727229528
0.5871091092792339
0.02228106223863283
0.3537193667209999
0.016471438532620876
0.07516377593271535
0.3605503004921063
0.41508065919777964
0.16798462862221084
0.08102852741045975
0.03603131350802981
0.4982987336985989
0.4616718885629672
0.028349142615723417
0.09636669229895124
0.004449957493269891
0.004449957493269891
0.034154844173723775
0.037939345249150006
0.021596978069816017
0.003162981124776513
0.027732470965630952
0.2395385171258043
0.49015489253508515
0.189658290449808
0.4744475232051652
0.42204983451661027
0.332271401815443
0.29736101128976106
0.27798262320236683
0.01402620217116296
0.040053205822864583
0.17582743080275112
0.14628813315412142
0.5410855209114801
0.5480585990752213
0.41776424611372326
0.16755016018666205
0.007607425107302154
0.0386550377889389
0.05889783845499624
0.3506895263171305
0.3194718159526314
0.22749594065175574
0.0037372834524306616
0.005048690580794006
0.0026093219809955564
0.004527519738544157
0.07643990813037232
0.18011177491579872
0.35432652525210295
0.45933532727437365
0.16656645295439554
0.13993472830584425
0.11999809422618515
0.04722318498376767
0.0
0.2806787415631068
0.019555284080855394
0.09433745330793854
0.042228673849856325
0.050414797557004065
0.019695172709490984
0.0
0.11874166785126605
0.17154613398135873
0.11946857354841994
0.015758627961276205
0.008609463288407237
0.11942920958874893
0.21007465794312727
0.17510328643658732
0.43041553385676545
0.017713583469372025
0.1221223124906796
0.01325745635947604
0.5871085573200815
0.3954262454599792
0.18186796394621227
0.2249214038679852
0.03714929066900232
0.017024501393368655
0.047831358063366095
0.728132535031478
0.02616985554152163
0.1511245048474718
0.07011846774521303
0.21908134444022168
0.3334448985964322
0.08030397049781317
0.36441667673698686
0.18245327909433773
0.39980347705761987
0.016616963867587507
0.23425131187873247
0.3618371087639939
0.007650963027406784
0.10007046979897846
0.4136517492186438
0.15650748956426366
0.01842221881667506
0.44559468865690915
0.28853121167001283
0.06344459894171654
0.19405725711465643
0.2588831868269932
0.18757834035627377
0.00297682376637449
0.09576574753303663
0.03343803908489354
0.22363952586220875
0.18398560615530285
0.014754982433378165
0.24619677753651056
0.0016670551433631703
0.04161415881147254
0.009219793647845809
0.0027278968103734095
0.0
0.45269092776563247
0.7006441948670893
0.0826287322810126
0.27095332639256736
0.20118186889681014
0.21718694401758892
0.31123107040727493
0.16752544600117672
0.1908456990257896
0.19947731635116123
0.0024823193705921873
0.18859358198434784
0.04399777385932561
0.049013693060163906
0.0032682730396492825
0.22396251401878203
0.046873200300619214
0.07281725105511327
0.030816888042105223
0.026387660390947556
0.0014375984462761202
0.005046412209070464
0.29703090536692284
0.22069604929510014
0.024004102551571635
0.011977972216817278
0.48836013659826416
0.0073771889891306765
0.40616876944191066
0.46666739488915354
0.12688239542112412
0.45503678866610225
0.2254280118596821
0.1911131604255173
0.14896494717654937
0.004345608931871445
0.013631942434103622
0.07342494563945319
0.002953125206501617
0.1091747427558951
0.0036439450101201404
0.37703420969946316
0.07194217046755387
0.036812730648952637
0.2669746168642534
0.001661680058268401
0.31953850318444726
0.043956982601464356
0.006066190945604951
0.001205935234495351
0.0029849546220005307
0.48958903177432306
0.13776431420653154
0.02998370905444865
0.06277818358462933
0.2296696501652798
0.07027951662273069
0.10758132411587705
0.36430860729110504
0.060525625601505297
0.015529531709017991
0.004349012975142748
0.0
0.3547454559499043
0.0015545145174313765
0.13446296238996353
0.006097210427083566
0.07436370653282741
0.5047271767844447
0.30261335948774176
0.07872230785552106
0.0028264203938576935
0.10080214635533233
0.23564153032263513
0.22815131621064083
0.6403204886875071
0.011178751357626035
0.0016226217128625549
0.3949566019274251
0.1840969663634764
0.055725467988092546
0.001981850944113927
0.018228412954059525
0.03435358612108076
0.29773482618150615
0.1632672225565625
0.00820396836262626
0.2780309618685699
0.04921068312386152
0.08231071022503421
0.0012990707506279106
0.0013355875281103183
0.12056762236880653
0.01478590131689474
0.0087641277065335
0.228904258873086
0.1932191354391262
0.009441174739924249
0.1587632746008704
0.11356216557124972
0.2631359498226031
0.1419059082840821
0.2439562815952126
8.415287620372348E-4
0.009137023923544122
0.010922486571835109
0.013543228988454654
0.0052608545230422
0.07917496869443279
8.498098275655118E-4
0.06236784972771743
0.012807187124620405
0.07683774717534335
0.0571875675280749
0.03787731912509139
0.006687509869465328
0.0
0.22670068526520437
0.0
0.0852833821943932
0.0
0.0016202434029831292
0.04238819448630418
0.07701048355110805
0.0
0.3015359494913098
0.11770518594141002
0.001946983878537349
0.03065670909396208
0.04594409665796594
0.0
0.005057949537573362
0.16971932802213185
0.08920626861338593
0.2056019756056563
0.040151250622290066
0.06713076209532395
0.03109988144077587
0.013629040817764214
0.18168322331633852
0.016529458922821077
0.12196096175778376
0.04306088462512536
0.0028797690357934987
0.010000607930446662
0.28301255260055935
0.01996387273021495
0.020808154109056735
0.4233942489136647
0.15643798572342166
0.0174782249941835
0.14683502171814278
0.3642896755594898
0.032632569033246024
0.0064817328722323085
0.14102074542188117
0.24019281733484218
0.22605559282082577
0.008742248475723384
0.025111781442628607
0.14685815914133205
0.006757731728729553
0.05592907666999398
0.0
0.001282358479615854
0.01241100089745855
0.009770291067364677
0.0833232865626158
0.28221661279322824
0.18830445128771334
0.17543563601607381
0.05318061798894143
0.01849769188661047
0.0
0.0
0.07028738635645773
0.30857070337367687
0.046136584682744564
0.002049034217675692
0.13092977051281388
0.007496672101733416
9.435591422344979E-4
0.13377092270593674
0.008106912891769893
0.031766988389316214
0.0
0.0
0.004638498556248063
0.0
0.0
0.1937834609847244
0.004041956748334554
0.29272051942171506
0.0
0.0016234654948861288
0.011588340375216612
0.0
0.0
0.06548795600612693
0.0030684704315069346
0.2685567156066199
0.29558028212145865
0.2913109979670761
0.02807534679672322
0.0
0.001588036121448923
0.0
0.3320436113271936
0.0
0.0
0.0
0.0
0.21341995207544698
0.023029176360758154
0.16248606830369283
0.002845059990511294
0.0
9.505011509586286E-4
0.18518839496681855
0.02753807123997351
0.0
0.0033532092272842147
0.0017344225759574703
0.24092077289015867
0.04765991153942637
0.25427244683617284
0.0
0.0
0.0016091976433260508
0.0
0.0
0.04726725541045117
0.02891289556632522
0.015927540785712655
0.25365132597987683
0.11114412979908125
0.0
0.22093226407634753
0.0
0.04438572598916635
0.005919561875216298
0.011791934719925266
0.04000562331304525
0.0017912175964912415
0.1737422743500955
0.2030947187198812
0.05999432243743074
0.0012742482289425192
0.0033378716081307945
0.027909524767496963
0.15474502598300052
0.0017113753288965662
0.0
0.16242669535876242
0.0
0.09392720724804739
0.06351526520636096
0.0
0.04258259310653311
0.012974167838688508
0.03528149654158242
6.508824240203645E-4
0.17528069362161378
0.0028915217362425177
0.07270326717568376
0.1892684830843819
0.001415346293364439
0.0
0.1654190646799858
0.0016119703522877347
0.0146904508813716
0.13566512330615155
0.07085674296813055
0.27064451724744765
0.0
0.0
0.28116026571531294
0.20107325694473346
0.12020801209796288
0.0
0.07908527784730104
0.29586860978961027
0.13439526535721458
0.009108792522727276
0.0
0.16336086945073383
0.010554662057618912
0.0
0.0
0.027984991146280707
0.07545930036416035
0.0
0.0
0.009514982161287976
0.021083375437210908
0.0014619405377283984
0.11975914337019469
0.24722420290602973
0.0
8.846846888862169E-4
0.0013661380436695665
0.06534827302623648
0.0212068646602625
0.09650010875274666
8.695355527273095E-4
0.007623229595920048
0.0
0.42508902164605916
0.1496917790521519
0.1487698568560481
0.17743525722620876
0.11259134558193717
0.015228838132225725
0.00917901034706703
0.0
0.0
0.0
0.0
0.0
0.001854115173623647
0.030210482869610027
