0.505233700345342
0.4608961721306902
0.4578381633286206
0.4988589229962607
0.4892522970628377
0.3828201592859691
0.6147944699267096
0.2949432515107127
0.5567902959221417
0.5255918420775431
0.9224741359206632
0.3697018509172293
0.3654893856530094
0.3114378845848086
0.5988319722800582
0.5834636189989555
0.3420236362838581
0.40229074108677465
0.3420236362838581
0.409057667334629
0.4916229275860189
0.608658465150939
0.7228702616479081
0.3488743115996494
0.48774756999604785
0.33158684375409325
0.4437158493117462
0.08197328937077573
0.4201736146970562
0.34894992705725913
0.6495971277105249
0.7720002771640847
0.3065595843774588
0.6495971277105249
0.4209411156902474
0.7402125541662283
0.24283737663854577
0.46301198708593694
0.3586947498551156
0.3023925355404176
0.13682702599310154
0.2775708636101452
0.8942076854372871
0.28791175506755723
0.28791175506755723
0.28791175506755723
0.2914268621288628
0.2914268621288628
0.28791175506755723
0.28791175506755723
0.5354481123347781
0.8365774957482071
0.490659244034275
0.9113320313934907
0.5157923734769958
0.7449165141891267
0.6660286078267657
0.8409587514395546
0.24727973498535585
0.6219106467933917
0.3619237459706052
0.004733589557291811
0.5327994072655735
0.23323712438388755
0.26811934410836624
0.3963292622892268
0.25099102094563724
0.12573157222355194
0.8614074567382108
0.8388792669953675
0.513813636698988
0.008657906927123519
0.24588808057172631
0.31284209331386237
0.14054982094739701
0.2323656491293838
0.5507310717142624
0.30636954824473683
0.583578430125035
0.3470397132740769
0.8108785436270373
0.7681018846756275
0.47985880426920385
0.14747969476988754
0.3684324083978853
0.6044879809371777
0.4570694718024668
0.2357744226049053
0.21900982711298017
0.3654828034894823
0.830903320831091
0.3834441833446177
0.4848011127548544
0.3073775331982901
0.5019394056730294
0.42208254175716675
0.4394052485628502
0.1732914294524425
0.6342046671312047
0.2729554311117492
0.40766687616556563
0.09972255949341434
0.27991904611997664
0.41414993689409796
0.2733092871194447
0.23034025655085985
0.41154757792698354
0.573877820600479
0.10462243573842181
0.6743291546710323
0.19685925357152498
0.4329941313552716
0.39940483026975426
0.48815942090000136
0.20405611404210985
0.4208243728022034
0.5582151174081118
0.0
0.47380196169666855
0.4866375256778798
0.01120146135612008
0.008278817174817371
0.0
0.014641303348490032
0.018443858170292503
0.013631554395952728
0.018443858170292503
0.49146092586430234
0.031521907000174536
0.03392134202960248
0.22309961096832187
0.031521907000174536
0.46848315862774736
0.4027014433918411
0.3561955823603308
0.47391318680660327
0.12086051318667872
0.19551962892663743
0.3864176976460711
0.2892053510226652
0.25521043589096054
0.21580102834288906
0.14744386685360666
0.2749626844952398
0.49187900586523164
0.20025030427737542
0.5433967736623565
0.752812034017881
0.17820171526288617
0.5433967736623565
0.622775806388398
0.3966456268926109
0.006041848400764148
0.035546290554123026
0.27490437786171595
0.38121468938775
0.0
0.04096535967537056
0.3799170533112961
0.007391892216763321
0.007391892216763321
0.37372944152047116
0.02817649473184345
0.07974700446584686
0.33592727279307294
0.13771239030601273
0.17658457260894442
0.47478793923185386
0.7780548827508788
0.21660663165611438
0.7539801642705221
0.2974359671956997
0.23932171524528972
0.36926506968740397
0.5113639352710793
0.04291071620654846
0.4544069774044473
0.008194128486667104
0.21100814904637905
0.17708707877417026
0.10125361246512767
0.14917845359904147
0.021702166415283275
0.13399149821026995
0.1528863969942799
0.5896228788767005
0.012400418556849787
0.012400418556849787
0.0015042750105768612
0.00936536514040993
0.415008681311086
0.6034386792906619
0.619356121496043
0.11842597777350383
0.17094859841132087
0.29714471384345964
0.024419617724642306
0.43618479258878423
0.5396400016349125
0.020034219691838696
0.008051683116660014
0.09028638653368774
0.23201771801829724
0.7635896554298646
0.28463549606131666
0.08188609482723705
0.15845145959130624
0.24856346828976397
0.11935562462409802
0.04483885508183272
0.3103093266588134
0.5879041226583798
0.39536740807616444
0.2434133462447122
0.30819992154279735
0.28579202093307854
0.23622776101409979
0.20559548087726376
0.313987419235531
0.0
0.18740474398104706
0.47986074072103596
0.49125619122670044
0.2759738219997389
0.04211128597695596
0.329006676539961
0.27671099578664027
0.40543266856161975
0.3302866740983656
0.1573963185192269
0.12545954818811192
0.1729245303509834
0.2164030422606615
0.030352945827788053
0.19674824991474446
0.15251497082453347
0.009365574552736115
0.37187052549946237
0.0
0.012648262045628324
0.44224668655024946
0.0857178648258399
0.3750440044483288
0.5137128669088573
0.07769224725975864
0.01843860877080263
0.4861682278874535
0.15429372873716174
0.46916087584728156
0.3696043704552863
0.15189883814235072
0.282944739777788
0.11065449035433361
0.5285614929251891
0.3820971357820894
0.10564062310265418
0.118625099108273
0.12888213421722494
0.0914241069132725
0.3825603017481571
0.21737464845340246
0.49273127647814363
0.09813465785158318
0.17466712543996016
0.4645651049170679
0.16590429376574153
0.18233739548527902
0.012461061649790243
0.15667521382460536
0.4695728112542441
0.2849822984011569
0.2606561777242222
0.011092197673782908
0.09171321130193415
0.14911348373099859
0.016555323633074763
0.36724555410658316
0.16218889118914928
0.007799914395699414
0.40899718944307667
0.25093682012102075
0.09789390216989009
0.4681083710438049
0.15313496593378978
0.3820950524247919
0.41745729062932446
0.3921858880546482
0.13354807752752584
0.311961919456001
0.41116930638668314
0.020168724758468645
0.0036478759594315217
0.10261034396941579
0.016096594254936827
0.16910401520245255
0.3253283878431039
0.25847291077744133
0.18182807964938197
0.2159097468144599
9.119197063417597E-4
0.021619694973674507
0.25777168377332393
0.378435472530331
0.38034935906957673
0.17750109531897487
0.18563125134335798
0.15904818164254858
0.019476350994937355
0.010892228962580538
0.4143939065866038
0.18502181896320927
0.5653592766051533
0.01864613827098855
0.2599970109984819
0.0014893163731427546
0.07582847654848228
0.22964926392400395
0.3386377696173403
0.0901589892996288
0.04309436454963208
0.032938744304830486
0.4376649446849952
0.33750285991072215
0.009919730099885041
0.0913539478520741
0.00215795398875485
0.00215795398875485
0.027321866696671922
0.017232043444771028
0.01697760981505671
0.0014175836429817807
0.022366030256918853
0.1304304329970112
0.45894743206447214
0.16672045047792175
0.39568834358663396
0.4007843530600267
0.2654483237979117
0.19595980231759694
0.2302092528328721
0.012112474345782739
0.033277049592578954
0.15916096671000193
0.10440818002201217
0.5314572018515566
0.4565048159132998
0.3065303109065469
0.16921390797151506
0.006178092443742333
0.0340420332564715
0.04594936988749641
0.3250514408740191
0.27517377743612864
0.19444677474315109
0.0034674606493863853
0.004156305421498139
0.0010211135542877842
0.004018990596062175
0.031207713154014907
0.12455451960603232
0.3151693570812303
0.41891106843995335
0.07720648773429066
0.05832705957619621
0.06572519294277895
0.0
0.0
0.21873407197857342
0.01744592864672912
0.05102130901738645
0.03717948630028242
0.0037232767302252936
0.017685951689560258
0.0
0.13437985140420455
0.15567647569087284
0.11386225038052296
0.013587300352672834
0.007254307374097318
0.11272034629447214
0.1759674561828575
0.1894945995940734
0.30792336280868055
0.015343003668332345
0.12066859194151158
0.012265504348604146
0.5437984889818671
0.38720989315673315
0.09470644982201386
0.18045954765660632
0.03267962494980059
0.014461007791963652
0.0030586552761772017
0.7174617253689829
0.022538322322223844
0.11490018738519137
0.04507276087186826
0.14356406303800023
0.33113162065896595
0.04783108076619255
0.2999993605927207
0.09718877437591897
0.3395954281351967
0.010427452949919954
0.16180116443351286
0.30891313533240533
0.006315982306513828
0.09194550452761054
0.3440839528958618
0.08003067419632579
0.009490361111876268
0.4314946230522407
0.2264835218259233
0.0
0.15111643000194197
0.15470941904444077
0.11291675573916996
0.0023478223194362893
0.017929488375927505
0.024697122144173963
0.12620442283462446
0.135582117537126
0.0020080723309352177
0.18087266592845497
7.501098891342824E-4
0.037035595966051674
0.008580286374438367
0.0011084883413153292
0.0
0.4072197412075569
0.6826169695175822
0.03498701336466551
0.20691199299360147
0.19765384916830553
0.2000217690499925
0.24901728413151678
0.07066965760116024
0.10021084560346755
0.11415786505705017
0.00230823820501696
0.1470729699819749
0.0
0.021320584989540526
0.002934399839431403
0.15340010295783893
0.031228590573803238
0.06432768777209488
6.11239875027384E-4
0.02331927409885937
5.935885506279291E-4
0.0023244057633059253
0.15597251649449648
0.13366896782586657
0.02154611726214017
0.010113685348162177
0.45188919113981774
0.004135376692907942
0.28921625433614423
0.34746648793656104
0.060193715645811816
0.4292282578741706
0.220341077288333
0.15052451541894799
0.1433553598936126
0.0033550014339699006
0.011593039293155593
0.0248174704235193
0.002709190742923176
0.07674527556866387
0.0033792941805298755
0.2925584463978139
0.05054765163846454
0.04614430665844577
0.22004407601008177
0.0
0.25156305929029604
0.03323448788396868
0.005359818262016018
4.764511599468293E-4
0.0012924369656343738
0.4878196489843671
0.09852347684174778
5.307257017227706E-4
0.04198690247316213
0.17456333026610032
0.028747169646569735
0.07849729112895264
0.26972926902955163
0.04533524544525836
0.014168865434500282
0.003585650965071027
0.0
0.26875074770218493
6.317184875076478E-4
0.09470675417340603
0.005088858262679244
0.039741260175348764
0.4626628219001503
0.2511741586979435
0.0
0.0023822738641278564
0.042993816764492335
0.14290260486982445
0.19268895726765045
0.6051788970825456
0.009576459673460677
0.0
0.3323574163044767
0.087296278989763
0.0022278570554852815
8.775372866596721E-4
0.016148469635737978
0.025360277103991403
0.26914050817735113
0.10856790496260847
0.007656438411884943
0.21912278141149136
0.04393058353101024
0.06515135716333431
5.819278085675342E-4
5.787685830212793E-4
0.09582608838585338
0.0128169655832175
0.007458114432101496
0.17915624107990186
0.10781733375762875
0.007784645329603247
0.1168760949136239
0.11651335361218258
0.18778391265613859
0.1168049330141506
0.1919996923539354
3.418061505121788E-4
0.007712037545371166
0.009467501482959153
0.01122210671751694
0.005056611940759199
0.07970416688114366
3.2128597120589233E-4
0.0281824823305167
0.011381550012380134
0.03339154931159176
0.0
0.016040614983442558
0.00544631890740304
0.0
0.22163676814020009
0.0
0.05779533668792493
0.0
6.439668691981295E-4
0.02972629874256817
0.05100240607645397
0.0
0.227464716660563
0.026499834777706933
0.0017184400721377054
0.020985705535935227
0.04498871501134847
0.0
0.0046979098460027974
0.060318798596238545
0.06830818460874931
0.09051560134593846
0.01718565372396154
0.039577454106332705
0.008856503903810077
0.0018133684239155137
0.11340733989790563
0.009903361761056332
0.022778962152851228
0.022605647058987023
0.002360842688887276
0.008876484467188795
0.23743274841310863
0.0
0.0
0.3581847830240726
0.06088097830298947
0.013867635345970282
0.10040743689317705
0.3187194764743963
0.01284515275152302
0.005698782921404267
0.06122090551045271
0.18050618487981707
0.1231126092341519
0.005013029600783163
0.0
0.1444523012318645
0.006396373336900927
0.0
0.0
5.371851068233372E-4
0.0
0.007491871701221924
0.04904000042452081
0.2000249912989634
0.17850060518143557
0.13662909092377748
0.025829445321127468
0.010229680716967695
0.0
0.0
0.055278507891428415
0.2822133247760197
0.025567549337263382
0.001660505165714068
0.0674227642774244
0.006245704755148402
3.9975672810535246E-4
0.058074518609631844
0.004598998627009682
0.027624099636251932
0.0
0.0
0.0038952565221227454
0.0
0.0
0.1360142256049096
0.0
0.15652941801860917
0.0
6.849391678478974E-4
0.0
0.0
0.0
0.038510171686492206
0.002668290269976882
0.20407311448864043
0.24220497042422723
0.23157423724782114
0.0
0.0
6.7872588824357E-4
0.0
0.21259093520831673
0.0
0.0
0.0
0.0
0.14192675204005278
0.0
0.13012134494693312
0.0024395452571230637
0.0
3.8085429264512235E-4
0.13382963004676504
0.01393470936408413
0.0
0.001398190075121611
0.0
0.21626273429375037
0.029634493199115937
0.23406708213701502
0.0
0.0
6.60744814092357E-4
0.0
0.0
0.0
0.017794168384025418
0.0021854126515011758
0.17229023623973413
0.0
0.0
0.14698400864169686
0.0
0.0
0.0
0.0066493341891379325
0.0
0.0
0.16140711759145882
0.0952920613901604
0.017302685284726182
0.0
0.0
0.0
0.11700121100756226
0.0
0.0
0.12295772259343458
0.0
0.06840810626033689
0.046256453812347
0.0
0.0230403562785539
0.007680657744789871
0.0
2.554509174860437E-4
0.07072478771135485
0.002571260376050041
0.049707483352493975
0.13470188445432513
5.308345729836497E-4
0.0
0.12358883222867667
7.739032277039105E-4
0.013481808607574487
0.04378228046306225
0.044339957081393766
0.21311320919108442
0.0
0.0
0.18791037285823903
0.15152147807932037
0.056007056846975475
0.0
0.044679299251146595
0.20163555699967797
0.1063885849066551
0.0
0.0
0.09795822748718633
0.0
0.0
0.0
0.0
0.0
0.0
0.0
0.005664017500138697
0.0
5.393704240745314E-4
0.0642665283273759
0.18504032316470514
0.0
0.0
6.058878796736201E-4
0.052751605879183205
0.0
0.06804421487983248
3.805452103862762E-4
0.00662831256942946
0.0
0.4180179950558531
0.06612966917205776
0.0921694418127962
0.13463330872353643
0.05559094874568072
0.008021932350977376
0.003933695127842588
0.0
0.0
0.0
0.0
0.0
0.0
0.013846618519998128
