0.7206299585646977
0.9999999999999831
0.002670640838363638
0.691846214802948
0.6879173759188785
0.6670832949789833
0.68679394135525
0.7122812664819624
1.000000000000017
0.6813220248015875
1.0000000000000058
0.4035482913431467
0.9999999999999958
0.8661710413884057
0.6868082293758611
0.6835191026369856
1.0000000000000207
0.6770058964939741
1.0000000000000207
0.6719641681870031
0.7504252679547957
0.5038347430584086
0.7157270953652916
0.9999999999999656
0.9999999999999758
0.6770605404320232
0.9999999999999994
0.9999999999999926
1.0000000000000058
0.38122937743614915
0.6835191026369856
0.6763746531815132
0.6968152579877326
0.6835191026369856
0.9999999999999903
0.8190891090022966
0.7122812664819624
1.0000000000000169
1.0000000000000182
1.0000000000000313
0.99999999999999
0.38432200069855105
0.6726304877851825
0.6770605404320232
0.6770605404320232
0.6770605404320232
0.6758700151480841
0.6758700151480841
0.6770605404320232
0.6770605404320232
0.8164965809277295
0.8164965809277176
0.7773387809169261
0.7672389274792907
0.9999999999999989
0.6781448909135718
0.7016740272631186
0.6869889615307044
0.566091732415667
0.7286394215639554
0.666666666666649
0.5441543897373204
0.7087858418756696
1.0000000000000313
0.6679332336369519
0.3816084712222735
0.6692361142690141
1.0000000000000313
0.7081211253101541
0.8692748832099323
0.36250398726683486
0.5006714045720689
1.0000000000000386
1.0000000000000309
0.3534606080219313
0.388846749733962
0.8767598713281056
0.8695097493089868
0.9999999999999967
0.6686562319185213
0.5621118613236943
0.7101024959114703
0.7720205059535242
0.6781207577922264
0.5329848627752273
0.8736952376664943
0.6286701539527795
1.0000000000000075
0.8179487138296271
0.6873913639505715
0.5372167321629324
0.4124789947991873
0.6774494279352545
0.675924978144273
0.6068098754318717
0.6659191643223489
0.6088528689221956
1.0000000000000209
0.7531999538263642
0.5260107887038737
0.36782435776879235
0.5077915863181471
0.334881607166322
1.0000000000000024
0.39095626812861894
0.817509128123062
0.6872626407554618
0.5145747272056882
0.6779448914917318
0.5132220863281778
0.6684936051993221
0.8228138216107032
0.8668534467119585
0.514995305962691
0.5341865417550958
0.868016444082442
1.000000000000009
1.0000000000000187
0.7555089529269797
0.6752292116556743
0.5019057818308456
0.5015881586593601
0.0022959159955703553
0.5046200287924802
0.5116364139884539
0.5052500130079468
0.5116364139884539
0.8223824783541243
0.364072828177332
0.4004290424984024
0.05809394099805767
0.364072828177332
1.0
0.903821950608204
0.6669508471095102
0.875509182595761
0.6774287399105576
0.6770605404320232
0.4030802142050797
0.4415817467266711
0.38936379342940425
0.667861885309878
0.3331483793379448
0.6736857907949609
0.8736534760275845
0.680453782821925
0.8715253193965833
0.706775049362807
0.7122812664819624
0.8715253193965833
0.5981746856065491
0.7071067811865483
0.5013423169193689
0.0618648954309382
0.7127262669123304
0.5216130594269645
1.0000000000000215
0.999999999999994
0.5106995386308345
0.34681558486449854
0.34681558486449854
0.6943760253558909
0.33174925059327137
0.6683020872344996
0.6882877288243452
0.39215202781105457
0.692001917171472
1.0000000000000042
0.67877710510541
0.3342809336356684
0.8661955984627175
0.4291670482076859
0.758868761207812
0.5528852840375307
0.8356937149642464
1.0000000000000313
0.6913502666893496
0.5021182901964959
0.7608058441083942
0.6820705332336762
0.3471826258502392
0.3483450568779143
0.3669974753822992
0.6759578296972011
0.6779320790033421
0.7098019636986407
0.503298660839788
0.503298660839788
0.05826230764273354
0.5060407260888232
0.8203374826744846
0.8787439149634683
0.8777052172920087
0.6876255528764246
0.5866295976868839
0.999999999999969
0.04008819495753459
0.5309040748104764
0.8189785678203303
0.05625422463210831
0.7093527767018153
1.0000000000000313
0.6666666666666675
0.8660254037844413
1.0000000000000209
0.684452243201215
0.675924978144273
0.5777248559320685
0.7238707145074093
0.5076651092212574
0.5481421284770758
0.5786279380198909
0.37648107709915957
0.6681185999636186
1.0000000000000233
0.3743984344501113
0.7750609499672593
0.6737906237367962
0.8177687811412744
0.34994273282095606
0.8720063197013749
0.8206134840458409
0.83272872007205
0.6845080638131774
0.7122812664819624
0.8393771775015029
0.6666666666666671
0.015715248643526743
0.8164965809277179
0.6992492412214003
0.673206755638352
0.8665209529931847
0.8179487138296304
0.3743233151860712
0.387877057402044
0.33659949798654426
0.38671530271509263
0.868476414835517
0.5818049455020073
0.4589923351097047
0.8164965809277268
0.7521681191939796
0.7655220374697083
0.7519023370552953
0.6907444016411625
0.3291069812673882
0.41333997828848207
0.6727873049271648
0.7591640836549726
0.5243528959208974
0.0
0.6867899858445922
0.5017027386805138
0.004653710178667946
0.8185847348390183
0.5900281911423114
0.6759578296972011
0.3598546048306577
0.675924978144273
0.8190891090022966
0.06700428040549715
0.8164965809277224
0.5805524858639465
0.30797405822177054
0.3455205799187409
0.014420906899611332
0.3729092540541692
0.3221926362098641
0.6901011845865227
0.8180786530495653
0.9999999999999976
0.6968503654547856
0.33588801179964944
0.6736179543674111
0.6835191026369856
0.3237058606658349
0.6854803876395085
0.2966579063617784
0.4085429772575132
0.8966095920358631
0.5800250516310049
0.6692206257713865
0.6694011940715908
0.6796096733730548
0.30749583628613963
0.7532568201147906
0.7698067126454599
0.42439268389535717
0.5039735764634732
0.6875923209447943
0.6745658129389273
0.3361917212448718
0.3468634952637068
0.29183368345470384
0.5148112418079569
0.6847274291758789
0.5367720414983741
0.6762934110447529
0.35806562714673346
0.04111735860939444
0.35997548506939353
0.9999999999999954
0.7608319379665326
0.6151843145944385
0.6802099289433111
0.6150421717520976
0.6666666666666766
0.27914247344692683
0.2762589847247077
0.4121360075030976
0.3296592133372038
0.819196983066633
0.41731462737781116
0.6868647775007395
0.3574269206753618
0.27843751122033433
0.5840335200829512
0.9999999999999972
0.37365157848684477
0.6770605404320232
0.3296592133372038
0.6324121659239799
0.3813424042635699
0.4094671474857307
0.3929622721552372
0.06924366175514864
0.06924366175514864
0.35551466343260557
0.33433630062630326
0.3982627361375008
0.04471383697796185
0.33210838319626984
0.3089363400238742
0.31949071738641366
0.7085914104758677
0.6830770775678426
0.6917160209402229
0.4021164892373689
1.000000000000017
0.398355801764468
0.3386379353102235
0.38433962025705243
0.38335012297894056
0.42482928623978033
0.7879283501727882
0.5929642812519098
0.4243564162301331
0.27887757746379777
0.3330163819515124
0.4112934496630467
0.4120056050762755
0.463788222162524
0.010534113929824201
0.566091732415667
0.4042250409772723
0.3325766612078092
0.052259345731249456
0.2963290166062788
0.29149748735364606
0.4162930970937832
0.8764893446800998
0.8695123456667033
0.8715253193965833
0.3359626525079871
0.35129956752630476
0.0033850558654014962
0.004317080298450506
0.3735834713612588
0.04050728601575148
0.667861885309878
0.053131896925351266
0.3403667674893718
0.03999020666547491
0.012646853163155948
0.3526993316630685
0.36561000388918796
0.6759578296972011
0.29687279953366363
0.033608707863949566
0.39100519208177553
0.39788514348150594
0.8765096907292187
0.05298660242104806
0.35931952702552816
0.0
0.41733594756347386
0.40908452808098117
0.7051807993376609
0.816496580927722
0.7389924421886508
0.32753532342102853
0.07500335295908628
0.3398422174320761
0.8164965809277258
0.3318939970776885
0.3973008884752227
0.3407024484860636
0.6746359619630826
0.8705419442846472
0.5203763151223247
0.681085062803127
0.5260152634615041
0.6808033430341176
0.420098147583926
0.8176936017909082
0.68140781906082
0.4082482904638544
0.6769996631969454
0.6047383664721977
0.7314691907446456
0.5467711820056281
0.5304114764239796
0.5144666475682058
0.5965776170578292
0.6787166866921133
0.5861582706859609
0.7910236306288179
0.3338392892572034
0.8189785678203338
0.35997548506939436
0.8481529470715009
0.284080694821868
0.2584014177972805
0.4375522458237153
0.03733065874807769
0.33012588978338236
0.4140873034223603
0.04563215128475239
0.0478894851948632
0.8470798240582469
0.3738151870487878
0.5106055171758402
0.7142171902184795
0.5254047542318163
0.27519106827190537
0.02636884490589957
0.9016264993847001
0.7507214851461961
0.5119929170716576
0.585501082570859
0.6784210224228162
0.008440473770294136
0.40936254279967604
0.2896491949797089
0.6019944125187427
0.3406853307395952
0.4129964801786616
0.043186236791974496
0.04613848576191128
0.04072180879297521
0.04639595126828598
0.8951351219231201
0.0
0.40894756849882324
0.25171915973917514
0.6025287601152138
0.5418038216841552
0.5161349367988817
0.5972668491374294
0.683389160235894
0.8164965809277256
0.44642062807942934
0.3170667659082653
0.4129824922408471
0.34373273841068874
0.29196859492188065
0.3097659832114494
0.3279109759622878
0.4254458825997401
0.28615413921666794
0.42901114238005045
0.352087869193968
0.008310010480894645
0.2695924277486311
0.33409841690604747
0.6813097204943057
0.042879287909565064
0.2694989697254137
0.035485035369088355
0.05128448460778178
0.7790911350055046
0.5327529809404729
0.03709657477119292
0.41864399381269884
0.48309236173698017
0.3662348163264841
0.31712659814898314
0.8781172865068296
0.01855967608154211
0.29571612253234714
0.3661081255606232
0.016464622907246967
0.5081787039655715
0.04886739280666646
0.41322880417595736
0.22749597973458663
0.23300310280652048
0.8398316040549054
0.5297966564912314
0.8686817651000294
0.33179774012183516
0.4131078312292684
0.6754246669938488
0.5139238850885438
0.7082032872758347
0.408248290463865
0.4421439817718772
0.5840452985364208
0.7205793049948054
0.2942392516677656
0.04367185399475513
0.32510683827834447
0.7169430710813118
0.5007267385251648
0.6707089220914472
0.40439753994745453
0.5510056892370713
0.012765073530108782
0.36395256687896027
0.05610387969392709
0.06152283357350139
0.42251448659500024
0.3103865018488366
0.42384279121225726
0.29266352523089134
0.8747677868466304
0.2454381834581972
0.6674496244930365
0.46014278742971737
0.7914538392983479
0.25823519371020276
0.2549523350037587
0.03329444566990674
0.24884578569028085
0.2940925843832509
0.28323328265995934
0.33337721778151796
0.2567397908579995
0.2495944888131067
0.3507418612270385
0.29187302954410926
0.004888328740752136
0.05022138186787546
0.0012246097058286668
0.33488391293652753
0.03576853237137851
0.5036626220683375
0.0015896180660295656
0.7850744351036089
0.021293284242805455
0.09034730282289287
0.27698857152509604
0.3300859306730978
0.009199836751350577
0.7607965350823732
0.6766220245418705
0.25120715769808527
0.4002130079627651
0.2818805628897608
0.008103381612055253
0.33491228767084574
0.5607109467599027
0.07979012508178963
0.7150011162407738
0.00877828712920284
0.5314410427243929
0.012748036880236187
0.2425296468386683
0.7156865962023014
0.5230322767737344
0.9037085593573501
0.005936743335010286
0.30972059968674104
0.3267866988026452
0.6875923209447943
0.36009000547619363
0.5283328673528082
0.6699970560202612
0.8709085210299634
0.28883927281040733
0.30609568585915764
0.4082482904638626
0.23512272287996858
0.29228837201979674
0.7121952383831861
0.5941670077998729
0.36805345679579415
0.3817976447941182
0.005173518479725191
0.4301589148332526
0.2884750038794775
0.6846904876497932
0.3921298961434335
0.041449528247396804
0.002725620823629264
0.31843493739002504
0.27744554862001386
0.41038554776308933
0.4479126891357048
0.35641720344981037
0.015255795806766767
0.36681885863207386
0.3328277263337874
0.001020003376498648
0.6736478541933003
0.002278217471052126
0.34122414963936665
0.4165418254715183
0.5790516198415624
0.029948600842275734
0.05009686225461899
0.3645863570690923
0.36379247468257286
0.03497064150830184
0.002572727297199771
0.010466440477810712
0.34113332541725266
0.0013886307509897145
0.01959134316214097
0.02106329050243248
0.35664044491676106
0.8724956016071541
0.037698742153968096
0.04235173586813817
0.3596021570997176
0.006912895558628832
0.0
0.33527730133281
0.2914537212598126
0.5938797016758676
0.02001633725733011
0.3521946759016117
0.5168825139867377
0.0
0.04292475028880679
0.0011896486985085953
0.6937600547383017
0.0043759919856971455
0.007147786872981156
0.05849576366505702
9.149386605593856E-4
0.67814308732719
0.3460296196352589
0.41787735639711043
0.30471247442700333
0.0068025243297756294
0.03524476395292527
0.30757699805560246
0.011483353487570713
0.0394217508468479
0.3379290047778348
0.3337754729940719
0.5065183464305486
0.6734669123193938
0.4251128839615427
0.4255973803896098
0.04387480433461184
0.5649489768819677
0.009183170031844348
0.021532087864392035
0.46677931506756504
0.01106937867631996
0.2491870136458637
0.46121680083146244
0.7003447521158629
0.00660408868514104
0.3367324989902872
0.008677272078190676
0.03542573240805179
0.24012199873838475
0.8190493621912707
0.6973618120133928
0.3125561084218353
0.5342293698771592
0.32444143787920326
0.9999999999999651
0.34480504403902945
0.35963666409822037
0.3934668897576343
0.42770708971832416
0.26180610904194496
0.010734992083929574
0.5810046723495245
0.003116303408849586
0.022009373952261022
0.002750591848165314
0.016941708273781626
0.5028766384750625
0.3180817252239365
0.007095461843964792
0.3303669796975458
0.31227993230741347
0.3367101383585417
0.48990517400230277
0.4682109924614374
0.03547774764607581
0.009225541545519057
0.3176370511909935
0.7086063766506476
0.07647710080680067
0.31583062210647417
0.2647131399741653
0.5269287979119998
0.36211626149071025
0.0010196432357854463
0.6787981529444875
0.3674828415384144
0.35265930734691603
0.3392985404874518
0.30610609378904297
0.48154939089710624
0.03608342783847305
0.013136764360239923
0.0063129629856160645
0.04353863712842633
0.3235837261103982
0.014527722058579884
0.003982222958705314
0.23735730388883142
0.02603273915508117
0.019895061582644688
0.0
0.554059658383089
0.0348518776497895
0.04613990892262769
0.39361301848406854
0.020663005045898276
0.02103595910802705
0.22281629672861103
0.037648000851996495
0.3697536184396619
0.25233755128291474
0.31654361056060315
0.029531180697906383
0.03798380042189467
0.009398341149806677
0.5690890036157555
0.7078874276933079
0.597406432745655
0.356434918857187
0.2657466070015782
0.019020147495654623
0.2853359519246892
0.018426211582532468
0.3166939412681111
0.0532981054013816
0.018792034816137615
0.009874895902190074
0.33544452397522756
0.420795930876961
