0.7393159656745497
0.9391768400811316
0.003943467229900916
0.8716425297687262
0.7023267653798498
0.669604079797208
0.6995139930178101
0.6603140343422065
0.999999999999947
0.7102673193758702
1.0000000000000742
0.38743849858120855
0.9078488294448047
0.8665905840031533
0.6860469489707071
0.7862285426998553
1.000000000000017
0.6953180451233727
1.000000000000017
0.6788419393894117
0.8099878090285179
0.5212373452959177
0.721987936314288
0.8710902237227324
1.0000000000000095
0.7802228873386727
0.9999999999991015
0.8729274724056276
1.0000000000015719
0.39149050309500577
0.6938839724512617
0.6824456313125261
0.6953206382006863
0.6938839724512617
0.9999999999998868
0.9029991306064561
0.5934842635402836
0.9347700938161596
0.9999999999999353
1.0000000000007616
0.9999999999999093
0.39238666648430237
0.6750216439852447
0.6803263751217697
0.6803263751217697
0.6803263751217697
0.6899303336813919
0.6899303336813919
0.6803263751217697
0.6803263751217697
0.8164965809276713
0.8176744549972454
0.832044891976141
0.8158405046550858
0.8791321183922938
0.6764315232791127
0.707513718136748
0.6941683052934046
0.6345281727295797
0.7097059087825499
0.667694780899579
0.5667366082741541
0.7118459329432614
0.8862493548695854
0.6710216230458343
0.39267859724900184
0.6765849039549274
0.9999999999999075
0.7103625811462074
0.9012459468849823
0.38118626627726754
0.5060636281650536
0.8858171143180378
1.000000000000136
0.36911910083843835
0.40312293600338095
0.9048128284064879
0.875171281588544
0.869496242536352
0.6771725400772528
0.5651733212931999
0.7125018346179162
0.8389407170416121
0.6878628963003612
0.5478429364812888
0.9311020766259881
0.6428009404136992
0.8860525155824872
0.81992763908322
0.700147629425638
0.7144755727806605
0.4225677142723554
0.6866458821092004
0.7934039155920884
0.7475802705742906
0.7498207724854828
0.6119597526569969
0.9999999999999274
0.7461875232977774
0.647546241147197
0.5619050916477799
0.5191515341799213
0.5148313617984882
0.7983531632999252
0.3970127348866371
0.5892533928005992
0.6811567976082439
0.5359929428291366
0.5995197795703142
0.5185576856485434
0.6711319471021736
0.7904087218296817
0.900322955969784
0.5708715600589677
0.49469442731629165
0.9087184191488497
1.000000000000381
0.8700932545338202
0.8119710520401291
0.6888607293753841
0.5070229506025344
0.5047676440922456
0.013648365167922455
0.5075659480592152
0.515579198250331
0.5093544360305116
0.515579198250331
0.7890503178561259
0.3504626345160966
0.382754795188667
0.030548858878741623
0.3504626345160966
0.9999999999999954
0.9130575823347621
0.7735041352828365
0.7958293525952262
0.6931042589699312
0.6803263751217697
0.42988011462395
0.41352639342425224
0.3856342993681386
0.6774778977580868
0.5245273307510105
0.7586810300262286
0.8772942524300724
0.6608239561865118
0.8019659325326036
0.7140446895777635
0.6444372292911215
0.8019659325326036
0.6998214178621945
0.7071067811865516
0.5039918259733042
0.06507855051999567
0.7179360832526721
0.7487405622428609
0.9999999999999238
0.9999999999999853
0.5086376544447336
0.3655971834928937
0.3655971834928937
0.7084369537794659
0.3354280721530535
0.676296954856078
0.6808618022628361
0.4017221308475064
0.6531406362810044
0.999999999999991
0.681599117064213
0.3302732163532695
0.7796328660745485
0.3844680785007758
0.753823295373074
0.6573982322564279
0.8306182748317914
0.9999999999999075
0.7033626590722526
0.5084237164494148
0.792637313344155
0.5860800171659839
0.35844851507815567
0.5291989257350344
0.38153293269005706
0.6802401976508825
0.6827700226205765
0.7098634572867613
0.5079232268592513
0.5079232268592513
0.07006785196091188
0.510193167971186
0.8373820516249465
0.7864064940287917
0.7934464524471342
0.765043298887217
0.5999769734682907
0.9999999999999817
0.04817973208675369
0.5293645941134411
0.8193999151059537
0.0629920114282585
0.5031476074838193
0.8175027650358716
0.6976846501277982
0.8489109019536331
0.8843809650018071
0.6937466363370571
0.6353801934336609
0.5138942776827911
0.733944414938727
0.5066464914049079
0.5663283193346792
0.6942942807647476
0.3877835971801426
0.6772808779898982
0.999999999999948
0.37526695470604987
0.792634882014716
0.6172570529853239
0.69581320613834
0.353176747701598
0.7837386044353138
0.7682573642184457
0.8375345847061644
0.7007297963883347
0.7211801330932034
0.7763958555002997
0.6754969722557885
0.3624663101220393
0.7018623213970665
0.6366656735070249
0.677650063920062
0.8672513524316566
0.8198433635205084
0.39257283971897056
0.3853966136428329
0.533081007958465
0.3865448112770956
0.8691900005391566
0.593735698199138
0.44090623176078003
0.5921348316299494
0.6749473812451431
0.8360275665851579
0.743790560319086
0.7096701339514011
0.33789114349964694
0.4222744437215268
0.5900714672263832
0.6205713485927895
0.4447314349746106
0.0026697602515498176
0.540403517773714
0.43010219080680046
0.05420566227898693
0.6732456269817584
0.5997002638581448
0.611540368224145
0.3763279204972074
0.6289713989869657
0.8131432176802762
0.07040060173104175
0.6393284664065975
0.5945672958771501
0.29257001526302423
0.34491101155278353
0.0143409218620534
0.38202323396248083
0.3024716072841075
0.704179183389948
0.7254097185019533
0.8167392300979706
0.7948186938183429
0.3400877897434584
0.6112739184611029
0.6410666426398559
0.3318778945170002
0.62871719615944
0.2812668867002107
0.4130113174036601
0.7726060055378641
0.6092917873131556
0.5993640959888101
0.5855970177416802
0.5873409197147551
0.49177642472847344
0.7511807919128987
0.9010099475527534
0.434104999758554
0.509203771115704
0.7089149783420345
0.7743355171057044
0.35728875346904565
0.30285155680498593
0.2881627860116683
0.670039676460325
0.6465195371168855
0.46889294632272305
0.6030772585582562
0.33414312022548026
0.05597453993626109
0.3810388654791674
0.8224573660522773
0.7594528815661713
0.5686954283949985
0.6087576521512535
0.6261515273823125
0.584881506470643
0.29034761303180495
0.28641397174313066
0.42219959292724263
0.31098200064615356
0.7324171541552638
0.3697859695231059
0.6448581562590633
0.2971873299012476
0.455523628165657
0.6110984652901349
0.8296982534988377
0.5470651032998611
0.6197506837327819
0.3337855945937137
0.6439758062814743
0.3360980474604991
0.3642677730353628
0.3867095378655738
0.07323406029213442
0.07323406029213442
0.3620042834750734
0.344627186128062
0.4001512107883399
0.05179225466228264
0.3384827915687492
0.2921444166378606
0.3125655232356623
0.6551328524746488
0.814934336947134
0.6131899414826476
0.3986973199171627
0.8094339657020544
0.3926351039513524
0.33907590544131777
0.3766617480770792
0.41146908925475606
0.4246028668055648
0.7228414800612166
0.5566370283222484
0.5354486759556258
0.28884638129069284
0.33928500005087825
0.41220844589649713
0.40943593299204273
0.7741459309099227
0.2536725646195222
0.5207530018660813
0.4112694728669157
0.3360154394764065
0.07811741620472656
0.30851430937574664
0.2946867553554271
0.3696024253148246
0.7929186246151696
0.7654640237605903
0.721726013367485
0.3219105244960829
0.36282942112264976
0.020723472494638698
0.01027291192989009
0.39985778195355565
0.04833414688278436
0.6774778977580868
0.07923302274477
0.32035173255556165
0.04799134255755958
0.017449232943844734
0.3759035491365101
0.36166358742210475
0.6180559670240374
0.29782241936544074
0.03773141214981439
0.3831443306126883
0.40912716304150726
0.7897247049396446
0.07706448022190754
0.37089073106877024
0.28182171647700544
0.4201429313900596
0.3766051338539494
0.5988823304663324
0.6887531972090094
0.7643101660887206
0.3337891890782428
0.09378614597834398
0.35875798057763797
0.7083754258130411
0.3031272925511006
0.4050295733904326
0.3286665468237179
0.6376433639986443
0.7039855314565847
0.49481130328473266
0.6363263101541022
0.4592147389360472
0.6557198811634976
0.4318190292606711
0.7162650879466544
0.7207656770526134
0.4195670491927194
0.5504078442860935
0.5664775464139884
0.7291680182316088
0.6627557700971393
0.6269735959217554
0.4630613691633631
0.5581360113170818
0.5304919206396631
0.5915016735203008
0.6528079615202315
0.3503214959218819
0.8196261823141896
0.37545138928473
0.8433979196868822
0.4795125877099981
0.276787315482674
0.4416292850773917
0.04421509983444777
0.3056679169357242
0.4223823541806998
0.058381600816610583
0.12438483063239955
0.8980914642340531
0.5125821031890211
0.703870160814902
0.6698857817749406
0.4318748187290025
0.43044852591111843
0.04915757779763323
0.9038253987204662
0.6897106553499853
0.47414561594025384
0.5244175355741284
0.6038560546402059
0.28121833442489136
0.3422665032092128
0.29305080055293153
0.6012076667953443
0.3646336819010964
0.3372265564198686
0.06062364442339311
0.053633947135298475
0.05449017536891847
0.058902703044960036
0.6221388544718669
0.014296680490710074
0.4196786361078721
0.2691946126042736
0.5668955519928794
0.5580845430586312
0.6045758309908839
0.688065022924957
0.6108615790813784
0.5197861113934247
0.44104260742488044
0.3477282015488969
0.3353263625414704
0.3365798631351648
0.295422091032861
0.3102831997799996
0.3435851358607679
0.4086264905983785
0.29418673872041384
0.4370882368748836
0.2686362673813992
0.29465039928373254
0.2743882673761587
0.33955197815913046
0.6437590791870045
0.039480619206632823
0.29144741999683776
0.043592141470265494
0.0603555912953834
0.7256352637911988
0.5516835291905284
0.05951166375823159
0.41886481318935687
0.48764965070711935
0.32308814190638935
0.29859971539217095
0.7313391397192885
0.06784992940585821
0.3071351193763071
0.3770608940576899
0.020575183439149002
0.5010463009388831
0.0632029799149027
0.33119724193991185
0.22771118377955638
0.4453719521777236
0.8685251606437021
0.49309132082567925
0.6294188010487224
0.2766858582595701
0.3755663996409919
0.6221053196660744
0.5010677440723801
0.6319526248452646
0.3317911828075946
0.4478091511925564
0.4564538786240115
0.5533368002257685
0.30548187716849645
0.1304318075942335
0.3028817147646086
0.5350362321613048
0.34337460930347324
0.6346880516794215
0.40670448363943335
0.6336203248360517
0.31946953594949395
0.330455199559701
0.061029727055031104
0.08770726347354224
0.37370213099883254
0.2677201732776859
0.3415601403195481
0.4359038830570835
0.6619527795986977
0.23469166665070382
0.6496795208623859
0.40477799512956913
0.715339610723727
0.27161131587002685
0.2401318814765613
0.07786920709033207
0.2378674728697885
0.3032564615495006
0.29034340243904466
0.2939153339853723
0.26629056559007985
0.2631008324564521
0.32603777355453417
0.28669559668387784
0.01652111635724009
0.0657728017976259
0.03264189259297482
0.34023410507297225
0.043829234164753206
0.5697632616087421
0.0029575068491831213
0.6714773651691156
0.031040067285743347
0.08591208247914384
0.2931483901904535
0.3395488634557026
0.016824458276052237
0.5999985338739243
0.6860621595077685
0.25056075440902076
0.34115843725113293
0.29239274824559264
0.06400448684423342
0.34820796739844845
0.5595239680355669
0.11191494263076704
0.4482874749501199
0.18015519852647266
0.5705117250808128
0.26563277014912035
0.26504650009275216
0.796366688056132
0.5198881328040138
0.9077465542586745
0.01499269571356789
0.3184692260138373
0.34646824453015773
0.7089149783420345
0.33482474670884244
0.4849030885458363
0.6317327257583268
0.7888813083909204
0.2841487705401716
0.2894499557387839
0.2962684144999946
0.2543107938491716
0.43729600178063127
0.7027733722784155
0.5452882121451633
0.39910715001967717
0.31337174786305483
0.06442064420746584
0.5518487024564374
0.2977536268632114
0.49286055721648714
0.3890143572951208
0.08826869397671039
0.30108551880178086
0.31304621292758794
0.30864797240565756
0.38487605292511956
0.4025291988928013
0.5567614204855466
0.286391627375021
0.34983156793389303
0.34001970952155613
0.011766942852513174
0.538715373250846
0.28966686735129044
0.5537633513737327
0.41485392558231104
0.4534485823607622
0.06397509764716691
0.0830346382391769
0.34206349926892604
0.3050441613894154
0.05324744436532493
0.010898103338995897
0.03633420565371539
0.34520319686558487
0.011225387210387723
0.019684395676575133
0.25715109706022754
0.3652599123001231
0.7830656236571439
0.08424723343158143
0.0432263233561362
0.33062055963112863
0.03227450120997533
0.001271724354236026
0.26553185252459643
0.2469008662491662
0.6602740887565534
0.05295466550759416
0.3372058981804363
0.48962972123563364
0.01662720084204753
0.05438800877424308
0.0027149998530220446
0.7135559671728577
0.058569379136019506
0.011830685236217924
0.051950173529425735
0.03410579484146636
0.6072190812130922
0.37214347379339946
0.2530317070456717
0.3074436871541454
0.014867883252825065
0.08026664352569154
0.3027606698006157
0.2481289007383738
0.049138218425444885
0.31591165360135115
0.33894390700244986
0.3337870553873232
0.6127304185652064
0.5287665584041893
0.38371842464786277
0.052299508640111764
0.37143597672939066
0.026236447201633564
0.04585188798762108
0.4926866076388276
0.35185377765143816
0.27706064494646265
0.6326194361808145
0.6331716073692882
0.02718087252207723
0.34433398113574143
0.011897724394870052
0.05173895120076989
0.37342386723031334
0.8213344431268191
0.5621437257194217
0.2949588448144235
0.6067971417515187
0.2999074766511971
0.9396849770959463
0.3523497400672216
0.34985032754147954
0.554091851145345
0.3376815963681573
0.24570482979543315
0.09779859036820819
0.5605911032143917
0.014434366719992018
0.09930304115636357
0.12259010568892809
0.19305509705129126
0.4011007656426571
0.3485967376832394
0.031567857735887356
0.32863081359220037
0.2813109995661082
0.30524674928006007
0.5747148477544144
0.3988518371609018
0.07285154656867343
0.03015269048135425
0.44931029543783224
0.7095448369784343
0.0839439406816702
0.2956468307650054
0.4014743385024237
0.42946712313773794
0.3693689062595253
0.008849546052271215
0.6316443628439101
0.3623533404609446
0.317189625053882
0.3205838672235915
0.2572983167028025
0.4410645037655849
0.022725376027125457
0.021306634150897157
0.01550323474843141
0.06413020211727492
0.48392852897390204
0.07259462407569427
0.010128387181807396
0.2604633583668926
0.04441552306123981
0.031921452734795575
0.006609756600304202
0.46322345215215804
0.041428701462197945
0.05599938554012136
0.28419385537780256
0.06374233095989593
0.1361122704342453
0.233340490394795
0.054295199573056716
0.325455044496624
0.41088054690912773
0.26945557610228543
0.19675988974650624
0.04279329920104323
0.04639378169728162
0.5261457931211242
0.5804921793831151
0.5751628396020888
0.3009023208736603
0.284135910283968
0.2902929150117398
0.2910254708882279
0.04880587401709464
0.33308887611319105
0.0607747062973734
0.0447350716614074
0.02017041705982681
0.2947308502329701
0.444049539532488
