0.8237557730404137
1.0000000000006974
0.07819327031395147
0.8101286727231687
0.742484438909708
0.7060617115081244
0.7258333645376054
0.8597956749337277
0.9999999999999075
0.7204002709774342
0.8976755163824919
0.6105015587456647
1.000000000001569
0.876960060357308
0.8614512951483233
0.8798955334669657
0.9050137195694078
0.7843378740635369
0.9050137195694078
0.7250101432201617
0.7722425825927113
0.6549868213303037
0.8064127763159902
0.9999999999996316
0.9999999999990378
0.784483768004641
0.99999999999971
0.9023082189062271
1.0000000000024922
0.5591197614616937
0.8129357639268909
0.8073255445360912
0.733928731181149
0.8129357639268909
0.9999999999999319
0.89473466810757
0.7675559289716153
0.9366538330798935
1.0000000000010612
1.0000000000021194
1.0000000000008238
0.5827830063910548
0.7690169393356674
0.784483768004641
0.784483768004641
0.784483768004641
0.818591293934211
0.818591293934211
0.784483768004641
0.784483768004641
0.8874541273949115
0.8367654939972494
0.8143496372222799
0.7922707056190973
0.8939842373888537
0.769920539555376
0.7811692608697485
0.8332707570740016
0.5846515320372563
0.7309847458893752
0.7021704389594935
0.6077621608596157
0.6596565815935046
0.930373513994305
0.7356326293162121
0.5518170418786036
0.7383873070028856
1.0000000000021194
0.6488181665507097
0.8890325259284952
0.46926488478124817
0.5729492937583057
0.9298392584078132
1.0000000000011864
0.41389756347574447
0.6195639880204741
0.9014611862465093
0.9172298866783185
0.9041639937888648
0.759451824394931
0.666154196997844
0.5665647275396374
0.8512904899471844
0.7834621910944968
0.7022962592686295
0.910405928177785
0.870331609267256
1.0000000000026186
0.8432636881089495
0.7418773640331938
0.7706466974353089
0.5853204607858202
0.7201310430774923
0.9198989328111536
0.8249452562066834
0.7238618473633749
0.6892387057375192
1.0000000000000822
0.8214211612003554
0.6190472105859093
0.600488276574547
0.651629073155329
0.39091459326368855
0.9026534113275361
0.6254673585966704
0.7256296132548788
0.7899857620132179
0.6863513843885669
0.7068059049036841
0.6455735061688854
0.6953471844464884
0.8442509258933507
0.8866352389870081
0.7536256457011502
0.6946554880949637
0.9317118920876263
0.9002288961315891
0.9018833222366596
0.8076498906745914
0.8120313407134471
0.5701068097347236
0.6015163456195572
0.12475722089859498
0.6300772389003415
0.6517632136292507
0.6344542514223804
0.6517632136292507
0.8620014460732793
0.4662540761219532
0.5030615382935689
0.19122792682927559
0.4662540761219532
1.0000000000004758
0.9527087940204115
0.7090071534951402
0.8938995927310142
0.823509206886668
0.784483768004641
0.5993899124405819
0.6043909816378573
0.5657664420574108
0.7348820872284595
0.45235569728746183
0.7687006506408343
0.8972443375135783
0.8005412307068985
0.9229205433915268
0.8705440972940708
0.793961396945237
0.9229205433915268
0.7231487780218777
0.619523765681026
0.5639492983882487
0.29928523134224466
0.5793225303287799
0.6664667938206275
1.0000000000008455
1.0000000000012246
0.7590548791945306
0.4968983197811542
0.4968983197811542
0.7760464955118795
0.4270817526941501
0.7754855314562148
0.7727237719373578
0.7090377064673138
0.8052998809524993
0.9999999999994892
0.6936863852197219
0.38713332965630254
0.8806732160275205
0.560315574051117
0.7451872614784383
0.6622020486241585
0.8854894587276884
1.0000000000021194
0.8337601120400089
0.5879178203978285
0.8726815440060646
0.705172733109966
0.5721076917507797
0.6305684064952359
0.6550537946536424
0.8626862742726413
0.7781768797318148
0.5208259810750111
0.6236973401949819
0.6236973401949819
0.6265003187042965
0.6444528053963352
0.9313943436981817
0.8984707452227448
0.8909650971469272
0.7713446576127034
0.6543621831580548
1.0000000000009155
0.2273728020922106
0.6029999899700494
0.8392956089666156
0.2794484547925485
0.5745466887482041
1.0000000000011122
0.702663491677807
0.8186284409572111
1.0000000000014253
0.7865001402933235
0.9198989328111536
0.5861289705110303
0.8535582511026414
0.5624502952939552
0.6807472155708871
0.6364034053683305
0.5474148042530971
0.7363289933822948
0.9000045606139352
0.458552333549293
0.7960204071447998
0.8474780891799378
0.670949122666164
0.5722288038507684
0.9175851307117119
0.8950130327899267
0.8005033307424836
0.8481794698299232
0.8597956749337277
0.8460872397867223
0.7364617683641285
0.5303230344589789
0.8576226741766282
0.7910662578697074
0.6902421097639456
0.8810824837477076
0.8443416541547704
0.5001386876289593
0.6744805694713797
0.48940491498796307
0.6236119703422267
0.8176381638618274
0.7534731591320626
0.4529397594169197
0.7282948077959877
0.7523613187890044
0.8403554735511326
0.7921571367279224
0.7710448885866493
0.4505819433330136
0.46854934918306734
0.7950243650339172
0.7981703788023395
0.623863445074936
0.04697737966463593
0.7513895432627583
0.616695378826888
0.21782204353148657
0.754668833378336
0.7026227500387401
0.8626862742726413
0.45214850148105656
0.9198989328111536
0.7925342208704429
0.601368769879197
0.7181803516498428
0.6170489026053215
0.4101637887404298
0.4201839495704673
0.10308835614689407
0.5665854844163192
0.3806840481266384
0.7501642784148214
0.8500348682863713
0.783810933422135
0.7823457569882781
0.49082029606706884
0.7451279634097498
0.7941557236012168
0.4203739181225282
0.7430105723314917
0.47113267398106706
0.5320112132335734
0.8592984252214502
0.6266751055765678
0.7551175308817702
0.6600060346610023
0.716532140997714
0.5122766224516899
0.7076666787634661
0.8182292193445532
0.5692398472378267
0.5296491300805908
0.7282356271200512
0.77447766223503
0.47590320333213143
0.39261307129938355
0.41657429096769505
0.5350946488398467
0.7720574584426637
0.5645398354047264
0.8019740965102555
0.576842680973331
0.3428156793319967
0.48628481015943464
0.9202970978892223
0.7837242183168074
0.709453365289889
0.7640221910027446
0.7403367508922448
0.6721093540892635
0.4053123686114928
0.3784885547260399
0.5175168756481916
0.6257464696078117
0.8715420182830806
0.5629994915424673
0.8191606804443831
0.49892704421226475
0.37197300173384906
0.7559448553567186
0.9420116731310869
0.6164135490967899
0.784483768004641
0.4107869472189369
0.7460825055448803
0.5524518138766353
0.4838239318274419
0.43951406135203885
0.3200130210818676
0.3200130210818676
0.4508120692676219
0.46511698110594873
0.44521583829871436
0.2673320890180512
0.42806141718003965
0.49179458082875255
0.4509658248510947
0.7221101218604752
0.8171739523044066
0.7371699763968551
0.5895655034541954
0.9130202941256079
0.5510583389356145
0.4022174923877513
0.4661796428981641
0.6108512495102006
0.5180619668611667
0.8012372261924601
0.8111725835703347
0.6721460973738327
0.5484880378942851
0.4542494548282042
0.4558985972646796
0.44421642183479965
0.644715164199653
0.2464872541457223
0.527145481051034
0.538895585604493
0.5294261664944413
0.5886322761712366
0.48423619506453697
0.42891519743228856
0.609700672058768
0.9359304138314725
0.8017770022557295
0.8874120432190588
0.5114869765145871
0.5636404411442945
0.12358972678226988
0.21749125253314208
0.5511580977482042
0.20340437133826092
0.7348820872284595
0.3550086361416853
0.5620962877457032
0.24195675393430502
0.1412611851405363
0.5276284940146266
0.5952817067444804
0.8193290131660449
0.40528928631494826
0.24089973690885236
0.6118595908464672
0.586259783373492
0.8257923247312886
0.37187943918308697
0.4662853909394044
0.43884969331071777
0.5857168783415992
0.684419084652296
0.7360246021835405
0.7954663814726596
0.7899201498811045
0.44203232524181124
0.3186649589489655
0.6244231318390444
0.8295191314101342
0.3952580032119114
0.3645625752138938
0.4874562793956241
0.7562678227557793
0.7542409608798313
0.615570297965647
0.764635730134462
0.5910307881390275
0.7282621861316588
0.49130664037044824
0.7581520488634393
0.7915517791386213
0.3899855660455121
0.7233584359221025
0.6932840029025458
0.8019297369826726
0.7246940104976498
0.5931578981602262
0.6254414908821352
0.7382310030517739
0.6874537487162136
0.6448348438088168
0.8131355517789846
0.488501449353614
0.8632822536465729
0.4617421084609374
0.7788440683471388
0.5689024346922372
0.5262353565129919
0.5262264222674456
0.22128821357087364
0.3875879986740566
0.5858148197883948
0.29651785885447424
0.3618026549474358
0.8973025508265802
0.614487104381572
0.7207820935987229
0.8190315691183222
0.6365112741784688
0.5390356913831233
0.3005226576734684
0.9218023673463603
0.800155665101178
0.6533677198574721
0.6725614389448641
0.7441786647894846
0.4450885834394742
0.5214698093544651
0.38216469007221937
0.7176749262973784
0.4320155960027184
0.43934556303391475
0.2436980343065669
0.32214005068253254
0.320351980643961
0.3018834685754251
0.8723412202541471
0.03970367744912128
0.5386663639971544
0.4159228607304893
0.6855170542570598
0.7120783711583472
0.6294691871989808
0.6647388090865437
0.7554490231414857
0.6442644690828904
0.677275129837672
0.4764652392257352
0.606893831562928
0.4911737389089448
0.44716147379029064
0.4349629619721794
0.4415601514753526
0.6381515090789526
0.3953892327716088
0.4657031804410677
0.38905965116107644
0.45116992105430614
0.530209386714148
0.45725803142070504
0.7372386668539754
0.22544862796631623
0.5341437649115259
0.2529769512529763
0.3231268620733126
0.8286857793627148
0.703560644546851
0.4734538103419578
0.5158637409579784
0.6564403028755169
0.5467794687051617
0.5140442306987085
0.8516924557389105
0.1260207803534827
0.4705176299596525
0.5509185007624907
0.22776304475529247
0.5543218972843655
0.2529344133272759
0.42513649618510424
0.33740361089736004
0.44593361151497724
0.9001943609543408
0.6890354370385358
0.859893072790546
0.44139281840821304
0.5630361907627274
0.7553432286428652
0.7569638371679974
0.7673987734947568
0.3680505020249302
0.6088245294420604
0.6926580505875602
0.6784815873287481
0.5410355057075109
0.4156105111850343
0.38363191478438263
0.6930112774762874
0.4657899413616439
0.7196753151506647
0.43004692853069737
0.717720352831276
0.22201260554116603
0.6269338201097286
0.30970818553207796
0.294848000028991
0.5625319117733483
0.44751836272895434
0.443240618604237
0.37999345657877986
0.8969541439953342
0.4030739385473848
0.7330311454949792
0.5557123366176907
0.7978052294866181
0.46182553700195295
0.519948894010455
0.25179092970407246
0.32218501796836807
0.5065568078378069
0.40857843488812556
0.37223292611314956
0.4915636357542831
0.5241344798330099
0.5108632561611617
0.42614129769183606
0.19439380250342841
0.29269670654900093
0.1403200727504407
0.44016238745491276
0.20974088514467654
0.5587135371998763
0.05339102455316061
0.8043999576085463
0.23217712207601046
0.36736647377273834
0.4586056205595439
0.6095139001259965
0.1910392574009511
0.7697228329079695
0.8440313030252019
0.3696455294012665
0.6223695475655303
0.6278254720027222
0.3072287086931363
0.4292476485106049
0.7179232609470809
0.3048884687469339
0.591336782124892
0.26046919997724743
0.7183486908713091
0.2496562136115072
0.40545228682437034
0.7919194087270317
0.50573475568352
0.9481949496976688
0.2300946888153433
0.5548638147913164
0.500905981311995
0.7075354711994059
0.6804947647216807
0.6043622870410279
0.7188564766619526
0.8680248372581133
0.37881737137447297
0.4371394099810391
0.43157090648775787
0.4140066493471445
0.45498027884455405
0.7373619558948901
0.6514281153883552
0.4770070997431149
0.5701309485698405
0.14704440009758274
0.4290124379310691
0.4800808682812209
0.7599802707668126
0.5259943793135431
0.2784370465516109
0.3010481365467393
0.5602547813564448
0.6643167577076872
0.5474724072527776
0.63881142384263
0.33826153658403857
0.11417312050043289
0.45299621493004005
0.4845968760074831
0.14292215403182904
0.7499114559949108
0.4616874120922397
0.6990458750145201
0.7241804257654979
0.5452673480632989
0.2785002788558181
0.229885969947161
0.4697629701199266
0.4431779441313915
0.19668476756083195
0.08517402146847217
0.31457147915582195
0.5062913605672569
0.17242548134076238
0.18686225730124395
0.6010918464010777
0.5210740676261011
0.830638819665889
0.2999632140977575
0.27083060924411695
0.7412510970229136
0.16782430529852538
0.06728066040737715
0.47819842277521274
0.3845626660516291
0.6931201118145979
0.13010531285464438
0.4875518781124099
0.6140957160172612
0.08985974238564297
0.31942313279657913
0.08388213880517333
0.7078506226177556
0.18102589528269733
0.16490302101076856
0.22367655306129353
0.18596390754529804
0.7704112925505411
0.6540257007087705
0.5173608297573166
0.4303531103623033
0.13243884563679506
0.31183205743064696
0.5683900700917268
0.11834580934644207
0.2411700186228576
0.41524034361486195
0.4472610226736934
0.6204384882252778
0.6846458110139222
0.5565902834717843
0.4888152810068046
0.32803161697358213
0.4776525891188441
0.20134231304181793
0.2479508166256902
0.5592800039078856
0.3320552525647577
0.4441352347973243
0.6962190570654943
0.6584959426177638
0.2397747211069275
0.5534087327003916
0.10979021386582816
0.3001489704008963
0.39497607989899225
0.7178947412444687
0.7049206281064707
0.4149205049957223
0.6054516892286333
0.3782114226731661
1.0000000000007536
0.6075196920218893
0.4902122546071692
0.7124926867031679
0.4790827671462797
0.4106963831340276
0.2915897857255909
0.775599846830579
0.12531972115301518
0.4261808438272412
0.1800693832155559
0.48702707474711093
0.7088278753439288
0.49642966454357407
0.18153535985377456
0.55471085086957
0.5216566557617999
0.43349971455056924
0.7384455675452617
0.6151035253246714
0.2487171154067419
0.2520658295099556
0.6841716742233623
0.5142405215025531
0.27359589061422984
0.4383619553746314
0.5905045873481737
0.6253431806493606
0.6023621170435116
0.051432152872537926
0.762156833482164
0.6100369212910431
0.5183868237625806
0.5213979431654
0.37297115707203354
0.6927116525929135
0.21814660418285023
0.22898348595152918
0.1545570363872438
0.4213640856267601
0.4503247720223202
0.2007905430270033
0.14904065938205946
0.44837643010752193
0.35261136903031354
0.3787779441070968
0.0783364948683661
0.6172764703709676
0.27020703263822826
0.27169377888624063
0.4588278343224935
0.2501927172051136
0.252630865421073
0.3587129848229419
0.3014994634554237
0.6226377489445877
0.45503646700147743
0.38750596423284095
0.31900458265867043
0.21906542433095283
0.2162392924545917
0.7120389232834553
0.7092183677299813
0.6513468062578095
0.519003148819379
0.40986097596495674
0.3533732921717614
0.48506691364789895
0.33649185983593455
0.4584530993326939
0.391489341615705
0.21366063313302272
0.30004448859912514
0.3983821524835396
0.568640636553061
