1.0
1.0
0.6
0.6666666666666666
0.8389411024744193
0.7619047619047619
0.8389411024744193
0.853661908035627
1.0
0.6959733034775211
1.0
0.7073238160712542
1.0
0.8571428571428571
0.8083203184452962
0.811968854057108
1.0
0.853661908035627
1.0
0.6666666666666666
0.78125
0.7804928620534406
0.8253968253968254
1.0
1.0
0.7532057949109973
1.0
0.8571428571428571
1.0
0.6926030105100464
0.811968854057108
0.811968854057108
0.8119688540571081
0.811968854057108
1.0
0.8571428571428571
0.7027464310267203
0.9090909090909091
1.0
1.0
1.0
0.6314396858134049
0.9124249671817378
0.7532057949109973
0.7532057949109973
0.7532057949109973
0.853661908035627
0.853661908035627
0.7532057949109973
0.7532057949109973
0.8571428571428571
0.9124249671817378
0.75
0.8888888888888888
1.0
0.9124249671817378
0.7222222222222222
0.9124249671817378
0.8686374507726067
0.853661908035627
0.7083333333333334
1.0
0.6785714285714286
1.0
0.853661908035627
0.5203285747022938
0.853661908035627
1.0
0.72
0.8571428571428571
0.6416536517786297
0.6
1.0
1.0
0.755607769141086
0.5758841302578492
0.8571428571428571
0.8571428571428571
1.0
0.853661908035627
0.7804928620534406
0.7
0.9343187253863033
0.811968854057108
0.6357142857142857
0.8571428571428571
0.7317102068876803
1.0
0.853661908035627
0.8389411024744193
0.9124249671817378
0.6926030105100464
0.853661908035627
0.7796292089391067
0.8888888888888888
0.6666666666666666
0.645604967066569
1.0
0.7532467532467532
0.7229558268558145
0.7286355207237746
0.875
0.61305318368962
0.8571428571428571
0.6068677029466244
0.6666666666666666
0.7308651166751629
0.853661908035627
0.7820785432986324
0.717953281085662
0.7142857142857143
0.83472190670433
0.7333333333333333
0.7760264088804713
0.6402464310267203
0.8571428571428571
1.0
0.8571428571428571
0.7419750281816266
0.853661908035627
0.5
0.625
0.29444381340865994
0.6166406368905925
0.6
0.625
0.6
0.8305055336767141
0.5203285747022938
0.6926030105100464
0.5203285747022938
0.5203285747022938
1.0
0.9090909090909091
0.6666666666666666
0.8571428571428571
0.8119688540571081
0.7532057949109973
0.5651746489681054
0.6656307620927351
0.7073238160712542
0.7532057949109973
0.5796292089391066
0.7308651166751629
0.8571428571428571
0.853661908035627
0.8571428571428571
1.0
0.7317102068876803
0.8571428571428571
0.6857142857142857
1.0
0.625
0.4054928620534406
0.66944381340866
0.8686374507726067
1.0
1.0
0.6666666666666666
0.7115127409324783
0.7115127409324783
0.8119688540571081
0.6333159801492839
0.6666666666666666
0.7796292089391067
0.6068677029466244
0.9124249671817378
0.8571428571428571
0.9124249671817378
0.5777604245937283
0.8571428571428571
0.81662487099859
0.7635347915936275
0.7381824673986455
0.8488251196777208
1.0
0.853661908035627
0.5625
0.7857142857142857
0.619047619047619
0.5619688540571081
0.6314396858134049
0.5698062191495821
0.7796292089391067
0.6666666666666666
0.5599999999999999
0.5
0.5
0.3804928620534406
0.5
0.7836345556993587
0.8571428571428571
0.8571428571428571
0.7796292089391067
0.5714285714285714
1.0
0.4369952413689604
0.7222222222222222
0.8
0.4054928620534406
0.5
1.0
0.7619047619047619
0.8571428571428571
1.0
0.853661908035627
0.7796292089391067
0.6938775510204083
0.853661908035627
0.625
0.6402464310267203
0.6843187253863033
0.6332911169747337
0.7532057949109973
1.0
0.5086428944529405
1.0
0.6666666666666666
0.619047619047619
0.5333333333333333
0.8571428571428571
0.8
0.8
0.7108047651784842
0.853661908035627
0.8466562547562368
0.8
0.853661908035627
0.9124249671817378
0.9124249671817378
0.8389411024744193
0.8571428571428571
1.0
0.6509099565315274
0.7073238160712542
0.4865391282443306
0.6926030105100464
0.8571428571428571
0.6428571428571429
0.6207583005150711
0.853661908035627
0.7222222222222222
0.9343187253863033
0.8871813124342648
0.6666666666666666
0.41109375792706165
0.6624249671817378
0.645604967066569
0.83472190670433
0.6724549803090427
0.4166666666666667
0.7314525795017272
0.6209482217529035
0.4392557607173627
0.853661908035627
0.619047619047619
0.7796292089391067
0.618570311413526
0.7796292089391067
0.7727272727272727
0.5203285747022938
0.6666666666666666
0.6857142857142857
0.5174244926019661
0.5032057949109973
0.5240563001995016
0.6656307620927351
0.5277777777777778
0.8389411024744193
0.8
0.8571428571428571
0.9124249671817378
0.46664931348261723
0.7532057949109973
0.811968854057108
0.47222222222222215
0.8305055336767141
0.6566458930434556
0.5308651166751627
0.8888888888888888
0.7055468789635309
0.7308651166751629
0.6666666666666667
0.7308651166751629
0.6566458930434556
0.8305055336767141
0.83472190670433
0.6949099606180853
0.5
0.9124249671817378
0.8119688540571081
0.4865391282443306
0.5666666666666667
0.41428571428571426
0.6
0.8
0.6420946837998862
0.7444270912603951
0.6062775566325035
0.3650882947228969
0.6926030105100464
0.8888888888888888
0.9343187253863033
0.6857142857142857
0.6959733034775212
0.8571428571428571
0.6959733034775212
0.41428571428571426
0.46258503401360546
0.6332911169747337
0.47222222222222215
0.8
0.64
0.7913301609126403
0.46875
0.4857142857142857
0.6745673497448232
0.8888888888888888
0.5531161606203783
0.7532057949109973
0.47222222222222215
0.7317102068876803
0.6857142857142857
0.48516783200113567
0.5333333333333334
0.4054928620534406
0.4054928620534406
0.3975317833418294
0.4752922079355577
0.4666666666666666
0.4041157514425247
0.5277777777777778
0.5194522578825348
0.5569130976933869
0.6959733034775212
0.6843187253863033
0.6944444444444444
0.5878557607740972
1.0
0.6790916338484045
0.5407407407407407
0.6509099565315274
0.7073238160712542
0.6949099606180853
0.6666666666666666
0.7190923735495023
0.7895458169242023
0.45714285714285713
0.4666666666666666
0.4
0.5599999999999999
0.596080414511983
0.4714452937917735
0.6949099606180853
0.5
0.5
0.32439428964275246
0.45238095238095244
0.4550272428644252
0.5448895065960374
0.8571428571428571
0.7111111111111111
0.8571428571428571
0.6624249671817378
0.6568520584421328
0.49575830051507114
0.3345939179762545
0.6959733034775211
0.38143968581340487
0.7532057949109973
0.42032857470229373
0.4166666666666667
0.3258841302578493
0.21293831190333656
0.7820785432986324
0.5428209574069146
0.7796292089391067
0.42654247386119337
0.36980544498291845
0.6068677029466244
0.5845270247107898
0.75
0.4423601787577413
0.393182404753808
0.3008248425300449
0.48
0.6428571428571429
0.6666666666666667
0.7777777777777778
0.7792207792207791
0.46664931348261723
0.3178603580441231
0.4527604245937283
0.8
0.4777604245937283
0.43703703703703706
0.4666666666666666
0.7185069497291523
0.75
0.6292058268558145
0.7185069497291523
0.6
0.6515693891581259
0.45
0.8
0.7121971448213762
0.38095238095238093
0.645604967066569
0.7820785432986324
0.8571428571428571
0.664904346183248
0.5740740740740741
0.6569836046335923
0.6959733034775212
0.5583203184452963
0.6530612244897959
0.8902464310267203
0.4121701000072823
0.8
0.618570311413526
0.6682536076620914
0.4170335384951405
0.3836215408113216
0.4
0.32032857470229376
0.4666666666666666
0.48
0.38439428964275246
0.27353436961329103
0.7142857142857143
0.6402464310267203
0.8149043461832479
0.6666666666666666
0.5197528059594044
0.5302031240687366
0.5126477136823046
0.8888888888888888
0.75
0.58472190670433
0.581047591172569
0.5583203184452963
0.36262509598643117
0.4121701000072823
0.4741763956379977
0.7317102068876803
0.5203285747022938
0.5845270247107898
0.3536619080356271
0.27455247558706647
0.3459959211733946
0.3203112215182442
0.8888888888888888
-0.0
0.5333333333333334
0.5053805366594385
0.7190923735495023
0.7027464310267203
0.608976640542831
0.7317102068876803
0.8571428571428571
0.7333333333333334
0.5693400019642334
0.448698509991074
0.4583333333333333
0.5865391282443306
0.4073933210876209
0.562962962962963
0.41987246157766395
0.7660868752173648
0.49523809523809526
0.6457583005150711
0.41428535369383745
0.19788438572156805
0.5066960098671903
0.5086428944529405
0.6512740421201821
0.42853524312120034
0.42735466436218655
0.30515077720996825
0.2543626248685296
0.7474549803090427
0.6402464310267203
0.27353436961329103
0.626710681467452
0.5691079386904181
0.4339987312844202
0.4992230715695513
0.8571428571428571
0.4016028974554986
0.41428571428571426
0.4102590177632354
0.2881593302475843
0.6492014972506449
0.25366190803562705
0.44100598036351496
0.39896259343272833
0.6543626248685297
0.7058823529411765
0.6367671848066455
0.8571428571428571
0.3714285714285714
0.7
0.7555555555555555
0.5357142857142857
0.6666666666666666
0.49442709126039497
0.38095238095238093
0.7343187253863033
0.688888888888889
0.4571428571428572
0.3289541159711848
0.4777604245937283
0.6843187253863033
0.44599592117339465
0.9124249671817378
0.4
0.6496002826218067
0.21666666666666667
0.41428571428571426
0.32439428964275246
0.2735079823014387
0.591602352822442
0.4741763956379977
0.4634920634920635
0.5098486794311587
0.8571428571428571
0.5395321960983867
0.64
0.5621971448213763
0.75
0.5514988377054362
0.4724381227141966
0.4093187253863033
0.45833333333333337
0.42654247386119337
0.41585814171525914
0.42063492063492064
0.45863455569935874
0.39791143053566197
0.7796292089391067
0.46530612244897956
0.435555050726928
0.2992230715695513
0.22664584284580727
0.39999999999999997
0.36980544498291845
0.733976640542831
-0.0
0.6944444444444444
0.3096017402285003
0.3536619080356271
0.41284038255517325
0.6566458930434556
0.39942548207414263
0.6060606060606061
0.8389411024744193
0.41964285714285715
0.5705406532223444
0.2857142857142857
0.2647556659626887
0.39999999999999997
0.5388802122968642
0.45703919885481153
0.7755102040816327
0.42218639736387076
0.6402464310267203
0.37093063021166867
0.4968681249269609
0.6843187253863033
0.5331035738838632
0.8888888888888888
0.2682536076620914
0.49636425758434666
0.6440280597052775
0.9124249671817378
0.5833333333333334
0.5592940683162796
0.6
0.8571428571428571
0.49682503623352
0.4992230715695513
0.6122448979591837
0.5072459048872202
0.4297488898738676
0.853661908035627
0.5934976206844802
0.5852568102799317
0.5936597232943255
0.2809520203605041
0.36904761904761907
0.3416666666666667
0.7219193046047997
0.5630160500932567
0.3739904827379208
0.18404445929440766
0.6122448979591837
0.6095175988953778
0.4883466476675134
0.4805194805194805
0.5320785432986324
0.18703661634651403
0.4444444444444445
0.4666666666666666
0.18
0.6228791502575356
0.41729695898812724
0.36111111111111116
0.5973752918454268
0.6098680636564099
0.32222222222222224
0.2666350043977169
0.7190923735495023
0.48809523809523814
0.2745673497448232
0.2571196850179851
0.23883044633466405
0.4666666666666666
0.3235187251087994
0.33229742875940177
0.622361670410818
0.4666666666666666
0.9285714285714286
0.28607976436005367
0.28607976436005367
0.3333333333333333
0.3869952413689604
0.19382807963812568
0.40244127202375135
0.3625
0.7820785432986324
0.3395703184452962
0.6677928290129181
0.6506433072094977
0.3490345279673171
0.2650435402210137
0.311968854057108
0.619047619047619
0.2840919334352964
0.10384695389319673
0.35129479420701926
0.2629625422724399
0.8
0.4976328861713923
0.2857142857142857
0.3598906813522834
0.27760595653874565
0.27932925450672796
0.8686374507726067
0.33154063209063334
0.3205180355264709
0.46664931348261723
0.4257984552181926
0.4571428571428572
0.6959733034775212
0.5448895065960374
0.6067293229693032
0.42032857470229373
0.5
0.1733125095124739
0.24575830051507117
0.6717753749465554
0.33653912824433063
0.37389770723104054
0.6140372322360135
0.6666666666666666
0.19072296686616821
0.6440280597052775
0.2990571456631906
0.37457503036410816
0.4393784572556411
0.6666666666666666
0.6682536076620914
0.5333333333333333
0.48888888888888893
0.49636425758434666
1.0
0.5722744358077526
0.41987246157766395
0.5395458169242022
0.5439833052033943
0.33571428571428574
0.3249356861557753
0.6060606060606061
0.38439428964275246
0.21880386327399817
0.2892857142857143
0.40112616234625137
0.47542801713321947
0.4102590177632354
0.27976190476190477
0.3416666666666667
0.6186374507726067
0.3880803639374814
0.6795045275536752
0.593730207655227
0.21742449260196603
0.30515077720996825
0.5526407169808071
0.5
0.4324901696289895
0.6444522578825348
0.5699160405086245
0.48954581692420224
0.6624249671817378
0.24523809523809523
0.689501340097618
0.6091534036565286
0.556395945317503
0.44629587560577333
0.5428571428571428
0.6083268258893149
0.17202019723711495
0.37890357953215237
0.21295190584207926
0.45787806538228304
0.5070840539967554
0.3676390438315995
0.2804928620534406
0.4152568102799317
0.25
0.29850798230143866
0.2637561930660907
0.5
0.26347109565526444
0.2928209574069146
0.5190406320906333
0.527301764378971
0.4047619047619047
0.43229592676606166
0.3057096066148737
0.44603138543986925
0.41693121693121693
0.36497002429089015
0.24503386461634394
0.25429312387560327
0.25818561011781016
0.5
0.5286010095648191
0.6385190700050977
0.5343187253863033
0.5089766405428311
0.3176520587196367
0.45238095238095244
0.30747500810358097
0.5110937579270617
0.27932925450672796
0.228498002846555
0.379074280664355
0.4095089353660528
0.3957687714431361
