1.0
0.9869811089019176
0.5183503419072274
0.6740324226959744
0.8757545647659807
0.7020323138107566
0.8757545647659807
0.8588882684629262
1.0
0.7175113866093458
1.0
0.7177765369258523
1.0
0.8420696154900639
0.7907075117586911
0.7994392431535096
1.0
0.8588882684629262
1.0
0.7020323138107566
0.7732738758087576
0.7804928620534406
0.5961296429451696
1.0
1.0
0.6931951535030075
1.0
0.8858531367664285
1.0
0.7346428332289068
0.7994392431535096
0.7994392431535096
0.7498595319653286
0.7994392431535096
1.0
0.8627078606687131
0.6837586401378032
0.927036843238378
1.0
1.0
1.0
0.5625221842924322
0.9155526469252473
0.6931951535030075
0.6931951535030075
0.6931951535030075
0.8588882684629262
0.8588882684629262
0.6931951535030075
0.6931951535030075
0.8400563252635457
0.9155526469252473
0.8029077962462022
0.9543570023259593
1.0
0.921182470463564
0.6943406672918134
0.9155526469252473
0.8686374507726068
0.8588882684629262
0.6686743926398304
1.0
0.617349932178946
1.0
0.8588882684629262
0.5625221842924322
0.8588882684629262
1.0
0.4037004158639729
0.8427589138334635
0.5845948420526759
0.5311923416429795
1.0
1.0
0.5026208519004266
0.603471979564764
0.8461767412249512
0.8910814367828522
1.0
0.8588882684629262
0.7804928620534406
0.4666666666666667
0.9377756345764979
0.7994392431535096
0.545232372507843
0.8516942562980283
0.7967009776139982
1.0
0.8588882684629262
0.8757545647659807
0.9155526469252473
0.7346428332289068
0.8588882684629262
0.71867487417297
0.9068928507914962
0.690457428010254
0.6526160098368177
1.0
0.7642452902202911
0.6883824069435905
0.5063063228017661
0.5183503419072274
0.548903380127841
0.8910814367828522
0.5554427750563045
0.6931951535030075
0.6716523566327385
0.8588882684629262
0.819726583970863
0.6846199477523287
0.6875860134970891
0.7831184848043389
0.6818114775980174
0.7368082724925507
0.663985144454776
0.8910814367828522
1.0
0.8959550249187564
0.7954650378985322
0.8588882684629262
0.5183503419072274
0.5183503419072274
0.18228581314441197
0.6116628514197013
0.5183503419072274
0.5311923416429795
0.5183503419072274
0.8819194335050238
0.5708847413276505
0.7346428332289068
0.5708847413276505
0.5708847413276505
1.0
0.9008576945406913
0.6898289851799955
0.8329468864039506
0.7498595319653286
0.6931951535030075
0.5977324559944913
0.6121071535186255
0.7177765369258523
0.6931951535030075
0.43726180356615524
0.6827420498749444
0.8627078606687131
0.8588882684629262
0.843971360346577
1.0
0.7505259535006158
0.843971360346577
0.6506447197455552
1.0
0.5311923416429795
0.30978218393478585
0.6361104800753266
0.875551269152996
1.0
1.0
0.5678708231275268
0.7535183190535684
0.7535183190535684
0.7498595319653286
0.4488142194247991
0.7102878850694544
0.71867487417297
0.5554427750563045
0.9155526469252473
0.8490099820540249
0.9155526469252473
0.43607435908981784
0.8278588489156231
0.5121387987160242
0.7649181075099437
0.7357929812581049
0.7726712894789477
1.0
0.8588882684629262
0.5117701804770152
0.7897685827380873
0.5922017239565496
0.4767020326172114
0.5708847413276505
0.6292728838195489
0.71867487417297
0.7397646605810174
0.4037004158639729
0.5311923416429795
0.5311923416429795
0.30978218393478585
0.5311923416429795
0.8812145605080468
0.8627078606687131
0.8348420328478197
0.71867487417297
0.610480304161169
1.0
0.22985208626519604
0.673093145334793
0.7749619203985566
0.29501940172144686
0.5311923416429795
1.0
0.6856867845224219
0.8356556471181451
1.0
0.8588882684629262
0.71867487417297
0.5394020273337877
0.8637541902400666
0.5311923416429795
0.7584631871858433
0.7353733889461422
0.5809224957262669
0.6931951535030075
1.0
0.41863074147500995
1.0
0.6313689227884194
0.6205310690073541
0.46650734736800087
0.843971360346577
0.7962516372880889
0.7863209235518713
0.6004625608506791
0.8588882684629262
0.8446858200033487
0.7518770442071954
0.8588882684629262
0.9155526469252473
0.9155526469252473
0.8757545647659807
0.8927241707523561
1.0
0.6367037899735152
0.7177765369258523
0.4483698433860509
0.7346428332289068
0.8872724238668452
0.6041930704549566
0.631775611507666
0.8682957172320643
0.7295019593543084
0.9377756345764978
0.884987477136703
0.6798648261260275
0.42333449875483653
0.6191865627547533
0.6686764320888643
0.7926207029198153
0.5488856676381422
0.3675420331733822
0.72962317787874
0.6789573885387227
0.11305918367404481
0.8588882684629262
0.6469916426752913
0.71867487417297
0.6055191321811566
0.71867487417297
0.7897685827380873
0.4574332999054692
0.7101031930124299
0.6406872001879068
0.5120284204756638
0.41380981101396525
0.5790327963947663
0.6121071535186255
0.40444532525871113
0.8757545647659807
0.7863209235518713
0.8350306551708573
0.91846462461748
0.41597235092160334
0.7427748646911885
0.7994392431535096
0.37160345675551526
0.8516603735862489
0.6894873616790089
0.39849485728462136
0.8857083273142891
0.7818041871006013
0.7495272338489503
0.6335047092112194
0.6716523566327385
0.6894873616790089
0.8600001814560891
0.8043640804256444
0.6870007549098829
0.5183503419072274
0.9155526469252473
0.7609492252075345
0.4483698433860509
0.3675420331733822
0.41621823049659884
0.5183503419072274
0.7586650718987353
0.4077799255319853
0.7620189270687756
0.6402835719558928
0.346029296465976
0.7346428332289068
0.9076013097798817
0.9324421175401978
0.5486777885769754
0.6772146679882219
0.9229656810261042
0.6697849584494424
0.36009969902564853
0.3410629060474504
0.6305743244976871
0.3809086762928436
0.814943325532882
0.43770376316932125
0.8386120064547057
0.2897646134861379
0.3347488506064972
0.6701916223154157
0.9123461106823466
0.5908073722262976
0.6931951535030075
0.3809086762928436
0.7442339998210353
0.6274687734431686
0.4320820703768161
0.4086715368938188
0.3226241836705379
0.3226241836705379
0.46720273513547095
0.5271893483934901
0.4162745366512536
0.4208520972717527
0.32307185235747504
0.5842359751498191
0.47951170793876885
0.6697849584494424
0.7069951390712835
0.7287023199373226
0.5552438327521392
1.0
0.6388045055606334
0.39023928602592356
0.6367037899735152
0.7177765369258523
0.675641751756568
0.7159671769965998
0.7724129838179441
0.8538744223063266
0.38914177262154104
0.37160345675551526
0.4676349076408841
0.42765350250655876
0.651826485700694
0.27012515328879483
0.728680966204458
0.4172872420859186
0.4845085564891929
0.26337673616375057
0.38291664492913247
0.36296769809388263
0.6054840967195801
0.8427589138334635
0.739527783467968
0.8640617233856572
0.623364090851866
0.6791731760127723
0.31143940335677645
0.31126579059813597
0.733362179680458
0.2238222007832161
0.6965545065933783
0.38984688866444983
0.3983900495809794
0.20626140998719006
0.18961018452521808
0.794925314411389
0.5277693738989372
0.71867487417297
0.43427880853425516
0.2414361659821663
0.5554427750563045
0.5446713766211699
0.7303011521662364
0.4376115070095721
0.3668926620340156
0.17865514352751108
0.43770376316932125
0.6050061140776964
0.6094059895197166
0.740229305381177
0.775693199795041
0.42333449875483653
0.26554642332958983
0.5001008853853721
0.748639224633841
0.39435013654344414
0.3582114234403021
0.3551177044338715
0.7341656810975603
0.7961954540489763
0.6448457302124824
0.731968497820291
0.5216467737466025
0.7047856665365928
0.43770376316932125
0.8620691043619894
0.7612492613982476
0.35928646191468444
0.6186042295157331
0.7574638546420359
0.8749267979593374
0.6342100611609881
0.477093790968702
0.684172467316764
0.6794409579673127
0.6267391352094872
0.647424758322081
0.8932127437016738
0.3559629709652906
0.7930045572245232
0.6055191321811566
0.7018701663805892
0.3920560132983375
0.34886182652827835
0.45212551245047206
0.20673990281747676
0.3403934087674051
0.44905084915965876
0.2847859999798279
0.3530087562619632
0.818794054429963
0.677832039818808
0.7670952018098722
0.7058681089438561
0.5271784069919113
0.5351123622936418
0.5784779956293511
0.9083017869827726
0.7643246965993663
0.6154361539591815
0.6044799100539917
0.6205196388135765
0.2118834501052997
0.3906051116057696
0.43111829541443913
0.7581733183451507
0.47802421544553697
0.5338999781860354
0.23721423409842923
0.33624219947130196
0.29260638916843923
0.3722860978684237
0.8719768961542571
0.04166410364732975
0.4187217975565813
0.3845501825067652
0.7418388533519736
0.6580597677417701
0.6288255060850547
0.7294750419450072
0.9036801273566365
0.704657405253926
0.5794925860288372
0.4088987604846184
0.3283336378034452
0.47797413357060553
0.4160000717958451
0.5835332399556294
0.45040681752228295
0.7744409153881734
0.3941906545389505
0.5656414180190972
0.38794398365014654
0.1292036385024229
0.5367412661213014
0.39849485728462136
0.6335403070394182
0.2800314931745955
0.4780648977786411
0.21782809042173512
0.3223401069108159
0.7564564666415562
0.6708843725217153
0.2763178217647243
0.5502809228040373
0.6024689975273654
0.45459796395302904
0.4575719138844735
0.8693917796208122
0.3102174584758596
0.3740797728120858
0.41003016595813296
0.15439828029574615
0.5494135323325888
0.29540267659374997
0.34638600861885815
0.35829668702854184
0.6302693830561228
0.8276229989926116
0.6359653239203231
0.8653316475756254
0.3796236609535123
0.4390125056598736
0.7053152199821175
0.5367114922299143
0.6317176153239122
0.42415360347948805
0.4429338769281676
0.7152630231141561
0.5524191535365149
0.3594420536394239
0.31476163815247427
0.4077421698586573
0.7359593854691726
0.4710273998428564
0.8988530111036617
0.4211380870455354
0.6418616316785228
0.027776069098219832
0.38820282305629167
0.36087592746525227
0.24436937668699302
0.5317946297111317
0.35934164278586045
0.28929495773483255
0.497224608763408
0.8672081694766942
0.36916268996549495
0.6475001654388082
0.6095815831194844
0.8097576155077112
0.5384225855030856
0.4282116150608123
0.4880569016457039
0.2796929698125703
0.4412619924664518
0.3543970773681178
0.3989438224409964
0.3543289825928718
0.4168387481525343
0.7297645674151759
0.40707886212739375
0.13994893195005725
0.34460471400580023
0.0730271813575883
0.3843433170904966
0.27773461002575905
0.62433286779492
0.03160164345746737
0.696631038652208
0.28354788190583485
0.3100531136933847
0.5281856353517846
0.6709766116881996
0.30315877260458923
0.7120005025236216
0.8757545647659807
0.29236123749982307
0.5894293747004784
0.3698614586586717
0.26603678440300643
0.3551177044338715
0.5844860526078328
0.5302922208401526
0.7610019613396286
0.25138383179143287
0.7219783775936938
0.3688981164194114
0.4829803446598815
0.8386659637306716
0.44361664519338606
0.936648879950499
0.21111079872201383
0.5762513825475515
0.7100844382954128
0.9155526469252473
0.461201759037418
0.6342175454996557
0.6836139519879109
0.8813752847574019
0.40286559176438225
0.5194703556754067
0.3508828700613946
0.49763741558095104
0.3367493757862472
0.8588882684629262
0.6679974656525471
0.6010157573525582
0.6505802441690238
0.11048276045747893
0.30757528455710575
0.3090869297763989
0.7601757774356026
0.6019731857578562
0.4136091783843622
0.14842338461634216
0.6054965843521296
0.5325317712063801
0.4988016093882641
0.550193478306226
0.5812245093611481
0.1168159389085088
0.43531253053633356
0.41605406382686155
0.18034016137887451
0.7376988976581745
0.4743259254093349
0.3374520103722633
0.5989399948146142
0.6505701889149731
0.1757207758688152
0.3103040440757419
0.7250956124434464
0.368590333712998
0.21215109610544983
0.23378530180636037
0.17015839093100293
0.39849485728462136
0.34650307798553615
0.33298220022704544
0.5330557826997283
0.3702329720245863
0.7614473543549094
0.2573524886139565
0.20514994882034734
0.40137262838924903
0.3865246538687519
0.08955774808261749
0.42392555394438214
0.329709132662139
0.7921080183685754
0.09070683636742813
0.5550527379108269
0.6084224363192444
0.2210901658896751
0.28261290294196006
0.15953474235226153
0.6049464971967398
0.2771305602631643
0.139271110335288
0.3490442953577246
0.16150320425210835
0.709505736327054
0.4717686961542116
0.29404324761430145
0.38505128616974543
0.2141387128831156
0.2751975699941581
0.875551269152996
0.3728902464714368
0.307844797326788
0.42333449875483653
0.4832193331798387
0.3242543935620403
0.6949459409387919
0.6025831477080882
0.646052852996185
0.2238222007832161
0.545647317873746
0.10563387116854203
0.31290558225458265
0.6645013886356508
0.09684047840796052
0.3493718453838349
0.6778515357879689
0.6515356981981998
0.20392902671410126
0.7043026158893528
0.2521872085500975
0.24336565454603404
0.5193915409648598
0.6653418961579606
0.6512741702838921
0.39170546492372976
0.5522021851595572
0.5380796446887822
0.9749286731788797
0.5566874191827381
0.5138561469507263
0.5523664257927084
0.5878599175819269
0.36523843785644095
0.2545088024086203
0.6402182576275434
0.2978990067704264
0.07042943884215311
0.3398516163450274
0.33538886439312204
0.424521943231174
0.41337486773165444
0.18755610999100863
0.3998904557448107
0.6785011943678351
0.5094418048484617
0.7184585301413825
0.64117558417223
0.1967631877376443
0.2629918891366061
0.4528685756259787
0.5477621066131096
0.4282206617497639
0.5569878133978696
0.5984612855691831
0.5614384032531587
0.6191865627547533
0.03503963788912401
0.626785117443142
0.6185635365003579
0.5662929360597849
0.45884841238625274
0.3759650791544987
0.5784453862734963
0.06486664313447756
0.3480593065839359
0.08804200135852545
0.41219720671156806
0.5033691953055316
0.3331992953960287
0.3752822607044964
0.3272421153869746
0.14530218739044135
0.3174706215296889
0.1566822737910636
0.5301882368574374
0.28206021131499787
0.2721146121889519
0.5157488053612951
0.3453928239299551
0.49460963045877515
0.33974403909770845
0.2992636286434363
0.3595357955398236
0.3028475752724111
0.33277842381496486
0.2260463619905917
0.204941888002202
0.1509578624682589
0.5474456252314901
0.5962906877135205
0.7894376110030461
0.5324627802645966
0.49147242901385146
0.2822969200751042
0.31223323582674867
0.355064033712528
0.407359754782283
0.2308624629566948
0.20534070657324474
0.3404731925035562
0.3880102132288106
0.42426776570583247
