1.0
1.0
0.5555555555555556
0.7142857142857143
0.8619495164066452
0.7142857142857143
0.8619495164066452
0.8432091871810291
1.0
0.7212601813455884
1.0
0.6864183743620581
1.0
0.8529411764705882
0.8141287936439238
0.7985380579183301
1.0
0.8432091871810291
1.0
0.7142857142857143
0.7777777777777778
0.7561031800593785
0.6271584978350743
1.0
1.0
0.73557763740464
1.0
0.9032258064516128
1.0
0.7051587035876742
0.7985380579183301
0.7985380579183301
0.7985380579183301
0.7985380579183301
1.0
0.8998314586086847
0.6944075659137887
0.9374999999999999
1.0
1.0
1.0
0.5574949014667433
0.9061696076947192
0.73557763740464
0.73557763740464
0.73557763740464
0.8432091871810291
0.8432091871810291
0.73557763740464
0.73557763740464
0.8620689655172414
0.9061696076947192
0.8383203558571283
0.9679603538469774
1.0
0.9124249671817378
0.6817618625164455
0.9061696076947192
0.8540416119695631
0.8432091871810291
0.7083323475566654
1.0
0.6522701526918476
1.0
0.8432091871810291
0.5574949014667433
0.8432091871810291
1.0
0.39024390243902446
0.877665962125074
0.6170061335237007
0.5698244441508357
1.0
1.0
0.5115065320215435
0.6055496883240377
0.868869427696581
0.9032258064516128
1.0
0.8432091871810291
0.7561031800593785
0.4444444444444445
0.9308618161961089
0.7985380579183301
0.588608664422994
0.875
0.8004480564122188
1.0
0.8432091871810291
0.8619495164066452
0.9061696076947192
0.7051587035876742
0.8432091871810291
0.7638884381490428
0.9166666666666666
0.7126388174799839
0.7021835717760054
1.0
0.7797169891336567
0.6971545335975974
0.5351593368353939
0.5555555555555556
0.5926875617785474
0.9032258064516128
0.578786824585669
0.73557763740464
0.7116411964376744
0.8432091871810291
0.831893410342693
0.6866147567618467
0.7293452596202863
0.8260230596887684
0.69995094676064
0.758925876494059
0.6558293678074671
0.9032258064516128
1.0
0.9206349206349206
0.814166161995431
0.8432091871810291
0.5555555555555556
0.5555555555555556
0.20253979238267997
0.6592361216805266
0.5555555555555556
0.5698244441508357
0.5555555555555556
0.9058364075981745
0.5574949014667433
0.7051587035876742
0.5574949014667433
0.5574949014667433
1.0
0.9098477315413996
0.6896551724137931
0.8541695890065804
0.7985380579183301
0.73557763740464
0.610267034842514
0.6417472450993591
0.6864183743620581
0.73557763740464
0.4781741524347572
0.7116411964376744
0.8998314586086847
0.8432091871810291
0.8790131249174225
1.0
0.7616082980989941
0.8790131249174225
0.6845667631292809
1.0
0.5698244441508357
0.311658735614934
0.6327153482318443
0.8617236323922177
1.0
1.0
0.5652173913043479
0.7774251918093518
0.7774251918093518
0.7985380579183301
0.4910101700554726
0.7234585712398229
0.7638884381490428
0.578786824585669
0.9061696076947192
0.875
0.9061696076947192
0.4768547696832712
0.8611103344385848
0.5306712953186911
0.784934274929793
0.7498329495026134
0.7782292214335657
1.0
0.8432091871810291
0.548244265077542
0.8248455037246277
0.6350565874645965
0.5219966291581529
0.5574949014667433
0.6393747082159968
0.7638884381490428
0.7586642320802344
0.39024390243902446
0.5698244441508357
0.5698244441508357
0.311658735614934
0.5698244441508357
0.9025812348332884
0.8998314586086847
0.868869427696581
0.7638884381490428
0.6352417197008317
1.0
0.2414439438719074
0.7132420727732905
0.8118561353907469
0.2952556442667796
0.5698244441508357
1.0
0.6961240150764536
0.8697734435524982
1.0
0.8432091871810291
0.7638884381490428
0.57639025788375
0.8486157669334073
0.5698244441508357
0.7582286596887466
0.7351496394645408
0.6070976253300718
0.73557763740464
1.0
0.4368514896944477
1.0
0.6668818254995421
0.6225189330214504
0.4590362086444628
0.8790131249174225
0.8324518273839868
0.824477250005541
0.6222565561875624
0.8432091871810291
0.8605965952329426
0.7637214008213637
0.8432091871810291
0.9061696076947192
0.9061696076947192
0.8619495164066452
0.9170450826722536
1.0
0.6604875743249753
0.6864183743620581
0.4905164189013079
0.7051587035876742
0.9145312972986854
0.6165581397096307
0.6434351487204494
0.853661908035627
0.7407407407407408
0.9308618161961087
0.8824805337856927
0.6896551724137931
0.46269936931106975
0.6204553219804334
0.6643927047525781
0.8260230596887684
0.5788071596830677
0.4007077408872316
0.7396076877668677
0.6784224057115628
0.12562131519338313
0.8432091871810291
0.6611445431297971
0.7638884381490428
0.625837954555688
0.7638884381490428
0.8248455037246277
0.4612981409160353
0.7522851103929206
0.6451612903225807
0.5022070906423107
0.4314949002932869
0.6159665297165052
0.6417472450993591
0.4417113987598193
0.8619495164066452
0.824477250005541
0.8529411764705882
0.9094051384638667
0.4545192050519217
0.73557763740464
0.7985380579183301
0.4052204337562683
0.8552972475497252
0.687183163351744
0.4350997676774973
0.9082494715938054
0.7902070150145164
0.7670578476614851
0.6451612903225806
0.7116411964376744
0.687183163351744
0.873308879681599
0.8260230596887684
0.7102489463295469
0.5555555555555556
0.9061696076947192
0.7985380579183301
0.4905164189013079
0.4007077408872316
0.43998959335371707
0.5555555555555556
0.7712636538119637
0.4247950275355314
0.7809375067946244
0.6115967040080322
0.3486808171182583
0.7051587035876742
0.9189189189189189
0.9249356861557754
0.5866966592650695
0.7212601813455884
0.9601931669007899
0.7212601813455886
0.3951700084624883
0.3740180162644903
0.6467579998460649
0.415559566575522
0.8562799188733305
0.4751970047261833
0.8393850210147128
0.318785420934647
0.3670023991078757
0.6643629245851969
0.9382716049382716
0.6132461397051093
0.73557763740464
0.415559566575522
0.766796829550164
0.6408760773719732
0.4724188933354915
0.44293897553118056
0.32592762421021404
0.32592762421021404
0.49171090609506596
0.558362698603976
0.4513867530394415
0.41840077636096473
0.351296428869557
0.5807189323663199
0.4983536265255603
0.7212601813455886
0.7517288593725653
0.7379717071881718
0.586083716226223
1.0
0.6559026454715606
0.4259269107233887
0.6604875743249753
0.6864183743620581
0.6976278317147526
0.7689508533576311
0.7833659860784625
0.8629393600093989
0.42743897912459106
0.4052204337562683
0.5084538319168087
0.46403004843422496
0.6758605007081768
0.29318759993878224
0.7320356674024826
0.4525119813001804
0.5306705445714657
0.273154276306782
0.42052217057747043
0.3983566740938595
0.6160679687874479
0.877665962125074
0.75
0.8790131249174225
0.629628178934542
0.6871071144893435
0.33209651841810783
0.3458508784423733
0.7330841187446965
0.2347440711141519
0.73557763740464
0.40157188578500497
0.4349833146734507
0.21523208134078964
0.21067798280579786
0.8184757746920045
0.560370581386461
0.7638884381490428
0.477591241249829
0.25898631097920344
0.578786824585669
0.5668186041021862
0.7587705808670157
0.41879375021035314
0.4027177451384517
0.19850571503056785
0.4751970047261833
0.6492836875992041
0.6541724380903376
0.7729992500041111
0.802001773952346
0.46269936931106975
0.28110431838790045
0.5479953544561093
0.782608695652174
0.43049452240952263
0.3903403967393648
0.38690293117666413
0.7507649122493669
0.8383203558571283
0.6670174998166726
0.756719565214806
0.5432496371747036
0.7236496911490228
0.4751970047261833
0.8824805337856925
0.7726403963464096
0.39153488393312297
0.6643927047525782
0.7814966682401647
0.8998314586086847
0.6342898827420885
0.5
0.6924768229011234
0.7212601813455886
0.6525165384201251
0.6645933484508799
0.8813474930018598
0.3905736439509795
0.819695463082799
0.625837954555688
0.7012746317433836
0.4306770243210316
0.383980268548015
0.4912211705941287
0.21576374004110818
0.37054260265836814
0.48780487804878053
0.2969423472135346
0.37828468831275974
0.86907675184414
0.7128283414629052
0.794338162425831
0.7426404294904472
0.575630814340611
0.5476082102362271
0.5729871288956817
0.9285714285714285
0.7777777777777778
0.6282623932879794
0.6189692007422994
0.643125005595573
0.2354260556725552
0.4290649113292895
0.4565452210402063
0.766796829550164
0.4927662027959274
0.5548503836187034
0.2496241081310554
0.36432634818935417
0.3035272745396306
0.3820598960116427
0.9015360182957912
0.04629344849703306
0.4541059318231389
0.4236339974130004
0.7605322184701063
0.6731876801279398
0.6210851561587012
0.745753249729358
0.9180327868852459
0.7200701576311639
0.6115490183636868
0.43567087768711416
0.35714285714285715
0.5036791265785489
0.4572815337627067
0.5878784279073016
0.49277972349712135
0.7493787948757482
0.4330488479217127
0.5901186500998833
0.4261081024897083
0.14355959833602544
0.5489265250235351
0.4350997676774973
0.658128542671049
0.3018700078596804
0.49437167509272023
0.23507975230871592
0.3386691326924101
0.79458926227267
0.6782364925264667
0.29307253887138324
0.5730514331942611
0.6196785304176693
0.5001680806040222
0.4856465638589744
0.8911202036372047
0.3434716994280307
0.4107034237807519
0.45064830505413767
0.17155364477305127
0.5726559503973075
0.2966338723731163
0.38122935975977035
0.3955230971206882
0.6461870007337561
0.8785720631347462
0.6498862058145694
0.8787878787878788
0.41862880700950744
0.4766511630490193
0.7142857142857144
0.5756831623524288
0.6736146828598947
0.46360948567179366
0.46474550808695114
0.7408565538643638
0.549598387621025
0.39443929136668315
0.3357878904133276
0.4453745594264261
0.7515964031593393
0.4416010300362501
0.9094051384638667
0.4567906979219768
0.6611390848554978
0.030862298998022036
0.41306221356562606
0.3814867110862283
0.2575742665627929
0.5508387162420164
0.3943277237516126
0.31649807369491495
0.48524088690333994
0.8998314586086847
0.40653678347825567
0.6654854687244862
0.6203264590713665
0.8359975097542592
0.5241732431515767
0.461389381154068
0.503913631907224
0.30665330122095985
0.4853503345078253
0.3888337621763431
0.4383301455906526
0.3900548863975633
0.42281605924760307
0.7638884381490428
0.4298347396101559
0.1554988132778414
0.3683984273233872
0.08114131261954256
0.4193758341284698
0.2993179154720843
0.6410280426766642
0.03511293717496374
0.735662673025562
0.31505320211759424
0.3305561965698947
0.5566070254029829
0.6597195704337022
0.32756698500411785
0.7485006981033324
0.8619495164066452
0.32120183629417576
0.5796426729929696
0.40601640805473627
0.28164916402503004
0.38690293117666413
0.6079604107340375
0.5318044114375463
0.7706870722136674
0.2531454561189741
0.7031387783162517
0.40489045576578114
0.5310857059589493
0.8555703948014687
0.4701407097577662
0.9489518283845209
0.23456755413557093
0.5735659373888526
0.7177838874452975
0.9061696076947192
0.46275426541852743
0.650573847893237
0.7218575309949916
0.9145312972986854
0.4426876670610813
0.5544226102933446
0.36275084962582227
0.4815657823213594
0.36698978939510635
0.8432091871810291
0.699149676913474
0.6111746688665851
0.6369175387243509
0.12275862273053215
0.30037764000354505
0.3397859388237045
0.781386502385108
0.6121810895705775
0.4012536385727904
0.16491487179593572
0.6060606060606061
0.5308590711580738
0.5067597839724579
0.5846223150399694
0.5790916338484045
0.1297954876761209
0.4760082935127331
0.44739622689478376
0.20037795708763834
0.7507333734903255
0.4772151709400799
0.3717714174747863
0.6419409859776172
0.6442746567815879
0.1902489662651187
0.3283458726569673
0.7274589514793345
0.40460404700398767
0.22644734444951847
0.2597614464515115
0.18906487881222547
0.4350997676774973
0.3710561568945075
0.35603295938507334
0.5651651970017487
0.4051922224276554
0.7829887899226986
0.2798542234877874
0.22185140149488833
0.4345418047563445
0.39788051378978506
0.0995086089806861
0.4002527497709951
0.3631682200190927
0.7969115316503017
0.1007853737415868
0.5683844513304779
0.611050195829016
0.24565573987741676
0.3047382409345299
0.17726082483584615
0.6126539262200247
0.26571991950863166
0.15474567815032
0.3738797317524946
0.17944800472456482
0.7284803296983314
0.5165151441992643
0.27586206896551724
0.4228939941781515
0.23793190320346178
0.29649898210363884
0.8617236323922177
0.40737103680838443
0.3327736791398942
0.46269936931106975
0.5095071261443634
0.3531064758126542
0.7330841187446965
0.6327798479587147
0.6564157917179786
0.2347440711141519
0.5679029832717152
0.1173709679650467
0.3337256060823369
0.6727366496240031
0.10760053156440058
0.38560660640434724
0.6851133185298028
0.6839490424051642
0.2265878074601125
0.7177838874452975
0.27093191383246035
0.2571550447398787
0.5142455950110462
0.6923076923076924
0.6899637505862323
0.42755599838761776
0.5738813224809373
0.5546597757745366
1.0
0.5715804956685564
0.5499116614316713
0.5815700261254781
0.6080764112894748
0.3937711340895709
0.2735114625641523
0.6728033036096054
0.31151235475864403
0.07825493204683678
0.3668510750191066
0.35106335812261147
0.4640187520625558
0.4543646403580504
0.20839567776778736
0.4266584448631591
0.7085534432042339
0.5435713426335648
0.7358775815211677
0.6508317930698474
0.2093496684852901
0.2745489264095985
0.4628492008847635
0.588235294117647
0.44000455632246716
0.5752061236272867
0.6108446701927119
0.5809791008599754
0.6204553219804334
0.038932930987915566
0.6604503466207596
0.6390894336127368
0.6018111293443037
0.495884306228637
0.40805796896891827
0.6063889177876836
0.07207404792719728
0.37745646720339193
0.09782444595391716
0.44872080067853876
0.54242294188156
0.363269980057931
0.3844365986923901
0.35400513448169796
0.16144687487826817
0.32175738559885414
0.17409141532340397
0.5642719467171596
0.3073072487111667
0.29307347343118745
0.5556225925000783
0.3197319457964125
0.5208573503663686
0.3749090438642067
0.3180194435874273
0.3808231388595644
0.33138598274775943
0.3684542143725748
0.24168840598054392
0.2236343375250286
0.16773095829806545
0.5942815485902312
0.6380314383720058
0.8146634538360161
0.5611659987730293
0.4820426181118529
0.30073449824399795
0.3372448097158626
0.385239497346272
0.4386746866686706
0.2396376837161858
0.2281563406369386
0.364356284136752
0.4261816909104461
0.4312180439513944
