1.0
1.0
0.5
0.6666666666666666
0.8389411024744193
0.6666666666666666
0.8389411024744193
0.853661908035627
1.0
0.6959733034775211
1.0
0.7073238160712542
1.0
0.8571428571428571
0.8083203184452962
0.811968854057108
1.0
0.853661908035627
1.0
0.6666666666666666
0.75
0.7804928620534406
0.5714285714285714
1.0
1.0
0.7532057949109973
1.0
0.8571428571428571
1.0
0.6926030105100464
0.811968854057108
0.811968854057108
0.8119688540571081
0.811968854057108
1.0
0.8571428571428571
0.6402464310267203
0.9090909090909091
1.0
1.0
1.0
0.5203285747022938
0.9124249671817378
0.7532057949109973
0.7532057949109973
0.7532057949109973
0.853661908035627
0.853661908035627
0.7532057949109973
0.7532057949109973
0.8571428571428571
0.9124249671817378
0.75
0.8888888888888888
1.0
0.9124249671817378
0.6944427357648865
0.9124249671817378
0.8686374507726067
0.853661908035627
0.6666666666666666
1.0
0.6098680636564099
1.0
0.853661908035627
0.5203285747022938
0.853661908035627
1.0
0.4
0.8571428571428571
0.5583203184452963
0.51605249966969
1.0
1.0
0.505607769141086
0.5203285747022938
0.8571428571428571
0.8571428571428571
1.0
0.853661908035627
0.7804928620534406
0.5
0.9343187253863033
0.811968854057108
0.5336345556993587
0.8571428571428571
0.7317102068876803
1.0
0.853661908035627
0.8389411024744193
0.9124249671817378
0.6926030105100464
0.853661908035627
0.7796292089391067
0.8888888888888888
0.6851840460654799
0.645604967066569
1.0
0.7331099998798872
0.6292058268558145
0.4786355207237747
0.5
0.61305318368962
0.8571428571428571
0.6068677029466244
0.6944427357648865
0.7308651166751629
0.853661908035627
0.7820785432986324
0.717953281085662
0.6666666666666666
0.83472190670433
0.6666666666666666
0.7474549803090427
0.6402464310267203
0.8571428571428571
1.0
0.8571428571428571
0.7419750281816266
0.853661908035627
0.5
0.5
0.18549631307835
0.6166406368905925
0.5
0.51605249966969
0.5
0.8305055336767141
0.5203285747022938
0.6926030105100464
0.5203285747022938
0.5203285747022938
1.0
0.9090909090909091
0.6666666666666666
0.8571428571428571
0.8119688540571081
0.7532057949109973
0.5651746489681054
0.6656307620927351
0.7073238160712542
0.7532057949109973
0.44629587560577333
0.7308651166751629
0.8571428571428571
0.853661908035627
0.8571428571428571
1.0
0.7317102068876803
0.8571428571428571
0.5714285714285714
1.0
0.51605249966969
0.2804928620534406
0.66944381340866
0.8686374507726067
1.0
1.0
0.6666666666666666
0.7115127409324783
0.7115127409324783
0.8119688540571081
0.41109375792706165
0.6773683331131267
0.7796292089391067
0.6068677029466244
0.9124249671817378
0.8571428571428571
0.9124249671817378
0.41109375792706165
0.8571428571428571
0.5203285747022938
0.7635347915936275
0.7381824673986455
0.709936230788832
1.0
0.853661908035627
0.5
0.75
0.5714285714285714
0.4893371871702347
0.5203285747022938
0.5698062191495821
0.7796292089391067
0.6666666666666666
0.4
0.51605249966969
0.51605249966969
0.2804928620534406
0.51605249966969
0.7836345556993587
0.8571428571428571
0.8571428571428571
0.7796292089391067
0.5714285714285714
1.0
0.1869952413689604
0.6666666666666666
0.8
0.2804928620534406
0.51605249966969
1.0
0.6666666666666666
0.8571428571428571
1.0
0.853661908035627
0.7796292089391067
0.5821483678409801
0.853661908035627
0.51605249966969
0.6402464310267203
0.6843187253863033
0.6332911169747337
0.7532057949109973
1.0
0.4647185358434756
1.0
0.6666666666666666
0.5714285714285714
0.430574128024124
0.8571428571428571
0.8
0.8
0.5203285747022938
0.853661908035627
0.8466562547562368
0.6666666666666666
0.853661908035627
0.9124249671817378
0.9124249671817378
0.8389411024744193
0.8571428571428571
1.0
0.6509099565315274
0.7073238160712542
0.430574128024124
0.6926030105100464
0.8571428571428571
0.5714285714285714
0.5790916338484045
0.853661908035627
0.6666666666666666
0.9343187253863033
0.8871813124342648
0.6666666666666666
0.4388698270252815
0.5790916338484045
0.645604967066569
0.83472190670433
0.5474549803090427
0.34403499977979335
0.6795045275536752
0.6209482217529035
0.07417639563799767
0.853661908035627
0.5821483678409801
0.7796292089391067
0.618570311413526
0.7796292089391067
0.75
0.5203285747022938
0.6666666666666666
0.5714285714285714
0.44599592117339465
0.4323788907254742
0.5240563001995016
0.6656307620927351
0.3718110688780132
0.8389411024744193
0.8
0.8571428571428571
0.9124249671817378
0.42360018707487185
0.7532057949109973
0.811968854057108
0.34403499977979335
0.8305055336767141
0.6566458930434556
0.4082334497882894
0.8888888888888888
0.7055468789635309
0.7308651166751629
0.5714285714285714
0.7308651166751629
0.6566458930434556
0.8305055336767141
0.83472190670433
0.6949099606180853
0.5
0.9124249671817378
0.8119688540571081
0.430574128024124
0.34403499977979335
0.3095223449413313
0.5
0.7185069497291523
0.41987246157766395
0.7444270912603951
0.6062775566325035
0.3317534968070853
0.6926030105100464
0.8888888888888888
0.9343187253863033
0.5714285714285714
0.6959733034775212
0.8571428571428571
0.6959733034775212
0.3186952018954399
0.34074152857871093
0.6332911169747337
0.3333333333333333
0.8
0.41284199973575203
0.7913301609126403
0.25
0.3095223449413313
0.5936597232943255
0.8888888888888888
0.5348037498121853
0.7532057949109973
0.3333333333333333
0.7317102068876803
0.5714285714285714
0.41109375792706165
0.4
0.2965453617231306
0.2965453617231306
0.3975317833418294
0.4752922079355577
0.4
0.4041157514425247
0.3333333333333333
0.5194522578825348
0.44856674947201647
0.6959733034775212
0.6843187253863033
0.6738011109643067
0.5272497001680366
1.0
0.5915980629962146
0.34583976248114356
0.6509099565315274
0.7073238160712542
0.6949099606180853
0.6666666666666666
0.7190923735495023
0.7895458169242023
0.34074152857871093
0.34403499977979335
0.4
0.4
0.5405179176828077
0.2492230715695513
0.6949099606180853
0.4
0.4559398321928733
0.2243942896427525
0.3499143855328195
0.3499143855328195
0.5448895065960374
0.8571428571428571
0.6666666666666666
0.8571428571428571
0.5897933002948644
0.6568520584421328
0.24575830051507117
0.3345939179762545
0.6959733034775211
0.1869952413689604
0.7532057949109973
0.3289541159711848
0.3333333333333333
0.1869952413689604
0.21293831190333656
0.7820785432986324
0.5428209574069146
0.7796292089391067
0.42654247386119337
0.21530887832353413
0.6068677029466244
0.5845270247107898
0.75
0.37093160732916985
0.3523660782231957
0.1578086165382516
0.41284199973575203
0.6380803639374814
0.5714285714285714
0.75
0.7272727272727273
0.41109375792706165
0.25119369137745645
0.42360018707487185
0.8
0.41109375792706165
0.34403499977979335
0.3333333333333333
0.7185069497291523
0.75
0.6292058268558145
0.7185069497291523
0.5583203184452963
0.6515693891581259
0.41284199973575203
0.8
0.7121971448213762
0.3333333333333333
0.645604967066569
0.7820785432986324
0.8571428571428571
0.5649043461832479
0.4444444444444444
0.6292058268558145
0.6959733034775212
0.5583203184452963
0.5714285714285714
0.8902464310267203
0.34074152857871093
0.8
0.618570311413526
0.6682536076620914
0.369063538306392
0.341954874144655
0.4
0.1869952413689604
0.3333333333333333
0.4
0.2372362893785045
0.27353436961329103
0.7142857142857143
0.6402464310267203
0.8149043461832479
0.6666666666666666
0.5197528059594044
0.5302031240687366
0.5126477136823046
0.8888888888888888
0.75
0.58472190670433
0.5583203184452963
0.5583203184452963
0.1911965245578597
0.34074152857871093
0.3598906813522834
0.7317102068876803
0.5203285747022938
0.5845270247107898
0.21477131046718023
0.2653729201958574
0.23445803109710658
0.2925317350609085
0.8888888888888888
0.04166410364732975
0.41284199973575203
0.3732246646285442
0.7190923735495023
0.6402464310267203
0.608976640542831
0.7317102068876803
0.8571428571428571
0.6791730958144768
0.5391047893808631
0.448698509991074
0.3333333333333333
0.41987246157766395
0.4073933210876209
0.45278206387631786
0.41987246157766395
0.7660868752173648
0.3825393219478057
0.5790916338484045
0.3825393219478057
0.1292036385024229
0.4379013722947552
0.4082334497882894
0.6512740421201821
0.25710667169262885
0.42735466436218655
0.21317702704481328
0.2243942896427525
0.7474549803090427
0.6402464310267203
0.27353436961329103
0.5790916338484045
0.5691079386904181
0.3523660782231957
0.4992230715695513
0.8571428571428571
0.27176833514828197
0.34074152857871093
0.4102590177632354
0.1560038538369014
0.49768634573549336
0.19950167051677062
0.29814883750637206
0.3317552574475948
0.5743626248685297
0.7058823529411765
0.6367671848066455
0.8571428571428571
0.341954874144655
0.4
0.6666666666666666
0.5093798218608576
0.6666666666666666
0.41109375792706165
0.3333333333333333
0.6843187253863033
0.5
0.2948871426683943
0.3289541159711848
0.41109375792706165
0.6843187253863033
0.44599592117339465
0.9124249671817378
0.4
0.6322855756033916
0.027776069098219835
0.2857142857142857
0.31770679915522637
0.24254298208123204
0.49636425758434666
0.3598906813522834
0.2948871426683943
0.48655280806748746
0.8571428571428571
0.3798086923664959
0.6
0.5588533995776132
0.75
0.5197528059594044
0.33910478938086325
0.3339449782738813
0.258026249834845
0.42654247386119337
0.3523660782231957
0.3523660782231957
0.28363455569935875
0.3588533995776132
0.7796292089391067
0.2964340821266945
0.13555505072692794
0.2700551233932162
0.09331250951247393
0.34403499977979335
0.1840896946861545
0.608976640542831
0.034812143391405384
0.6666666666666666
0.3096017402285003
0.3106594500878604
0.41284038255517325
0.6566458930434556
0.21982282882416956
0.560605128599029
0.8389411024744193
0.28363455569935875
0.5705406532223444
0.2964340821266945
0.2647556659626887
0.34583976248114356
0.5388802122968642
0.45703919885481153
0.7190923735495023
0.16028163545910892
0.6402464310267203
0.37093063021166867
0.415958472076144
0.6843187253863033
0.3902464310267203
0.8888888888888888
0.19365007246703994
0.5055371145384553
0.6440280597052775
0.9124249671817378
0.5336345556993587
0.5592940683162796
0.6
0.8571428571428571
0.3917121789019143
0.4992230715695513
0.3241537779421243
0.45088828569279676
0.341954874144655
0.853661908035627
0.5934976206844802
0.5474549803090427
0.5936597232943255
0.09682503623351997
0.2708320518236649
0.258026249834845
0.7219193046047997
0.5630160500932567
0.3739904827379208
0.11261588786583622
0.5714285714285714
0.46970707017910307
0.442892102212968
0.4727548208578032
0.49636425758434666
0.12546897142025018
0.3333333333333333
0.34403499977979335
0.14839705046267998
0.6228791502575356
0.41729695898812724
0.3083203184452962
0.5021371966073315
0.6098680636564099
0.1330011136778471
0.2538266393895602
0.7190923735495023
0.3523660782231957
0.18017428882562628
0.22020230384539752
0.13371758900305836
0.4082334497882894
0.3235187251087994
0.33229742875940177
0.5751184591548885
0.3333333333333333
0.75
0.24671558697838858
0.18839526853309235
0.3333333333333333
0.30995675052356725
0.07670487915630632
0.3468857164681958
0.2593798218608577
0.7820785432986324
0.09195487414465493
0.49636425758434666
0.608976640542831
0.22963601678569825
0.23765322438042763
0.14530218739044137
0.595236630655617
0.2642489549144686
0.10384695389319673
0.35129479420701926
0.1407386113706598
0.6965640495105411
0.4976328861713923
0.2857142857142857
0.3598906813522834
0.1911965245578597
0.2653729201958574
0.8686374507726067
0.33674077239678724
0.2490894640978995
0.41109375792706165
0.378179407599145
0.2857142857142857
0.6959733034775212
0.5448895065960374
0.6067293229693032
0.1869952413689604
0.41284199973575203
0.12664379243033771
0.284236036059751
0.6154177557521319
0.08653912824433062
0.31686147195703845
0.6140372322360135
0.6666666666666666
0.19072296686616821
0.6440280597052775
0.2244817352776427
0.19997185576093357
0.3993784572556411
0.6666666666666666
0.6682536076620914
0.34403499977979335
0.4444444444444444
0.5070840539967555
1.0
0.505607769141086
0.41987246157766395
0.48831170859511697
0.5348037498121853
0.28363455569935875
0.22136976828246976
0.5804718818228161
0.2372362893785045
0.05769275216288708
0.22118892880382054
0.25826232105200814
0.41987246157766395
0.434067076990281
0.16729695898812724
0.2788583016585099
0.6186374507726067
0.37617413745024125
0.6795045275536752
0.593730207655227
0.16028163545910892
0.22598282903363315
0.38597405031414034
0.5
0.4324901696289895
0.5194522578825348
0.5699160405086245
0.4562124835908689
0.5790916338484045
0.03847773554467987
0.6213195219157999
0.5749653694684944
0.556395945317503
0.44629587560577333
0.3825393219478057
0.529160159222648
0.038439492227838545
0.30747500810358097
0.08334925259210627
0.4102590177632354
0.5070840539967554
0.2762735995309583
0.2804928620534406
0.27419852523134003
0.14530218739044137
0.24254298208123207
0.12546897142025018
0.45157888874208446
0.26347109565526444
0.25710667169262885
0.5190406320906333
0.2773017643789709
0.36308587463560443
0.30981235722898376
0.2634710956552645
0.3825393219478057
0.3122975075604557
0.2610739203947862
0.17459690521594431
0.1330011136778471
0.14680153589693168
0.5
0.5286010095648191
0.6385190700050977
0.49263904383159957
0.423880986726079
0.2179532810856621
0.2964340821266945
0.31664786505768955
0.41109375792706165
0.1694544924132175
0.228498002846555
0.3235187251087994
0.3523660782231957
0.3957687714431361
