0.25
0.75
0.25
0.85
0.25
0.25
0.25
0.75
1.5
1.0
0.5
0.5
3.25
3.25
0.25
0.25
0.25
0.25
0.25
0.25
0.25
0.25
1.0
1.0
1.0
0.25
1.0
3.75
1.0
0.5
0.25
0.25
0.25
0.25
3.0
1.75
0.5
1.75
1.0
1.0
1.0
0.5
0.25
0.25
0.25
0.25
0.25
0.25
0.25
0.25
2.25
0.5
1.75
2.25
1.0
0.25
0.25
0.25
0.25
0.25
1.0
0.25
3.875
0.75
0.25
0.5
0.5
1.0
0.5
1.75
3.0
1.25
0.75
2.0
0.5
0.5
1.0
1.0
0.75
1.25
0.75
1.25
0.5
0.5
0.5
2.25
1.25
0.5
0.5
0.5
0.25
0.5
0.75
1.0
1.0
1.25
1.25
1.0
1.25
0.5
0.75
0.75
0.5
1.25
0.5
0.5
0.25
0.5
1.0
0.25
0.5
2.25
3.25
1.25
1.1
1.0
3.25
1.25
1.75
0.5
0.25
0.25
1.5
0.25
1.25
1.25
1.25
0.75
0.5
0.5
0.5
0.5
1.5
1.5
0.75
2.5
0.5
0.5
0.5
0.5
0.5
1.25
1.25
1.5
1.75
0.75
1.5
0.25
1.0
1.5
2.0
2.75
1.25
1.5
0.25
1.25
1.0
1.0
1.0
0.5
0.5
0.25
0.5
0.5
0.5
1.25
0.75
1.75
0.75
0.5
1.75
1.0
1.75
0.5
3.875
1.25
0.5
0.25
1.75
1.0
1.5
0.5
0.5
0.25
0.25
1.5
0.25
0.25
1.5
0.25
3.0
1.75
1.75
1.25
2.75
1.25
0.75
0.5
1.75
0.5
1.25
1.5
2.0
1.75
1.5
1.25
1.25
1.5
3.75
0.25
2.0
1.5
0.5
0.5
1.5
0.5
2.25
1.75
0.5
0.75
2.0
2.75
1.5
2.0
1.5
3.0
3.0
0.75
0.5
0.75
1.0
3.5
0.25
0.5
1.0
1.25
2.25
2.5
3.25
2.75
0.75
0.85
1.5
1.25
1.5
2.75
0.75
3.25
2.5
3.0
2.75
2.75
2.35
3.5
0.5
2.0
1.75
0.5
1.25
2.0
1.25
3.0
1.75
2.0
1.75
0.5
1.25
0.75
2.0
1.75
2.0
1.75
1.5
0.5
1.25
2.5
2.5
1.75
0.5
4.75
3.5
1.5
3.5
1.25
1.5
2.0
1.75
1.25
0.75
1.25
1.25
1.5
1.0
2.6
2.0
2.25
1.5
2.25
2.75
2.0
1.25
1.5
1.75
2.0
1.0
2.0
1.25
2.25
3.75
0.75
1.0
1.75
2.5
5.5
2.75
2.5
3.25
2.5
2.75
3.5
0.75
2.5
2.5
1.0
1.5
0.5
0.5
0.5
1.75
2.25
1.0
1.5
0.75
1.0
1.75
1.85
3.0
2.5
1.5
0.5
1.5
0.5
1.5
1.25
2.75
1.75
3.5
1.75
0.5
2.0
1.25
5.25
2.25
1.5
2.25
0.5
2.75
1.6
2.6
3.75
3.0
5.0
3.0
1.5
0.75
0.75
0.5
2.5
1.0
4.0
2.0
1.5
0.75
0.5
2.0
1.85
1.75
1.75
3.25
1.0
1.5
4.5
2.25
1.5
2.5
1.25
2.25
2.75
3.25
3.0
0.75
1.5
1.1
1.75
1.0
0.5
1.25
3.25
3.0
3.0
3.0
4.25
5.25
2.5
4.0
2.5
0.5
1.5
2.0
1.75
1.5
3.0
3.25
2.0
4.25
3.25
3.0
1.5
2.75
1.25
2.5
2.5
1.75
2.5
1.0
1.75
1.0
2.25
3.5
6.25
3.0
3.0
3.5
4.5
3.1
2.5
4.25
5.0
2.75
2.1
2.0
2.25
2.25
2.25
2.25
1.25
0.5
1.25
1.75
2.1
0.75
3.5
0.5
1.75
2.25
3.5
3.1
4.0
5.5
1.75
2.25
3.75
2.25
0.75
1.25
3.75
3.25
1.75
1.0
2.25
0.75
3.125
3.25
3.0
3.25
5.0
1.75
2.75
3.25
2.5
3.25
3.25
2.5
1.75
4.25
2.75
4.25
4.5
3.5
2.0
2.0
0.75
4.25
2.0
5.25
4.5
3.75
7.5
4.75
3.0
3.0
2.0
3.7
4.85
3.5
1.0
2.0
2.25
2.75
3.25
2.0
2.75
2.75
4.0
2.75
1.5
7.5
2.0
1.5
1.75
1.75
2.25
2.5
3.0
1.5
3.25
2.5
3.75
3.5
4.0
3.5
5.0
2.0
1.75
3.25
2.0
1.75
3.25
2.0
4.25
2.5
2.25
3.35
2.0
1.5
4.5
3.75
0.5
4.0
1.75
3.25
3.0
2.5
1.75
6.1
2.25
1.25
2.25
1.5
3.25
0.75
6.0
4.5
3.5
3.25
3.5
3.5
3.75
3.0
4.0
2.5
1.75
2.75
2.6
1.5
3.75
4.0
5.75
3.0
2.25
2.0
2.5
2.25
2.75
1.75
4.25
3.75
3.0
2.25
5.25
4.25
5.5
2.75
3.0
3.875
2.25
5.35
7.1
4.5
3.5
3.0
2.5
3.25
2.5
6.75
5.75
5.25
2.25
4.25
4.5
4.5
2.5
4.75
4.0
0.75
4.25
1.75
1.0
1.0
4.0
4.5
3.5
4.5
3.35
3.5
1.75
0.75
4.0
3.0
4.25
4.75
4.25
3.0
2.5
1.75
1.75
3.5
2.25
2.75
1.75
1.75
4.75
4.0
2.75
1.5
3.5
2.5
4.0
1.5
3.5
1.5
3.25
5.1
2.0
4.0
2.5
3.5
2.0
1.75
1.0
2.5
2.75
4.0
6.85
3.75
2.5
2.125
2.0
3.35
3.5
1.75
2.5
3.625
4.75
3.5
3.0
4.0
4.0
5.75
3.75
4.25
2.25
5.6
3.25
5.0
5.25
3.5
3.0
3.75
4.25
3.6
5.25
2.25
5.75
6.25
3.0
1.85
4.225
1.75
3.25
3.5
7.0
8.0
1.75
3.25
7.6
7.6
4.75
3.125
4.0
5.75
4.5
3.0
2.25
2.35
3.0
2.5
1.5
5.85
2.6
1.25
1.0
4.75
4.75
2.5
2.75
2.75
2.75
3.75
2.75
2.25
3.6
6.6
4.35
4.75
5.1
7.25
5.75
3.35
3.25
4.75
1.5
3.75
3.25
1.25
5.25
1.5
3.5
3.0
2.975
