0.03571428571428571
0.08333333333333333
0.0625
0.08499999999999999
0.03571428571428571
0.041666666666666664
0.041666666666666664
0.10714285714285714
0.21428571428571427
0.125
0.1
0.07142857142857142
0.40625
0.4642857142857143
0.041666666666666664
0.03571428571428571
0.041666666666666664
0.03571428571428571
0.041666666666666664
0.03571428571428571
0.025
0.041666666666666664
0.14285714285714285
0.14285714285714285
0.125
0.03571428571428571
0.1111111111111111
0.5357142857142857
0.16666666666666666
0.07142857142857142
0.03571428571428571
0.03571428571428571
0.03571428571428571
0.03571428571428571
0.5
0.19444444444444445
0.0625
0.175
0.16666666666666666
0.16666666666666666
0.16666666666666666
0.07142857142857142
0.041666666666666664
0.03571428571428571
0.03571428571428571
0.03571428571428571
0.03571428571428571
0.03571428571428571
0.03571428571428571
0.03571428571428571
0.32142857142857145
0.08333333333333333
0.19444444444444445
0.225
0.125
0.041666666666666664
0.041666666666666664
0.03571428571428571
0.05
0.041666666666666664
0.16666666666666666
0.05
0.5535714285714286
0.125
0.03571428571428571
0.07142857142857142
0.08333333333333333
0.16666666666666666
0.125
0.21875
0.375
0.25
0.125
0.2857142857142857
0.07142857142857142
0.07142857142857142
0.14285714285714285
0.14285714285714285
0.125
0.17857142857142858
0.15
0.3125
0.05555555555555555
0.08333333333333333
0.05555555555555555
0.20454545454545456
0.17857142857142858
0.08333333333333333
0.08333333333333333
0.08333333333333333
0.03571428571428571
0.07142857142857142
0.10714285714285714
0.14285714285714285
0.14285714285714285
0.125
0.17857142857142858
0.16666666666666666
0.125
0.05555555555555555
0.09375
0.15
0.0625
0.15625
0.07142857142857142
0.08333333333333333
0.03571428571428571
0.1
0.14285714285714285
0.05
0.08333333333333333
0.225
0.3611111111111111
0.1388888888888889
0.12222222222222223
0.14285714285714285
0.4642857142857143
0.17857142857142858
0.19444444444444445
0.08333333333333333
0.05
0.05
0.3
0.05
0.25
0.25
0.25
0.08333333333333333
0.07142857142857142
0.07142857142857142
0.08333333333333333
0.07142857142857142
0.375
0.16666666666666666
0.09375
0.3125
0.08333333333333333
0.08333333333333333
0.07142857142857142
0.07142857142857142
0.07142857142857142
0.20833333333333334
0.17857142857142858
0.21428571428571427
0.21875
0.10714285714285714
0.1875
0.03571428571428571
0.14285714285714285
0.1875
0.2222222222222222
0.6875
0.25
0.3
0.05
0.125
0.16666666666666666
0.2
0.2
0.07142857142857142
0.07142857142857142
0.03571428571428571
0.07142857142857142
0.07142857142857142
0.08333333333333333
0.20833333333333334
0.10714285714285714
0.2916666666666667
0.10714285714285714
0.07142857142857142
0.25
0.14285714285714285
0.19444444444444445
0.05555555555555555
0.3229166666666667
0.20833333333333334
0.0625
0.05
0.21875
0.14285714285714285
0.21428571428571427
0.07142857142857142
0.07142857142857142
0.041666666666666664
0.03571428571428571
0.375
0.05
0.05
0.3
0.05
0.3
0.21875
0.21875
0.17857142857142858
0.39285714285714285
0.20833333333333334
0.10714285714285714
0.1
0.2916666666666667
0.1
0.25
0.25
0.3333333333333333
0.21875
0.25
0.20833333333333334
0.20833333333333334
0.1875
0.625
0.05
0.25
0.1875
0.07142857142857142
0.08333333333333333
0.25
0.07142857142857142
0.225
0.25
0.0625
0.10714285714285714
0.25
0.3055555555555556
0.3
0.3333333333333333
0.25
0.375
0.3333333333333333
0.10714285714285714
0.08333333333333333
0.10714285714285714
0.16666666666666666
0.5
0.041666666666666664
0.07142857142857142
0.14285714285714285
0.17857142857142858
0.375
0.35714285714285715
0.3611111111111111
0.39285714285714285
0.10714285714285714
0.08499999999999999
0.15
0.125
0.21428571428571427
0.39285714285714285
0.125
0.4642857142857143
0.3125
0.3333333333333333
0.55
0.275
0.2611111111111111
0.4375
0.0625
0.25
0.25
0.07142857142857142
0.20833333333333334
0.2
0.25
0.42857142857142855
0.25
0.25
0.21875
0.08333333333333333
0.20833333333333334
0.125
0.3333333333333333
0.2916666666666667
0.2857142857142857
0.25
0.21428571428571427
0.08333333333333333
0.17857142857142858
0.35714285714285715
0.2777777777777778
0.21875
0.07142857142857142
0.5277777777777778
0.3181818181818182
0.21428571428571427
0.5
0.20833333333333334
0.1875
0.2222222222222222
0.19444444444444445
0.25
0.15
0.20833333333333334
0.17857142857142858
0.21428571428571427
0.14285714285714285
0.325
0.4
0.25
0.25
0.32142857142857145
0.39285714285714285
0.2857142857142857
0.20833333333333334
0.16666666666666666
0.21875
0.25
0.14285714285714285
0.2857142857142857
0.17857142857142858
0.32142857142857145
0.5357142857142857
0.125
0.14285714285714285
0.2916666666666667
0.4166666666666667
0.6111111111111112
0.3055555555555556
0.3125
0.4642857142857143
0.3125
0.34375
0.5833333333333334
0.125
0.3125
0.35714285714285715
0.125
0.25
0.1
0.1
0.07142857142857142
0.25
0.32142857142857145
0.16666666666666666
0.21428571428571427
0.09375
0.125
0.25
0.23125
0.3333333333333333
0.25
0.25
0.07142857142857142
0.21428571428571427
0.07142857142857142
0.25
0.25
0.3055555555555556
0.19444444444444445
0.2692307692307692
0.25
0.08333333333333333
0.4
0.25
0.3088235294117647
0.25
0.3
0.375
0.07142857142857142
0.4583333333333333
0.2285714285714286
0.325
0.375
0.375
0.5
0.375
0.21428571428571427
0.125
0.10714285714285714
0.1
0.3125
0.16666666666666666
0.6666666666666666
0.2857142857142857
0.25
0.10714285714285714
0.1
0.2857142857142857
0.2642857142857143
0.2916666666666667
0.25
0.4642857142857143
0.14285714285714285
0.21428571428571427
0.5
0.375
0.21428571428571427
0.35714285714285715
0.25
0.32142857142857145
0.39285714285714285
0.4642857142857143
0.2727272727272727
0.125
0.21428571428571427
0.15714285714285717
0.2916666666666667
0.14285714285714285
0.07142857142857142
0.15625
0.3611111111111111
0.3333333333333333
0.3333333333333333
0.3333333333333333
0.4722222222222222
0.375
0.5
0.8
0.22727272727272727
0.07142857142857142
0.21428571428571427
0.25
0.2916666666666667
0.16666666666666666
0.375
0.3611111111111111
0.2857142857142857
0.6071428571428571
0.3611111111111111
0.3333333333333333
0.21428571428571427
0.4583333333333333
0.20833333333333334
0.5
0.3125
0.175
0.4166666666666667
0.16666666666666666
0.25
0.2
0.45
0.5833333333333334
0.44642857142857145
0.3333333333333333
0.3
0.3888888888888889
0.5
0.3875
0.35714285714285715
0.53125
0.625
0.34375
0.2625
0.3333333333333333
0.28125
0.28125
0.28125
0.32142857142857145
0.15625
0.08333333333333333
0.17857142857142858
0.25
0.3
0.10714285714285714
0.35
0.08333333333333333
0.35
0.28125
0.5
0.3875
0.5
0.6875
0.21875
0.375
0.375
0.28125
0.125
0.15625
0.625
0.3611111111111111
0.25
0.16666666666666666
0.375
0.125
0.390625
0.40625
0.3
0.65
0.4166666666666667
0.25
0.34375
0.40625
0.5
0.29545454545454547
0.4642857142857143
0.35714285714285715
0.25
0.425
0.4583333333333333
0.4722222222222222
0.75
0.2916666666666667
0.2857142857142857
0.25
0.10714285714285714
0.425
0.3333333333333333
0.75
0.5625
0.3409090909090909
0.39473684210526316
0.3958333333333333
0.375
0.42857142857142855
0.3333333333333333
0.37
0.60625
0.5
0.14285714285714285
0.3333333333333333
0.25
0.25
0.4642857142857143
0.2857142857142857
0.39285714285714285
0.34375
0.5714285714285714
0.39285714285714285
0.25
0.3409090909090909
0.2857142857142857
0.21428571428571427
0.2916666666666667
0.2916666666666667
0.28125
0.3125
0.42857142857142855
0.16666666666666666
0.40625
0.3125
0.3409090909090909
0.3181818181818182
0.4
0.3888888888888889
0.5555555555555556
0.2222222222222222
0.19444444444444445
0.4642857142857143
0.3333333333333333
0.25
0.40625
0.2
0.7083333333333334
0.2777777777777778
0.375
0.4785714285714286
0.4
0.25
0.6428571428571429
0.3409090909090909
0.1
0.4
0.25
0.5416666666666666
0.375
0.3125
0.25
0.6777777777777777
0.375
0.1388888888888889
0.32142857142857145
0.21428571428571427
0.4642857142857143
0.125
0.5
0.5
0.4375
0.4642857142857143
0.5
0.3888888888888889
0.375
0.375
0.5714285714285714
0.2777777777777778
0.21875
0.39285714285714285
0.325
0.3
0.46875
0.4444444444444444
0.6388888888888888
0.42857142857142855
0.28125
0.25
0.35714285714285715
0.25
0.3055555555555556
0.2916666666666667
0.38636363636363635
0.375
0.42857142857142855
0.32142857142857145
0.5833333333333334
0.4722222222222222
0.4230769230769231
0.39285714285714285
0.375
0.5535714285714286
0.28125
0.5349999999999999
0.6454545454545454
0.375
0.4375
0.42857142857142855
0.4166666666666667
0.65
0.5
0.6136363636363636
0.575
0.65625
0.25
0.53125
0.5625
0.5625
0.3125
0.6785714285714286
0.5714285714285714
0.10714285714285714
0.6071428571428571
0.25
0.16666666666666666
0.16666666666666666
0.4444444444444444
0.6428571428571429
0.5
0.5625
0.41875
0.5
0.25
0.10714285714285714
0.5
0.375
0.6071428571428571
0.59375
0.6071428571428571
0.375
0.35714285714285715
0.25
0.2916666666666667
0.5
0.32142857142857145
0.4583333333333333
0.2916666666666667
0.25
0.4318181818181818
0.5714285714285714
0.39285714285714285
0.21428571428571427
0.5
0.2777777777777778
0.4444444444444444
0.16666666666666666
0.4375
0.21428571428571427
0.5416666666666666
0.6375
0.3333333333333333
0.4
0.4166666666666667
0.5
0.3333333333333333
0.2916666666666667
0.16666666666666666
0.2777777777777778
0.39285714285714285
0.4444444444444444
0.5269230769230769
0.625
0.4166666666666667
0.265625
0.2857142857142857
0.41875
0.35
0.2916666666666667
0.35714285714285715
0.5178571428571429
0.5277777777777778
0.3888888888888889
0.375
0.5
0.6666666666666666
0.5227272727272727
0.5357142857142857
0.53125
0.28125
0.509090909090909
0.5416666666666666
0.625
0.525
0.4375
0.42857142857142855
0.5357142857142857
0.53125
0.36
0.65625
0.32142857142857145
0.575
0.4166666666666667
0.375
0.20555555555555557
0.4225
0.35
0.4642857142857143
0.3888888888888889
0.6363636363636364
0.6153846153846154
0.25
0.65
0.4222222222222222
0.5846153846153845
0.6785714285714286
0.44642857142857145
0.5714285714285714
0.4423076923076923
0.75
0.42857142857142855
0.28125
0.33571428571428574
0.375
0.25
0.3
0.5318181818181817
0.43333333333333335
0.17857142857142858
0.16666666666666666
0.59375
0.6785714285714286
0.35714285714285715
0.34375
0.39285714285714285
0.34375
0.46875
0.34375
0.28125
0.4
0.825
0.43499999999999994
0.475
0.51
0.6041666666666666
0.5227272727272727
0.37222222222222223
0.40625
0.6785714285714286
0.1875
0.5357142857142857
0.40625
0.20833333333333334
0.875
0.1875
0.5833333333333334
0.5
0.49583333333333335
