0.7692307692307693
0.8
0.8421052631578947
0.9024390243902439
0.8571428571428571
0.8888888888888888
0.8571428571428571
0.8846153846153846
0.8
0.7058823529411765
0.8421052631578947
0.8076923076923077
0.9
0.78125
0.896551724137931
0.9
0.8214285714285714
0.8076923076923077
0.8214285714285714
0.8461538461538461
0.8780487804878049
0.6666666666666666
0.9310344827586207
1.0
0.8235294117647058
0.75
0.9487179487179487
0.92
0.9583333333333334
0.8
0.7777777777777778
0.7777777777777778
0.7692307692307693
0.7777777777777778
0.8125
0.96875
0.7368421052631579
0.78
0.7857142857142857
0.9565217391304348
0.7857142857142857
0.7037037037037037
0.7407407407407407
0.76
0.76
0.7307692307692307
0.76
0.7307692307692307
0.76
0.76
1.0
0.7666666666666667
0.7560975609756098
0.7884615384615384
0.8
0.7307692307692307
0.782608695652174
0.7307692307692307
0.8
0.7272727272727273
0.6896551724137931
0.8125
0.7647058823529411
0.7666666666666667
0.6923076923076923
0.7692307692307693
0.6785714285714286
0.9523809523809523
1.0
0.7142857142857143
0.7878787878787878
0.7647058823529411
0.7586206896551724
0.9166666666666666
0.7307692307692307
0.7083333333333334
1.0
0.696969696969697
0.8888888888888888
0.6896551724137931
0.7894736842105263
0.8888888888888888
0.7941176470588235
0.7916666666666666
0.725
0.95
0.7222222222222222
0.7391304347826086
0.7142857142857143
0.75
0.7777777777777778
0.75
0.75
0.75
0.717948717948718
0.9166666666666666
0.7857142857142857
0.7692307692307693
0.7692307692307693
0.7209302325581395
0.7
0.7894736842105263
0.7105263157894737
0.7878787878787878
0.6538461538461539
0.6551724137931034
0.7407407407407407
0.7037037037037037
0.6428571428571429
0.75
0.6666666666666666
0.6808510638297872
0.75
0.7105263157894737
0.7741935483870968
0.8333333333333334
0.8484848484848485
0.9545454545454546
0.717391304347826
0.72
0.7647058823529411
0.7647058823529411
0.7647058823529411
0.7647058823529411
0.7647058823529411
0.7647058823529411
0.7647058823529411
0.6666666666666666
0.75
0.75
0.75
0.75
0.9375
0.7045454545454546
0.7741935483870968
1.0
0.7391304347826086
0.68
0.6956521739130435
0.5714285714285714
0.6071428571428571
0.6785714285714286
0.7037037037037037
0.7333333333333333
0.6571428571428571
0.7
0.9615384615384616
0.6857142857142857
0.9230769230769231
0.6578947368421053
0.7586206896551724
0.7619047619047619
0.7647058823529411
0.6
0.6111111111111112
0.725
0.7391304347826086
0.72
0.6923076923076923
0.625
0.625
0.75
0.7916666666666666
0.7407407407407407
0.6785714285714286
0.7037037037037037
0.7037037037037037
0.8846153846153846
0.7586206896551724
0.6785714285714286
0.6486486486486487
0.6666666666666666
0.875
0.7317073170731707
0.7288135593220338
0.75
0.7777777777777778
0.7222222222222222
0.75
0.75
0.68
0.6451612903225806
0.68
0.6538461538461539
0.7307692307692307
0.7272727272727273
0.7222222222222222
0.7647058823529411
0.7619047619047619
0.7647058823529411
0.6470588235294118
0.9655172413793104
0.6363636363636364
0.75
0.6774193548387096
0.84
0.6
0.6785714285714286
0.6206896551724138
0.6
0.7647058823529411
0.6666666666666666
0.7241379310344828
0.9705882352941176
0.8636363636363636
0.7692307692307693
0.6296296296296297
0.8064516129032258
0.6153846153846154
0.7894736842105263
0.8064516129032258
0.6486486486486487
0.6538461538461539
0.6785714285714286
0.6785714285714286
0.5833333333333334
0.6842105263157895
0.6333333333333333
0.6857142857142857
0.6296296296296297
0.65
0.6458333333333334
0.7777777777777778
0.8
0.7619047619047619
0.7666666666666667
0.7
0.6857142857142857
0.6785714285714286
0.6551724137931034
0.7037037037037037
0.59375
0.6296296296296297
0.6296296296296297
0.5555555555555556
0.7241379310344828
0.6666666666666666
0.6666666666666666
0.5862068965517241
0.6060606060606061
0.5853658536585366
0.6410256410256411
0.7674418604651163
0.7111111111111111
0.7692307692307693
0.6538461538461539
0.68
0.6875
0.6470588235294118
0.6486486486486487
0.6956521739130435
0.6545454545454545
0.625
0.6428571428571429
0.7241379310344828
0.7307692307692307
0.5151515151515151
0.6206896551724138
0.7391304347826086
0.7380952380952381
0.8
0.9615384615384616
0.75
0.6363636363636364
0.6071428571428571
0.6296296296296297
0.5769230769230769
0.5769230769230769
0.8
0.5517241379310345
0.7741935483870968
0.6923076923076923
0.6071428571428571
0.5806451612903226
0.7692307692307693
0.5172413793103449
0.6470588235294118
0.6363636363636364
0.5769230769230769
0.6041666666666666
0.5737704918032787
0.6
0.6060606060606061
0.59375
0.5526315789473685
0.6363636363636364
0.7435897435897436
0.4583333333333333
0.7894736842105263
0.68
0.6071428571428571
0.68
0.48148148148148145
0.4838709677419355
0.7
0.967741935483871
0.7391304347826086
0.782608695652174
0.5263157894736842
0.48
0.5357142857142857
0.8
0.5945945945945946
0.6896551724137931
0.5897435897435898
0.5142857142857142
0.6785714285714286
0.5
0.6296296296296297
0.5172413793103449
0.5333333333333333
0.5333333333333333
0.7894736842105263
0.75
0.5277777777777778
0.6216216216216216
0.6296296296296297
0.675
0.6388888888888888
0.56
0.5833333333333334
0.75
0.48484848484848486
0.4864864864864865
0.5652173913043478
0.6470588235294118
0.5
0.6071428571428571
0.6956521739130435
0.625
0.4444444444444444
0.5714285714285714
0.59375
0.5588235294117647
0.5555555555555556
0.6923076923076923
0.8235294117647058
0.6944444444444444
0.7777777777777778
0.5185185185185185
0.5555555555555556
0.5714285714285714
0.5357142857142857
0.6470588235294118
0.9615384615384616
0.8125
0.6
0.5483870967741935
0.5909090909090909
0.5384615384615384
0.7894736842105263
0.5526315789473685
0.5238095238095238
0.5416666666666666
0.5416666666666666
0.625
0.5185185185185185
0.6190476190476191
0.40625
0.5686274509803921
0.8214285714285714
0.6486486486486487
0.5714285714285714
0.4642857142857143
0.6
0.48
0.47058823529411764
0.5294117647058824
0.5
0.5
0.46153846153846156
0.625
0.4482758620689655
0.5294117647058824
0.46875
0.45454545454545453
0.48484848484848486
0.4838709677419355
0.41379310344827586
0.5172413793103449
0.5185185185185185
0.6842105263157895
0.7037037037037037
0.4838709677419355
0.5357142857142857
0.5217391304347826
0.8333333333333334
0.47368421052631576
0.5714285714285714
0.8157894736842105
0.5769230769230769
0.5185185185185185
0.6818181818181818
0.95
0.5172413793103449
0.5483870967741935
0.42857142857142855
0.6785714285714286
0.7666666666666667
0.5789473684210527
0.5714285714285714
0.78125
0.5131578947368421
0.36363636363636365
0.5185185185185185
0.5777777777777777
0.5555555555555556
0.6296296296296297
0.75
0.72
0.6153846153846154
0.6341463414634146
0.5348837209302325
0.7727272727272727
0.43902439024390244
0.5925925925925926
0.6451612903225806
0.4411764705882353
0.46153846153846156
0.5769230769230769
0.5652173913043478
0.6896551724137931
0.6
0.7894736842105263
0.4074074074074074
0.5517241379310345
0.48
0.4583333333333333
0.5
0.48863636363636365
0.7575757575757576
0.4772727272727273
0.8214285714285714
0.5666666666666667
0.5135135135135135
0.575
0.6097560975609756
0.5365853658536586
0.45714285714285713
0.6666666666666666
0.75
0.6206896551724138
0.5333333333333333
0.38461538461538464
0.625
0.36363636363636365
0.48148148148148145
0.4482758620689655
0.5384615384615384
0.46153846153846156
0.5
0.5531914893617021
0.6190476190476191
0.5652173913043478
0.6571428571428571
0.8
0.4
0.5588235294117647
0.6923076923076923
0.5357142857142857
0.5161290322580645
0.6216216216216216
0.3939393939393939
0.6538461538461539
0.5
0.6
0.6111111111111112
0.4642857142857143
0.4444444444444444
0.52
0.5
0.45714285714285713
0.4482758620689655
0.5777777777777777
0.45454545454545453
0.8461538461538461
0.4482758620689655
0.40540540540540543
0.45161290322580644
0.6875
0.4393939393939394
0.43243243243243246
0.5925925925925926
0.41379310344827586
0.4489795918367347
0.7391304347826086
0.5714285714285714
0.4444444444444444
0.40350877192982454
0.6086956521739131
0.3870967741935484
0.37037037037037035
0.5306122448979592
0.28
0.3333333333333333
0.4523809523809524
0.46
0.49523809523809526
0.5714285714285714
0.375
0.52
0.7368421052631579
0.6410256410256411
0.5882352941176471
0.42857142857142855
0.4838709677419355
0.43478260869565216
0.46511627906976744
0.5454545454545454
0.42857142857142855
0.4074074074074074
0.5172413793103449
0.7037037037037037
0.4838709677419355
0.6764705882352942
0.46153846153846156
0.5486725663716814
0.43478260869565216
0.56
0.36666666666666664
0.44
0.34146341463414637
0.375
0.6
0.5526315789473685
0.4146341463414634
0.425
0.6857142857142857
0.6
0.41304347826086957
0.4444444444444444
0.3333333333333333
0.35135135135135137
0.5294117647058824
0.53125
0.5172413793103449
0.3939393939393939
0.27586206896551724
0.4418604651162791
0.47619047619047616
0.358974358974359
0.6842105263157895
0.45
0.4583333333333333
0.5652173913043478
0.2916666666666667
0.40816326530612246
0.47058823529411764
0.4897959183673469
0.3793103448275862
0.39285714285714285
0.425
0.56
0.4074074074074074
0.6923076923076923
0.4666666666666667
0.41025641025641024
0.3
0.45454545454545453
0.46153846153846156
0.5416666666666666
0.4
0.36538461538461536
0.5208333333333334
0.30303030303030304
0.32142857142857145
0.3269230769230769
0.47058823529411764
0.6764705882352942
0.5714285714285714
0.5714285714285714
0.4482758620689655
0.41935483870967744
0.35714285714285715
0.375
0.38461538461538464
0.6097560975609756
0.88
0.5
0.4358974358974359
0.5172413793103449
0.35
0.34146341463414637
0.5142857142857142
0.6
0.7777777777777778
0.4423076923076923
0.46875
0.3793103448275862
0.42
0.3333333333333333
0.34328358208955223
0.46153846153846156
0.3142857142857143
0.2413793103448276
0.40540540540540543
0.35714285714285715
0.6285714285714286
0.6052631578947368
0.5161290322580645
0.25806451612903225
0.4074074074074074
0.34782608695652173
0.34782608695652173
0.5789473684210527
0.43478260869565216
0.34210526315789475
0.30952380952380953
0.325
0.2926829268292683
0.36666666666666664
0.48148148148148145
0.3793103448275862
0.4482758620689655
0.30303030303030304
0.3103448275862069
0.43333333333333335
0.37037037037037035
0.34615384615384615
0.6046511627906976
0.20689655172413793
0.8928571428571429
0.18421052631578946
0.3888888888888889
0.25
0.6
0.3333333333333333
0.35135135135135137
0.2857142857142857
0.6538461538461539
0.6666666666666666
0.36363636363636365
0.43333333333333335
0.22857142857142856
0.36666666666666664
0.2857142857142857
0.5806451612903226
0.23684210526315788
0.2413793103448276
0.28125
0.34782608695652173
0.5476190476190477
0.2222222222222222
0.3076923076923077
0.625
0.2962962962962963
0.4827586206896552
0.3333333333333333
0.4166666666666667
0.45454545454545453
0.48
0.34615384615384615
0.7777777777777778
0.52
0.3333333333333333
0.3225806451612903
0.2413793103448276
0.55
0.25
0.34782608695652173
0.3076923076923077
0.34375
0.4
0.484375
0.42424242424242425
0.3333333333333333
0.4473684210526316
0.2564102564102564
0.41935483870967744
0.4
0.5833333333333334
0.4642857142857143
0.3333333333333333
0.6
0.3953488372093023
0.7878787878787878
0.17142857142857143
0.2727272727272727
0.3793103448275862
0.3870967741935484
0.5416666666666666
0.36363636363636365
0.30158730158730157
0.5294117647058824
0.26
0.38636363636363635
0.26666666666666666
0.26666666666666666
0.2857142857142857
0.2222222222222222
0.24489795918367346
0.21951219512195122
0.48148148148148145
0.6129032258064516
0.4444444444444444
0.3548387096774194
0.3793103448275862
0.35
0.5
0.35714285714285715
0.5277777777777778
0.45652173913043476
0.2777777777777778
0.43333333333333335
0.34615384615384615
0.6428571428571429
0.375
0.2222222222222222
0.3
0.25
0.42857142857142855
0.29545454545454547
0.2702702702702703
0.39285714285714285
0.3142857142857143
0.3333333333333333
0.2608695652173913
0.2916666666666667
0.24489795918367346
0.6666666666666666
0.35714285714285715
0.32
0.6842105263157895
0.11904761904761904
0.44
0.27906976744186046
0.32432432432432434
0.42857142857142855
0.35714285714285715
0.2653061224489796
0.5185185185185185
0.35714285714285715
0.23076923076923078
0.20754716981132076
0.2222222222222222
0.07547169811320754
0.313953488372093
0.2916666666666667
0.2916666666666667
0.5517241379310345
0.2
0.3333333333333333
0.20588235294117646
0.3333333333333333
0.14814814814814814
0.0
0.25
0.19230769230769232
0.24
0.375
