0.7966933846473694
1.0
0.6623059511184692
0.8648681640625
0.7791881561279297
0.7337484359741211
0.7791881561279297
0.9419525265693665
1.0
0.8155441284179688
1.0
0.6614963412284851
1.0
0.8653308153152466
0.8548129796981812
0.9295697212219238
1.0
0.8745787739753723
1.0
0.7633048892021179
0.8213117122650146
0.8824715614318848
0.7798903584480286
0.9175810217857361
1.0
0.767970085144043
1.0
0.9119018912315369
1.0
0.6703896522521973
0.9295697212219238
0.9295697212219238
0.7666807174682617
0.9295697212219238
1.0
0.9072262048721313
0.7446800470352173
0.9192472100257874
1.0
1.0
1.0
0.8464016914367676
0.92911297082901
0.767970085144043
0.767970085144043
0.767970085144043
0.769583523273468
0.769583523273468
0.767970085144043
0.767970085144043
0.8886326551437378
0.9078165888786316
0.8426307439804077
0.9665098190307617
1.0
0.92911297082901
0.7313752770423889
0.92911297082901
0.582754373550415
0.7316203117370605
0.7313156723976135
0.8176994323730469
0.6818674802780151
1.0
0.6800637245178223
0.7052574157714844
0.7137759327888489
1.0
0.6960715055465698
0.9341552257537842
0.6019402742385864
0.6891230344772339
1.0
1.0
0.5036745071411133
0.6736723780632019
0.9005851745605469
0.9466114044189453
0.9191959500312805
0.7854794859886169
0.9129288196563721
0.7480370402336121
0.953155517578125
0.8812298774719238
0.6569072604179382
0.9509251117706299
0.8745346069335938
1.0
0.8854436874389648
0.7791881561279297
0.9219257831573486
0.6923511624336243
0.8386152386665344
0.7509030699729919
0.8945934772491455
0.7431151270866394
0.7500167489051819
1.0
0.8428840637207031
0.6080074310302734
0.684556782245636
0.6973063945770264
0.6514195799827576
0.9146563410758972
0.7099225521087646
0.7163209319114685
0.7026441097259521
0.769583523273468
0.7237932085990906
0.8943545818328857
0.7173149585723877
0.8544957041740417
0.8800144195556641
0.720575749874115
0.753347635269165
0.8891860842704773
1.0
0.8888317346572876
0.811168909072876
0.769583523273468
0.677308201789856
0.7380746603012085
0.3768517076969147
0.7117893695831299
0.7404206991195679
0.750943660736084
0.7404206991195679
0.9032363891601562
0.48302099108695984
0.5027139782905579
0.4760482609272003
0.48302099108695984
1.0
0.9207454919815063
0.750501811504364
0.8290390968322754
0.853489339351654
0.767970085144043
0.7612454295158386
0.7052135467529297
0.6563053727149963
0.7110545635223389
0.6676668524742126
0.8002886176109314
0.8732406497001648
0.9116480946540833
0.9467893242835999
0.8361325263977051
0.8335585594177246
0.9467893242835999
0.7514072060585022
1.0
0.7154824733734131
0.5686207413673401
0.6827564239501953
0.8862310647964478
1.0
1.0
0.7489728927612305
0.7612358927726746
0.7612358927726746
0.7486101984977722
0.4993778467178345
0.6513331532478333
0.7318603992462158
0.6624489426612854
0.9155510067939758
1.0
0.92911297082901
0.5115718245506287
0.8956375122070312
0.6401104927062988
0.7287142276763916
0.6302893757820129
0.8678346276283264
1.0
0.8700215220451355
0.5911868810653687
0.8259658217430115
0.6706113815307617
0.7053988575935364
0.42846760153770447
0.7565004229545593
0.7286951541900635
0.7093246579170227
0.6378382444381714
0.7111341953277588
0.7111341953277588
0.6349278688430786
0.6588431000709534
0.8552461862564087
0.8533029556274414
0.8786836266517639
0.7753140926361084
0.6591082811355591
0.9129555821418762
0.44238194823265076
0.7175328731536865
0.851143479347229
0.5138075947761536
0.6208386421203613
0.9486984610557556
0.7572328448295593
0.9014500379562378
1.0
0.8009031414985657
0.7509029507637024
0.7036530375480652
0.9419525265693665
0.6961775422096252
0.7463806867599487
0.7712706923484802
0.6622825264930725
0.7296441197395325
1.0
0.5892723798751831
0.8267194628715515
0.8178135752677917
0.7626709938049316
0.671161949634552
0.9467893242835999
0.8635401725769043
0.8797340393066406
0.9320545196533203
0.9419525265693665
0.9156020879745483
0.7898008823394775
0.7609991431236267
0.8425416946411133
0.9219257831573486
0.7366129755973816
0.9137834906578064
0.8887438178062439
0.4891373813152313
0.7115361094474792
0.755010724067688
0.6388704180717468
0.9036937355995178
0.7761150002479553
0.5424373745918274
0.7320584058761597
0.746571958065033
0.7870376110076904
0.8668113946914673
0.8632996082305908
0.5275002121925354
0.6530566215515137
0.6954002380371094
0.7813296914100647
0.5859888792037964
0.5430607199668884
0.7889097332954407
0.6103569865226746
0.19726917147636414
0.7886382937431335
0.6536321043968201
0.7251198887825012
0.49099043011665344
0.7351866960525513
0.9072262644767761
0.766686201095581
0.7645267248153687
0.7140160799026489
0.4062703251838684
0.530562698841095
0.4785013496875763
0.6654734015464783
0.4701847434043884
0.7791881561279297
0.8803300857543945
0.8933812379837036
0.9219257831573486
0.6965150237083435
0.742752730846405
0.9295697212219238
0.527910053730011
0.7399042844772339
0.6177790760993958
0.49435698986053467
0.9267377853393555
0.6308616995811462
0.7755961418151855
0.7778202891349792
0.7170222401618958
0.7455055713653564
0.846966564655304
0.8297334909439087
0.5679761171340942
0.6049993634223938
0.7435563206672668
0.8087819218635559
0.6708195805549622
0.5217570662498474
0.501031756401062
0.7530949711799622
0.7822095155715942
0.7021762728691101
0.7806023359298706
0.6356160044670105
0.5544074177742004
0.4929640293121338
0.8154369592666626
0.7899104952812195
0.7607086896896362
0.6232632994651794
0.861949622631073
0.6793104410171509
0.5584932565689087
0.42283114790916443
0.6553646326065063
0.4981329143047333
0.8577607870101929
0.6278741359710693
0.7519780993461609
0.4958396553993225
0.5023879408836365
0.7604435682296753
0.9161708950996399
0.6848635077476501
0.767970085144043
0.49813294410705566
0.8453423380851746
0.6207970380783081
0.6639315485954285
0.48336929082870483
0.6091063618659973
0.6091063618659973
0.5802152752876282
0.584782600402832
0.6250110864639282
0.5483717322349548
0.5170494914054871
0.6467927694320679
0.5926711559295654
0.6724902391433716
0.8673722147941589
0.7231948971748352
0.6299858689308167
0.9486984610557556
0.73164963722229
0.4734882116317749
0.47558167576789856
0.6593872904777527
0.54774409532547
0.8262811303138733
0.8516985774040222
0.6722323298454285
0.5635489225387573
0.6109489798545837
0.5638004541397095
0.528374195098877
0.7355086803436279
0.5980002880096436
0.5547747611999512
0.5910657048225403
0.5841019749641418
0.5493162274360657
0.5416494607925415
0.6416653394699097
0.5906113982200623
0.8249419927597046
0.7881864905357361
0.9467893242835999
0.6502509713172913
0.7558803558349609
0.4239952862262726
0.3138817250728607
0.7692970037460327
0.41171514987945557
0.7110545635223389
0.6672461628913879
0.6662071347236633
0.4261961877346039
0.29780781269073486
0.7939462065696716
0.6189640164375305
0.7286951541900635
0.49997982382774353
0.42535310983657837
0.6463295817375183
0.7713747620582581
0.7946656942367554
0.5514153242111206
0.6037231087684631
0.24880842864513397
0.6064976453781128
0.733238160610199
0.743379533290863
0.7633584141731262
0.8102680444717407
0.6230449676513672
0.4366585314273834
0.7631161212921143
0.8103668093681335
0.566358208656311
0.4205656051635742
0.5644341707229614
0.831694483757019
0.8267568349838257
0.7253053188323975
0.775739848613739
0.6092793941497803
0.7050201892852783
0.6919028162956238
0.7931017279624939
0.7604026794433594
0.5455030202865601
0.6828812956809998
0.8548716902732849
0.7705965638160706
0.7553617358207703
0.6589239835739136
0.7353262901306152
0.7092116475105286
0.6529335975646973
0.6835895776748657
0.7249643206596375
0.5238257050514221
0.8828116655349731
0.496083527803421
0.818086564540863
0.6179493069648743
0.6220852136611938
0.4804081320762634
0.40434685349464417
0.4964456260204315
0.6559931039810181
0.5138109922409058
0.5915058255195618
0.8561513423919678
0.7175137996673584
0.8006069660186768
0.8068535327911377
0.6602088212966919
0.6852027177810669
0.7036677598953247
0.9192532300949097
0.8477755188941956
0.7770992517471313
0.7036484479904175
0.7038406729698181
0.40117570757865906
0.5259249806404114
0.4781649708747864
0.7701999545097351
0.4843646287918091
0.7065344452857971
0.43749579787254333
0.527847945690155
0.46918442845344543
0.6496331095695496
0.8544333577156067
0.15782606601715088
0.675256073474884
0.4948856234550476
0.7405400276184082
0.6631621718406677
0.6122418642044067
0.7602148056030273
0.8393646478652954
0.7236176133155823
0.6528282761573792
0.6544378399848938
0.4948035776615143
0.5834798812866211
0.5282151103019714
0.5585305690765381
0.51799076795578
0.6774001121520996
0.5757409930229187
0.6651509404182434
0.5081481337547302
0.5075654983520508
0.6277501583099365
0.4956570565700531
0.7370753288269043
0.3595789074897766
0.6540961861610413
0.4383087754249573
0.6302251219749451
0.7836087346076965
0.7865124940872192
0.3698616921901703
0.6390275359153748
0.6489452719688416
0.6852841377258301
0.5751935243606567
0.9132179617881775
0.40859586000442505
0.5526079535484314
0.5933071970939636
0.5269761681556702
0.6388688683509827
0.514858067035675
0.3994705379009247
0.5109966993331909
0.6257289052009583
0.8830268383026123
0.6257026195526123
0.8678786754608154
0.5805790424346924
0.5467813611030579
0.7873459458351135
0.64531409740448
0.7960860133171082
0.5157214999198914
0.6616030931472778
0.7530283331871033
0.645596444606781
0.6274264454841614
0.6528324484825134
0.45199277997016907
0.6811200976371765
0.5588963627815247
0.7118567228317261
0.479792982339859
0.7740941047668457
0.36615458130836487
0.7090415954589844
0.6396673321723938
0.5425708293914795
0.7786926031112671
0.4599175453186035
0.688650906085968
0.6222580671310425
0.8253677487373352
0.5540218353271484
0.7483420372009277
0.6048767566680908
0.8826240301132202
0.5661531090736389
0.5994576215744019
0.4700619876384735
0.4203198254108429
0.49008870124816895
0.4941861927509308
0.44957235455513
0.5066943764686584
0.5470799803733826
0.5641732215881348
0.5075178742408752
0.2811809480190277
0.5641171932220459
0.3888343870639801
0.4915359318256378
0.5175992250442505
0.7069175243377686
0.3046872019767761
0.8131325840950012
0.4702424108982086
0.46795544028282166
0.5564574599266052
0.6769046783447266
0.35223981738090515
0.757668673992157
0.9286162257194519
0.4371212124824524
0.5040236711502075
0.5647233724594116
0.49069514870643616
0.46942564845085144
0.7289597392082214
0.4431023597717285
0.6321858763694763
0.5861705541610718
0.7808939218521118
0.44739145040512085
0.4798719584941864
0.7686536312103271
0.627739429473877
0.9266141057014465
0.4974145293235779
0.586302638053894
0.6206314563751221
0.7435563206672668
0.7147268056869507
0.7000455260276794
0.7262094020843506
0.9076696038246155
0.5876761674880981
0.5975986123085022
0.5602599382400513
0.6011331081390381
0.5190561413764954
0.7436960339546204
0.7169405817985535
0.6140469312667847
0.5857699513435364
0.22956961393356323
0.47549310326576233
0.6104898452758789
0.7535699009895325
0.5519275069236755
0.5511727333068848
0.4047517776489258
0.6630659699440002
0.66879802942276
0.5721819400787354
0.6781201362609863
0.5762458443641663
0.5550166964530945
0.5245029330253601
0.5285665392875671
0.29273122549057007
0.7613778710365295
0.6500890254974365
0.5109829306602478
0.6324392557144165
0.6707499027252197
0.4200199544429779
0.36944618821144104
0.8100310564041138
0.5699705481529236
0.41858360171318054
0.36391544342041016
0.37839892506599426
0.6206771731376648
0.4664773643016815
0.46444448828697205
0.7469087839126587
0.5440869927406311
0.8538747429847717
0.4857468008995056
0.33397263288497925
0.5908953547477722
0.42326098680496216
0.30047407746315
0.43838632106781006
0.3910444974899292
0.8849657773971558
0.4191482365131378
0.6777195930480957
0.6571704149246216
0.22967903316020966
0.5163268446922302
0.22235167026519775
0.6804184317588806
0.4346373975276947
0.42769163846969604
0.41344863176345825
0.37120047211647034
0.8093635439872742
0.6404563784599304
0.5154187679290771
0.4893099367618561
0.4063601791858673
0.5151544213294983
0.6642688512802124
0.3967181146144867
0.42921561002731323
0.44470643997192383
0.6528592705726624
0.5521776676177979
0.6377173066139221
0.6399604082107544
0.6841241717338562
0.4587315320968628
0.600389838218689
0.44921359419822693
0.4855259656906128
0.7060089111328125
0.3949658274650574
0.5620145201683044
0.8141409158706665
0.7957560420036316
0.3499622344970703
0.7670574188232422
0.3228451907634735
0.49962952733039856
0.5507450103759766
0.8085851669311523
0.7055160403251648
0.5525352954864502
0.7465141415596008
0.515121579170227
1.0
0.6874264478683472
0.6664687991142273
0.6545231938362122
0.6642739772796631
0.48192915320396423
0.4213845729827881
0.6860347986221313
0.3647720217704773
0.5194406509399414
0.4555244743824005
0.4812885522842407
0.6055511832237244
0.5393648743629456
0.43381956219673157
0.5400987267494202
0.7100345492362976
0.5497811436653137
0.7767509818077087
0.7054909467697144
0.4319940209388733
0.37025490403175354
0.743906557559967
0.7416476607322693
0.38762739300727844
0.6875624060630798
0.6230162382125854
0.6300976872444153
0.6564624309539795
0.2298981249332428
0.7036165595054626
0.5728687644004822
0.6596885919570923
0.5555728673934937
0.5838238000869751
0.707108199596405
0.5484116077423096
0.3847275674343109
0.37206748127937317
0.6755922436714172
0.46583232283592224
0.24814282357692719
0.5715419054031372
0.5388427376747131
0.5115329027175903
0.5572198033332825
0.2905173897743225
0.611595630645752
0.4369969367980957
0.4171461760997772
0.5620688796043396
0.37554192543029785
0.4930196702480316
0.4248356521129608
0.5565618276596069
0.7188714742660522
0.48239877820014954
0.3774788975715637
0.5008317232131958
0.40456250309944153
0.37163180112838745
0.6623296141624451
0.7099682688713074
0.7908601760864258
0.610308825969696
0.4048086404800415
0.4418528378009796
0.5925837755203247
0.5116552710533142
0.646295964717865
0.490612655878067
0.43261709809303284
0.46888673305511475
0.46321725845336914
0.6109359264373779
