0.531627357006073
0.8138043284416199
0.21270973980426788
0.6043362617492676
0.13009768724441528
0.7333364486694336
0.7298569679260254
0.39338240027427673
0.3349507451057434
0.7100201845169067
0.657345175743103
0.6386198997497559
0.8399379253387451
0.33961525559425354
0.8502799868583679
0.3799029290676117
0.7153353691101074
0.5936090350151062
0.7153353691101074
0.700681209564209
0.8193846940994263
0.6160593628883362
0.7778563499450684
0.6670902967453003
0.6932510733604431
0.46578577160835266
0.48499664664268494
0.419735848903656
1.0
0.37858566641807556
0.6471720337867737
0.9287128448486328
0.5065395832061768
0.6471720337867737
0.8060293197631836
0.3532843589782715
0.5296748876571655
0.46546536684036255
0.45381465554237366
0.4534629285335541
1.0
0.44501766562461853
0.645789384841919
0.4386683404445648
0.4386683404445648
0.46578577160835266
0.7178792953491211
0.5519766807556152
0.4386683404445648
0.4386683404445648
0.4474894404411316
0.6056370735168457
0.6360217332839966
0.8566535711288452
0.7615920901298523
0.4084697663784027
0.4485722482204437
0.9331644177436829
0.15754365921020508
0.48470282554626465
0.4214564263820648
0.4342753291130066
0.6738816499710083
0.4534629285335541
0.6808742880821228
0.6630189418792725
0.38949692249298096
0.4534629285335541
0.6904861927032471
0.9312404990196228
0.31519123911857605
0.6938516497612
0.5497154593467712
0.7300789952278137
0.4584933817386627
0.5114733576774597
0.6472959518432617
0.7021360993385315
0.6565181016921997
0.59856778383255
0.18315869569778442
0.7403191924095154
0.9523059725761414
0.6012240052223206
0.6224992275238037
0.5523868799209595
0.8627498745918274
1.0
0.1178276315331459
0.4135347306728363
0.38260534405708313
0.4404796361923218
0.18517358601093292
0.45952296257019043
0.8343363404273987
0.5806793570518494
0.7129706740379333
0.09490323066711426
0.8078181743621826
0.09723280370235443
0.6622727513313293
0.3482927978038788
0.3625199496746063
0.9061599969863892
0.4057052433490753
0.7065125107765198
0.6990952491760254
0.7122097015380859
0.7005532383918762
0.23788994550704956
0.4226806163787842
0.7244760394096375
0.5917158126831055
0.5321993231773376
0.5612422227859497
0.8831882476806641
0.39791035652160645
0.8720631003379822
0.6638224720954895
0.8069278597831726
0.30350279808044434
0.36207839846611023
0.32391178607940674
0.3564537465572357
0.6263095140457153
0.38692253828048706
0.24741074442863464
0.787453830242157
0.39862024784088135
0.4409027397632599
0.36984995007514954
0.39862024784088135
1.0
0.8051445484161377
0.7246556878089905
0.375244677066803
0.7148848176002502
0.4386683404445648
0.30487754940986633
0.09143930673599243
0.3137455880641937
0.06926731765270233
0.6410409808158875
0.6289655566215515
0.6391644477844238
0.6301259398460388
0.4251401722431183
0.47585153579711914
0.35102909803390503
0.7050231695175171
0.739524781703949
0.5597957372665405
0.5929272174835205
0.5557856559753418
0.6497106552124023
0.6970528364181519
1.0
1.0
0.7471612095832825
0.7573306560516357
0.7573306560516357
0.07600326091051102
0.23338985443115234
0.44578081369400024
0.7104130387306213
0.6440892219543457
0.9140470623970032
0.4741751253604889
0.40931499004364014
0.438164621591568
0.4576856791973114
0.33907991647720337
0.5236507654190063
0.6348870396614075
0.5133147835731506
0.4534629285335541
0.6413934826850891
0.13678932189941406
0.40339425206184387
0.3950939476490021
0.6760327816009521
0.3817363679409027
0.7426023483276367
0.13769923150539398
0.2338077872991562
0.19643382728099823
0.3968600034713745
0.6460056900978088
0.13944554328918457
0.6253340244293213
0.7992905974388123
0.663349449634552
0.6308225989341736
0.5864672064781189
0.14008773863315582
0.9103751182556152
0.4132246971130371
0.36355724930763245
0.19681672751903534
0.5025739073753357
0.27459120750427246
0.45656827092170715
0.13316580653190613
0.4665246903896332
0.520918607711792
0.7842926979064941
0.5417389869689941
0.4412793219089508
0.7005823254585266
0.18853580951690674
0.5195863246917725
0.3524513840675354
0.10612257570028305
0.7026357650756836
0.4307316243648529
0.2739872634410858
0.8250784873962402
0.46009230613708496
0.7688539624214172
0.6647939085960388
0.7030750513076782
0.8634635210037231
0.583953857421875
0.6984961032867432
0.39338240027427673
0.9155170321464539
0.5547724366188049
0.7512795329093933
0.8411231637001038
0.9205099940299988
0.41795387864112854
0.7157130837440491
0.12861591577529907
0.0913570299744606
0.6629754304885864
0.7199976444244385
0.6075769066810608
0.44272133708000183
0.8309603929519653
0.06383597105741501
0.5542951226234436
0.39799171686172485
0.7800581455230713
0.3634583055973053
0.490856796503067
0.23398609459400177
0.15246616303920746
0.6844090223312378
0.17222125828266144
0.29725274443626404
0.5216680765151978
0.7106742858886719
0.41492629051208496
0.07651107013225555
0.5756695866584778
0.42170315980911255
0.5260507464408875
0.42769184708595276
0.5556171536445618
0.6390892863273621
0.4873260259628296
0.3617813289165497
0.6610990166664124
0.41426897048950195
0.5329582095146179
0.39939701557159424
0.4794518053531647
0.43113842606544495
0.7213327884674072
0.5739394426345825
0.697802722454071
0.6705055236816406
0.673198938369751
0.5067680478096008
0.3799029290676117
0.505933940410614
0.5349019169807434
0.6000049710273743
0.41269513964653015
0.7491496801376343
0.3115532696247101
0.49552425742149353
0.6490136384963989
0.702621579170227
0.7352065443992615
0.41407808661460876
0.5750923752784729
0.23551860451698303
0.6007108092308044
0.516893208026886
0.5828530192375183
0.35989901423454285
0.26971369981765747
0.4341421127319336
0.15120559930801392
0.6138871312141418
0.6548091173171997
0.5615202188491821
0.4846542179584503
0.37933096289634705
0.4304139316082001
0.5608025193214417
0.7751830816268921
0.2125716358423233
0.05540508031845093
0.6158312559127808
0.43863973021507263
0.4958016276359558
0.33142250776290894
0.3322713375091553
0.4326290786266327
0.8546167612075806
0.16835691034793854
0.6009290814399719
0.10727071017026901
0.47936874628067017
0.5458189249038696
0.8501864671707153
0.6587807536125183
0.46578577160835266
0.43717360496520996
0.6055071949958801
0.591199517250061
0.6713705062866211
0.47327595949172974
0.5092015862464905
0.571774959564209
0.5635743737220764
0.5740029215812683
0.274218887090683
0.538182258605957
0.48867514729499817
0.3598388135433197
0.2916613519191742
0.6510630249977112
0.8631919026374817
0.4227026104927063
0.347516804933548
0.7259544134140015
0.4935165345668793
0.4158284366130829
0.08634418994188309
0.14835160970687866
0.11492665112018585
0.6632751822471619
0.847147524356842
0.4035227298736572
0.47016629576683044
0.2370319813489914
0.5196954607963562
0.15421739220619202
0.6805106401443481
0.542799711227417
0.548694372177124
0.5692105293273926
0.5332183837890625
0.5480061173439026
0.5102429986000061
0.6233071088790894
0.4166083335876465
0.8200656175613403
0.24010270833969116
0.5109550952911377
0.6066721081733704
0.49947500228881836
0.3898751437664032
0.19466158747673035
0.735592782497406
0.34250959753990173
0.06926731765270233
0.618102490901947
0.6669648289680481
0.37032148241996765
0.3616204261779785
0.363984078168869
0.43531379103660583
0.13769923150539398
0.4821743071079254
0.4182709753513336
0.6828514933586121
0.45984503626823425
0.5873535871505737
0.5388166308403015
0.5762855410575867
0.18989169597625732
0.5002851486206055
0.711769163608551
0.39659976959228516
0.5674659609794617
0.3008756637573242
0.5205031633377075
0.3761742413043976
0.7447839379310608
0.49643269181251526
0.5224527716636658
0.039388228207826614
0.45477592945098877
0.39703813195228577
0.6125150322914124
0.5773140788078308
0.7586121559143066
0.6321476697921753
0.3337831199169159
0.6794523000717163
0.488438218832016
0.4851539433002472
0.03658547252416611
0.6306771039962769
0.601709246635437
0.7697844505310059
0.5909388065338135
0.3512953221797943
0.7215238809585571
0.46750858426094055
0.3859693109989166
0.6241844892501831
0.5593974590301514
0.3855745792388916
0.5904368162155151
0.43033525347709656
0.5178775787353516
0.5554971694946289
0.4356658160686493
0.12031155824661255
0.19139622151851654
0.44142046570777893
0.36125648021698
0.48888063430786133
0.5656369924545288
0.8096100091934204
0.5561011433601379
0.7986799478530884
0.794798731803894
0.5373146533966064
0.6586652398109436
0.7123398780822754
0.7575061321258545
0.3557656407356262
0.5720775723457336
0.7182877659797668
0.6975396275520325
0.32676342129707336
0.5109971165657043
0.466952383518219
0.43065929412841797
0.46292591094970703
0.3331647217273712
0.42088407278060913
0.49949750304222107
0.41884565353393555
0.47359374165534973
0.7049264311790466
0.09440578520298004
0.6712467074394226
0.46278056502342224
0.6984942555427551
0.393380343914032
0.3762337565422058
0.7605175971984863
0.5968594551086426
0.2950640022754669
0.5116856098175049
0.46423086524009705
0.10128430277109146
0.2887443006038666
0.5075399875640869
0.446014940738678
0.46767476201057434
0.6188576817512512
0.37135401368141174
0.6708933711051941
0.4769929349422455
0.3900396525859833
0.5509260296821594
0.1924210637807846
0.36349835991859436
0.2985655963420868
0.4569781720638275
0.16660207509994507
0.39413395524024963
0.640774130821228
0.5700991749763489
0.320328950881958
0.4953949451446533
0.4671558737754822
0.6255949139595032
0.06592592597007751
0.41675135493278503
0.1426457017660141
0.4264012575149536
0.555228590965271
0.037736088037490845
0.6383573412895203
0.487770140171051
0.40013572573661804
0.49167928099632263
0.49242472648620605
0.5505502820014954
0.5619390606880188
0.7183356285095215
0.5605155229568481
0.5305221676826477
0.5474205017089844
0.5806554555892944
0.5150348544120789
0.49000850319862366
0.2781740725040436
0.3498353362083435
0.4548625349998474
0.40922752022743225
0.5313016772270203
0.4474771320819855
0.6587876081466675
0.5419127345085144
0.4442552626132965
0.4750496447086334
0.5595276355743408
0.3384859561920166
0.7101273536682129
0.626990556716919
0.31734076142311096
0.39335060119628906
0.37499770522117615
0.706644594669342
0.5763174295425415
0.8171592950820923
0.5034262537956238
0.1778613179922104
0.1719839870929718
0.7190073728561401
0.4034911096096039
0.5484119653701782
0.3780718147754669
0.3805444836616516
0.5351143479347229
0.5022035837173462
0.19206789135932922
0.12591499090194702
0.5201318860054016
0.27397066354751587
0.5313432812690735
0.09916127473115921
0.45032286643981934
0.1887069046497345
0.08287809789180756
0.45292428135871887
0.6890795826911926
0.0551818385720253
0.6297258138656616
0.24656014144420624
0.4623849093914032
0.5283129215240479
0.6308521032333374
0.18451344966888428
0.43593212962150574
0.929656982421875
0.19457422196865082
0.17974795401096344
0.3536628782749176
0.15474574267864227
0.08062046021223068
0.5003722906112671
0.4477504789829254
0.1415046751499176
0.576409637928009
0.6142066121101379
0.2856239974498749
0.3902352452278137
0.7392639517784119
0.6168074607849121
0.9160517454147339
0.36626049876213074
0.2888079285621643
0.6219717264175415
0.19074426591396332
0.6927026510238647
0.49927398562431335
0.4561355710029602
0.9048344492912292
0.5349831581115723
0.19199851155281067
0.519295334815979
0.6164562702178955
0.5103753209114075
0.46382245421409607
0.3517899811267853
0.2931736409664154
0.5687704682350159
0.09144405275583267
0.2564603090286255
0.5804154276847839
0.6557583212852478
0.564666211605072
0.5618661642074585
0.3378021717071533
0.6153529286384583
0.5871631503105164
0.29875630140304565
0.5494722127914429
0.33550864458084106
0.5396548509597778
0.38503357768058777
0.30991241335868835
0.2931230664253235
0.5727378726005554
0.6577090620994568
0.2564672529697418
0.5600777268409729
0.3429100513458252
0.4214858412742615
0.1431598663330078
0.5658486485481262
0.3028019070625305
0.0839538499712944
0.19659651815891266
0.35126274824142456
0.23155780136585236
0.32841673493385315
0.357755571603775
0.6212434768676758
0.3297148048877716
0.8506994247436523
0.4500279724597931
0.29229047894477844
0.40931403636932373
0.2078603059053421
0.12526215612888336
0.21713709831237793
0.21648536622524261
0.7212635278701782
0.35958296060562134
0.44274067878723145
0.33181869983673096
0.1252836138010025
0.44208431243896484
0.11989527940750122
0.6767922043800354
0.3845757842063904
0.4096866548061371
0.3654990792274475
0.3388361632823944
0.4761612117290497
0.5733470916748047
0.5156909823417664
0.15362606942653656
0.3817596137523651
0.37402793765068054
0.5942519307136536
0.4146515727043152
0.1428385078907013
0.08826801925897598
0.20287244021892548
0.534508228302002
0.6384727954864502
0.4930458068847656
0.5657826662063599
0.4643237590789795
0.25007638335227966
0.4488525390625
0.3744669258594513
0.3910943865776062
0.32596340775489807
0.5239592790603638
0.7236464619636536
0.5519137382507324
0.31525370478630066
0.7672697901725769
0.317268043756485
0.3590804934501648
0.5251922607421875
0.808386504650116
0.6997742056846619
0.276157945394516
0.41841185092926025
0.32468166947364807
0.7888444662094116
0.5197043418884277
0.643653929233551
0.6427380442619324
0.37082040309906006
0.3434012234210968
0.4362880289554596
0.552447497844696
0.20269620418548584
0.4576917290687561
0.36335480213165283
0.29618918895721436
0.5806141495704651
0.4831993877887726
0.3702870011329651
0.5579702854156494
0.4925551414489746
0.07198057323694229
0.7193275094032288
0.6760585904121399
0.21676552295684814
0.3256383538246155
0.5091971755027771
0.38350653648376465
0.256979763507843
0.6331104636192322
0.46390500664711
0.5854220986366272
0.6437910199165344
0.12595783174037933
0.5435171723365784
0.49240586161613464
0.42689040303230286
0.5737622976303101
0.5004887580871582
0.5720900297164917
0.5225021243095398
0.10658035427331924
0.34730231761932373
0.6687405109405518
0.2906475365161896
0.09789393097162247
0.4547082483768463
0.307419091463089
0.4660518169403076
0.49117517471313477
0.3048070967197418
0.3852968215942383
0.2948879599571228
0.34828469157218933
0.32501736283302307
0.3338806927204132
0.3903942406177521
0.26773563027381897
0.2954568862915039
0.7112812995910645
0.4541250467300415
0.3944111466407776
0.47050729393959045
0.2798005938529968
0.337917298078537
0.4761953353881836
0.5831931233406067
0.7104510068893433
0.33084678649902344
0.3579859733581543
0.32326191663742065
0.5720833539962769
0.46547961235046387
0.5150145888328552
0.31057411432266235
0.37626388669013977
0.44478023052215576
0.18257057666778564
0.5775592923164368
