0.8056986927986145
1.0
0.6873445510864258
0.8770328760147095
0.8135281205177307
0.7409760355949402
0.8135281205177307
0.9421923160552979
1.0
0.8172016143798828
1.0
0.7179058194160461
1.0
0.8798227906227112
0.8692240118980408
0.9287128448486328
1.0
0.8696230053901672
1.0
0.9262096285820007
0.8193846940994263
0.8803532719612122
0.7924709320068359
0.9122524261474609
1.0
0.8930206298828125
1.0
0.8996631503105164
1.0
0.6895544528961182
0.9287128448486328
0.9287128448486328
0.7691532969474792
0.9287128448486328
1.0
0.9031210541725159
0.9303367137908936
0.9269264340400696
1.0
1.0
1.0
0.8487212657928467
0.9331644177436829
0.8930206298828125
0.8930206298828125
0.8930206298828125
0.8069278597831726
0.8069278597831726
0.8930206298828125
0.8930206298828125
0.9350244402885437
0.9163715243339539
0.8777369856834412
0.9657230377197266
1.0
0.9331644177436829
0.7906332015991211
0.9331644177436829
0.5807304382324219
0.743971586227417
0.7419316172599792
0.7769635915756226
0.6868283152580261
1.0
0.6916541457176208
0.868401825428009
0.7430387139320374
1.0
0.6904861927032471
0.9508768916130066
0.705506443977356
0.6938516497612
1.0
1.0
0.5555945038795471
0.6965835094451904
0.8879375457763672
0.9454048871994019
0.9186748266220093
0.7955135107040405
0.9132884740829468
0.7799825668334961
0.9523059725761414
0.8827647566795349
0.7318826913833618
0.9541378617286682
0.8627498745918274
1.0
0.8839711546897888
0.8135281205177307
0.9205099940299988
0.8058957457542419
0.831573486328125
0.910954475402832
0.8780918717384338
0.7742525935173035
0.8202068209648132
1.0
0.8556929230690002
0.6501446962356567
0.7561829090118408
0.8090963363647461
0.730800211429596
0.9159841537475586
0.8352129459381104
0.7309116125106812
0.7149668335914612
0.8069278597831726
0.727183997631073
0.8930692076683044
0.7158260941505432
0.9300294518470764
0.8932466506958008
0.7839970588684082
0.8129234910011292
0.9343255758285522
1.0
0.8879333138465881
0.9054018259048462
0.8069278597831726
0.6959075927734375
0.7541012763977051
0.44445276260375977
0.7107206583023071
0.7251795530319214
0.7295774221420288
0.7251795530319214
0.9078033566474915
0.6867578029632568
0.5714582800865173
0.6867578029632568
0.6867578029632568
1.0
0.9300400018692017
0.8048728108406067
0.821053147315979
0.9457168579101562
0.8930206298828125
0.7601511478424072
0.7608532309532166
0.6686477661132812
0.7386623024940491
0.7275498509407043
0.8091998100280762
0.9031659364700317
0.9139394760131836
0.9463437795639038
0.8665306568145752
0.8513652682304382
0.9463437795639038
0.7836834192276001
1.0
0.681735634803772
0.5811917185783386
0.7739988565444946
0.8844935297966003
1.0
1.0
0.7579898834228516
0.7573306560516357
0.7573306560516357
0.7534633278846741
0.5191748738288879
0.899365246295929
0.7369284629821777
0.6723453998565674
0.9140470623970032
1.0
0.9331644177436829
0.6091406941413879
0.9048423171043396
0.6538146138191223
0.7287255525588989
0.6796538829803467
0.8967311382293701
1.0
0.8481924533843994
0.6230931282043457
0.9130302667617798
0.6871095895767212
0.726912796497345
0.5305938124656677
0.771929919719696
0.730827808380127
0.7393832802772522
0.6766713857650757
0.7346903085708618
0.7346903085708618
0.5780915021896362
0.6817641258239746
0.8538413643836975
0.8523198366165161
0.901149332523346
0.8326441049575806
0.7211071848869324
0.9851617813110352
0.5906401872634888
0.8399917483329773
0.8497670292854309
0.5025739073753357
0.634227454662323
0.948412299156189
0.7673850059509277
0.8909808993339539
1.0
0.8274886012077332
0.910954475402832
0.7248964905738831
0.9421923160552979
0.6912565231323242
0.7772377133369446
0.8315809369087219
0.7242171168327332
0.759602963924408
1.0
0.5822725892066956
0.8269606828689575
0.8620900511741638
0.8558807373046875
0.7060694694519043
0.9463437795639038
0.8668746948242188
0.8734477162361145
0.9319109916687012
0.9421923160552979
0.9155170321464539
0.8586322665214539
0.7712892293930054
0.8494576215744019
0.9205099940299988
0.7433304190635681
0.893661379814148
0.8907139897346497
0.5541335940361023
0.7491201758384705
0.7252594828605652
0.7447180151939392
0.919642984867096
0.8309603929519653
0.5622465014457703
0.7288259863853455
0.8382634520530701
0.8246715664863586
0.8697865009307861
0.8684747219085693
0.6122145056724548
0.716214656829834
0.7005582451820374
0.8585296273231506
0.6071953177452087
0.5737682580947876
0.8076024651527405
0.7142727375030518
0.2539976239204407
0.7830222249031067
0.6826062202453613
0.7244749665260315
0.5684083104133606
0.8720875382423401
0.9031210541725159
0.7755441069602966
0.8108795881271362
0.8949929475784302
0.4675520062446594
0.5769011378288269
0.4935729503631592
0.6962193846702576
0.4995538294315338
0.8135281205177307
0.8790833353996277
0.9013655185699463
0.9205099940299988
0.6989440321922302
0.765982449054718
0.9287128448486328
0.5693188309669495
0.7598173022270203
0.6754088401794434
0.5272743105888367
0.9214670658111572
0.7538915872573853
0.8152165412902832
0.7790371775627136
0.7192188501358032
0.7619566917419434
0.8606057167053223
0.927543044090271
0.575819730758667
0.6252456307411194
0.7472255229949951
0.8696505427360535
0.6706679463386536
0.6239299774169922
0.5947855114936829
0.8880509734153748
0.7930372953414917
0.7210464477539062
0.7893680930137634
0.6790820360183716
0.6223134994506836
0.5565668940544128
0.833623468875885
0.7974679470062256
0.7316217422485352
0.6943835020065308
0.8587712049484253
0.7307673692703247
0.5790984034538269
0.42415520548820496
0.6781086921691895
0.6458517909049988
0.8546167612075806
0.6483380794525146
0.7614082098007202
0.5389900207519531
0.5213658809661865
0.7762775421142578
0.9132011532783508
0.6642204523086548
0.8930206298828125
0.6458518505096436
0.8500488996505737
0.6418656706809998
0.6713705062866211
0.5244836807250977
0.6025372743606567
0.6025372743606567
0.7770995497703552
0.6051434874534607
0.6962897777557373
0.5467839241027832
0.6050704121589661
0.6964429616928101
0.6786261796951294
0.7125266790390015
0.8658645749092102
0.7625023126602173
0.6531732082366943
0.948412299156189
0.7552578449249268
0.6612261533737183
0.5236689448356628
0.7190781235694885
0.5959047079086304
0.8121566772460938
0.8537627458572388
0.714085042476654
0.6166219115257263
0.6252703070640564
0.5914212465286255
0.5902599692344666
0.7459909319877625
0.6196259260177612
0.5555499792098999
0.5769519805908203
0.6040490865707397
0.5480061173439026
0.5928868651390076
0.6310036182403564
0.6207104325294495
0.858135461807251
0.8271695375442505
0.9463437795639038
0.6698687076568604
0.7663646340370178
0.576355516910553
0.4142218232154846
0.7408028841018677
0.5184009671211243
0.7386623024940491
0.6886305809020996
0.6913248896598816
0.5859454274177551
0.3816983103752136
0.8020023107528687
0.6746254563331604
0.730827808380127
0.5716251730918884
0.4558764100074768
0.6828514933586121
0.7525215744972229
0.8260989785194397
0.5681207776069641
0.6249714493751526
0.3535768687725067
0.6287655234336853
0.7995285391807556
0.7377086877822876
0.792189359664917
0.8534058928489685
0.6178434491157532
0.47244682908058167
0.7688753008842468
0.8162471652030945
0.6536369323730469
0.5871530175209045
0.5746992826461792
0.8882469534873962
0.8386741280555725
0.809268593788147
0.758863091468811
0.6321476697921753
0.7673888802528381
0.7285622358322144
0.7759560942649841
0.7988865375518799
0.7385683655738831
0.7440820336341858
0.878677248954773
0.8545713424682617
0.7607863545417786
0.674218475818634
0.7403548955917358
0.7727369070053101
0.6660204529762268
0.8194147348403931
0.8078135251998901
0.5998422503471375
0.8880277872085571
0.5560585856437683
0.8216564655303955
0.6095338463783264
0.6173030734062195
0.5302956700325012
0.46923354268074036
0.5789181590080261
0.6426730751991272
0.5162690877914429
0.6093844771385193
0.8649111986160278
0.7385855913162231
0.8006008267402649
0.8096201419830322
0.672732949256897
0.7325664758682251
0.7123398780822754
0.959691047668457
0.8737949728965759
0.7722135186195374
0.8242969512939453
0.721466600894928
0.4215804934501648
0.5327234864234924
0.5155385136604309
0.8242567777633667
0.5192253589630127
0.7212434411048889
0.5148500204086304
0.5537040829658508
0.641097366809845
0.6460034251213074
0.8620617985725403
0.5258879661560059
0.6825297474861145
0.5372567176818848
0.7618375420570374
0.798214852809906
0.7321571111679077
0.8798510432243347
0.8358978033065796
0.7168282270431519
0.6462379693984985
0.6758055686950684
0.6144695281982422
0.5908229947090149
0.5864919424057007
0.5917484164237976
0.5251631140708923
0.7232992649078369
0.5998452305793762
0.6708933711051941
0.4918324649333954
0.5523769855499268
0.6490152478218079
0.5390624403953552
0.7578299641609192
0.5612409114837646
0.6793466806411743
0.5286150574684143
0.6171230673789978
0.8122496008872986
0.7771096229553223
0.4119798243045807
0.6375111937522888
0.6600096821784973
0.684747040271759
0.5973517894744873
0.9100185036659241
0.5615960955619812
0.5869319438934326
0.6400339603424072
0.5525936484336853
0.6534826755523682
0.5211679935455322
0.411965548992157
0.5460982918739319
0.6968242526054382
0.9118761420249939
0.7430817484855652
0.9065737724304199
0.6005531549453735
0.6942927241325378
0.8071856498718262
0.6844679117202759
0.8255646824836731
0.6473919153213501
0.6820735931396484
0.7608986496925354
0.7565221786499023
0.6342631578445435
0.7133402824401855
0.672019898891449
0.6898194551467896
0.5626094341278076
0.733600914478302
0.49550408124923706
0.8157880306243896
0.37974849343299866
0.7165732383728027
0.6631856560707092
0.5649007558822632
0.7891237735748291
0.5308467745780945
0.7922504544258118
0.6699793934822083
0.8221889734268188
0.5486561059951782
0.7662387490272522
0.6719144582748413
0.8686544299125671
0.5768940448760986
0.6366879343986511
0.5191112756729126
0.4529883563518524
0.650436520576477
0.6705451607704163
0.5433040857315063
0.5583760142326355
0.5689538717269897
0.5623599886894226
0.5646592378616333
0.3978763520717621
0.6504770517349243
0.6028264164924622
0.6210117936134338
0.5412582755088806
0.6991138458251953
0.25860852003097534
0.8310129046440125
0.5286673307418823
0.5388360023498535
0.5758298635482788
0.7071794271469116
0.42105886340141296
0.7662004232406616
0.929656982421875
0.4681118130683899
0.69175785779953
0.5794553756713867
0.48996058106422424
0.7406549453735352
0.7706294059753418
0.6198903918266296
0.6345787048339844
0.6307920813560486
0.8125116229057312
0.47105634212493896
0.5470901131629944
0.7855448126792908
0.6168074607849121
0.9318944215774536
0.5134981274604797
0.621002197265625
0.6472376585006714
0.7472255229949951
0.7094597220420837
0.6912553310394287
0.7880219221115112
0.9336697459220886
0.6584332585334778
0.6484414935112
0.5871322751045227
0.6251875162124634
0.6073409914970398
0.8402757048606873
0.752124547958374
0.6352806687355042
0.6519201993942261
0.3847319185733795
0.5277540683746338
0.6269466280937195
0.7525877952575684
0.5954306721687317
0.5742123126983643
0.4201183021068573
0.7161940336227417
0.6817758083343506
0.6565722823143005
0.6844629645347595
0.5990837812423706
0.5492390394210815
0.6660742163658142
0.6025782227516174
0.3858979046344757
0.7816348671913147
0.6988878846168518
0.5854407548904419
0.7203345894813538
0.7687904238700867
0.4523651897907257
0.511644184589386
0.8042260408401489
0.6160861253738403
0.4509546458721161
0.4247802197933197
0.43573319911956787
0.5987416505813599
0.4936198890209198
0.5409901142120361
0.7372592687606812
0.5797261595726013
0.8506994247436523
0.4848780333995819
0.5049537420272827
0.6365487575531006
0.47604846954345703
0.30281636118888855
0.55576092004776
0.5052717328071594
0.8835417628288269
0.415922075510025
0.6701967120170593
0.7115670442581177
0.4241386950016022
0.5524062514305115
0.3299206495285034
0.7333888411521912
0.4885919690132141
0.4666438102722168
0.6462053656578064
0.38730311393737793
0.8106935024261475
0.6377469897270203
0.5175924301147461
0.4862577021121979
0.4047960937023163
0.5371226072311401
0.6798404455184937
0.46572166681289673
0.5635166764259338
0.4673444330692291
0.663446843624115
0.6148825287818909
0.7849130630493164
0.6818549036979675
0.7602537870407104
0.5345356464385986
0.6110469102859497
0.45499005913734436
0.5153562426567078
0.8042958974838257
0.4629890024662018
0.5745067000389099
0.8402310609817505
0.7822765707969666
0.4169463813304901
0.7672697901725769
0.43724325299263
0.48955413699150085
0.5507579445838928
0.81554114818573
0.7143363952636719
0.5604208707809448
0.7571670413017273
0.5319027900695801
1.0
0.6937289834022522
0.6665339469909668
0.680889368057251
0.6855565905570984
0.4783269464969635
0.4837920069694519
0.7574723362922668
0.3850630223751068
0.5453466773033142
0.523122251033783
0.47085392475128174
0.6816431879997253
0.6625158786773682
0.4652622640132904
0.5760557651519775
0.7435482144355774
0.5624485015869141
0.7728708386421204
0.7416097521781921
0.5394431352615356
0.4327685832977295
0.7262861132621765
0.7261613607406616
0.4899148941040039
0.7242457866668701
0.675376832485199
0.6432014107704163
0.6933043599128723
0.2766311466693878
0.7469801902770996
0.6976462006568909
0.6521649360656738
0.5889955163002014
0.6253754496574402
0.7215185165405273
0.5354103446006775
0.5904017090797424
0.4270462095737457
0.6687405109405518
0.5135377049446106
0.2690485715866089
0.557340681552887
0.5536776781082153
0.49487751722335815
0.5821616649627686
0.4137098491191864
0.6180092692375183
0.4739097058773041
0.5585759282112122
0.6230148077011108
0.3788091242313385
0.5151346921920776
0.540203332901001
0.5683931112289429
0.7393907904624939
0.5412759780883789
0.4862367510795593
0.5445598363876343
0.4912746250629425
0.47889164090156555
0.6606288552284241
0.7567265629768372
0.8120650053024292
0.7210668325424194
0.48303714394569397
0.5061124563217163
0.6184905171394348
0.5211384892463684
0.6770667433738708
0.5151475667953491
0.42175057530403137
0.49388420581817627
0.5393186211585999
0.6147005558013916
