0.0
-0.021
0.0
0.159
0.0
0.0
0.0
0.0
-0.022
-0.032
0.0
0.0
-0.829
-0.022
0.0
0.0
-0.023
0.0
-0.023
0.0
0.0
0.0
-0.268
0.01
-0.011
0.0
0.124
0.313
0.01
0.0
0.0
0.0
0.0
0.0
-0.011
0.042
0.0
-0.04
-0.011
0.01
-0.011
0.0
0.0
0.0
0.0
0.0
0.0
0.0
0.0
0.0
0.01
0.022
-0.063
-0.071
0.0
0.0
0.0
0.0
0.0
0.0
0.0
0.0
-0.033
-0.023
0.0
0.0
-0.023
0.01
0.022
-0.064
0.0
0.0
-0.023
0.01
0.0
0.0
0.032
-0.055
0.022
-0.022
0.0
0.022
0.0
0.022
0.01
0.115
-0.033
0.0
-0.023
-0.023
0.0
0.0
0.0
0.0
-0.033
0.039
0.032
-0.011
-0.01
0.285
0.0
0.0
0.0
-0.022
0.0
-0.023
0.0
-0.023
0.0
0.0
0.284
-0.041
-0.347
0.0
-0.159
0.01
0.01
0.01
-0.031
0.022
0.0
0.0
0.0
0.0
0.0
0.0
0.0
-0.031
0.0
0.0
0.0
0.0
0.011
-0.193
0.01
0.052
0.022
-0.023
0.0
0.0
0.0
-0.023
0.0
-0.628
-0.064
0.0
0.586
0.0
0.032
-0.587
0.526
0.739
0.0
0.0
-0.425
-0.2
-0.011
-0.012
0.0
0.0
0.0
0.0
0.0
-0.022
-0.023
0.0
0.0
0.021
0.0
0.0
-0.055
0.299
0.03
0.0
-0.054
0.011
0.0
0.0
0.0
-0.268
0.01
0.0
0.0
-0.307
0.0
-0.023
0.0
0.0
0.0
0.0
-0.196
0.063
-0.064
-0.174
-0.033
-0.012
0.0
-0.023
-0.045
0.0
0.0
-0.011
-0.011
0.045
0.01
-0.011
-0.023
0.489
-0.011
0.0
0.063
0.02
0.0
-0.023
-0.011
0.0
0.01
0.01
0.0
0.01
-0.587
-0.09
0.011
-0.383
-0.012
0.01
0.03
-0.011
0.022
0.0
0.022
-0.044
0.0
0.0
0.0
0.0
0.01
-0.044
0.01
-0.293
0.0
0.381
-0.031
0.0
0.153
0.0
-0.023
0.021
0.01
-0.653
0.0
-0.011
-0.128
0.275
0.0
0.224
-0.011
0.0
0.022
-0.021
0.0
0.127
0.0
-0.022
0.0
0.0
0.0
0.022
0.01
-0.045
0.032
0.01
0.01
-0.023
0.0
-0.033
-0.022
-0.032
0.0
-0.106
0.0
0.025
-0.868
-0.023
-0.032
-0.011
0.01
-0.012
0.0
0.022
-0.011
0.01
0.0
0.18
0.011
0.03
0.022
0.184
-0.033
0.495
0.0
-0.3
-0.011
0.032
-0.022
-0.337
-0.496
-0.011
0.054
0.022
0.0
-0.045
0.033
-0.805
0.01
-0.032
-0.044
0.288
-0.022
-0.501
0.022
0.063
0.01
0.0
-0.034
0.0
0.0
0.0
0.043
0.032
0.022
0.0
0.0
-0.022
-0.033
0.031
0.01
0.298
0.01
0.0
-0.011
0.0
0.022
0.011
0.361
0.759
-0.241
0.0
0.0
-0.012
0.011
-0.061
0.23
-0.034
0.022
0.0
-0.034
0.507
-0.142
-0.1
0.052
0.049
-0.645
-0.011
-0.023
0.0
0.0
0.0
0.022
0.817
-0.011
0.022
0.0
0.0
-0.011
-0.222
-0.023
-0.496
0.0
0.0
-0.011
0.172
0.022
-0.011
0.0
-0.012
-0.235
-0.065
-0.022
0.096
0.022
0.299
0.173
0.044
0.0
0.0
0.0
0.041
0.062
-0.523
-0.052
0.102
0.091
0.0
-0.012
0.008
0.0
0.032
0.063
0.076
0.01
0.031
0.01
0.043
-0.075
0.131
-0.53
-0.033
-0.034
0.0
0.011
0.042
0.02
-0.486
-0.023
0.0
-0.012
-0.012
0.0
-0.268
0.062
-0.011
0.121
0.387
0.571
0.26
-0.053
0.067
-0.011
-0.165
0.018
0.032
0.01
-0.064
0.043
0.0
0.0
0.0
0.032
0.173
0.0
-0.021
0.0
-0.012
0.01
0.053
-0.157
0.487
0.074
0.0
-0.011
0.06
-0.064
0.022
0.01
0.517
0.328
-0.055
-0.045
0.314
0.022
-0.163
0.031
-0.052
0.507
0.206
-0.115
-0.043
0.032
0.011
-0.08
-0.075
0.532
-0.011
-0.073
0.054
0.355
-0.055
-0.05
0.37
-0.322
0.0
-0.552
0.022
-0.022
-0.011
-0.041
-0.319
0.053
-0.043
0.021
0.033
-0.162
0.199
-0.355
0.0
0.303
-0.052
-0.04
-0.055
0.0
0.0
0.653
0.032
0.01
-0.034
0.21
0.01
0.313
-0.023
0.022
-0.342
-0.022
0.054
0.313
-0.054
0.295
0.255
0.117
-0.083
0.4
0.0
0.021
0.02
-0.033
0.022
-0.293
0.021
0.0
0.01
-0.053
0.044
0.043
0.413
-0.023
0.032
-0.374
0.0
-0.584
-0.011
0.022
-0.369
0.644
0.032
-0.665
-0.034
0.03
-0.055
0.0
0.725
0.022
-0.069
-0.329
-0.043
0.645
0.0
-0.073
0.081
0.042
-0.044
-0.052
0.031
-0.023
-0.191
0.0
0.383
-0.063
0.124
-0.043
-0.064
0.052
-0.022
-0.021
0.03
0.01
0.099
-0.058
0.0
0.01
-0.063
0.292
-0.232
0.021
0.468
0.0
-0.074
-0.335
-0.042
0.058
0.063
-0.307
0.011
0.011
-0.012
0.295
-0.011
-0.022
0.437
-0.053
-0.342
0.063
0.043
0.054
-0.314
0.0
-0.011
0.0
0.022
0.022
-0.137
-0.087
0.303
-0.094
-0.191
0.032
0.01
0.0
-0.751
-0.064
0.032
0.352
0.273
-0.293
-0.579
0.0
0.022
-0.032
-0.011
-0.034
-0.023
0.01
0.659
-0.044
0.262
0.032
0.321
0.082
-0.145
-0.011
0.032
0.0
-0.011
0.33
0.022
0.157
-0.045
-0.022
0.033
-0.034
0.022
-0.343
-0.011
-0.565
0.166
-0.066
0.033
-0.033
-0.307
0.042
-0.03
0.01
0.01
-0.022
0.417
-0.053
0.581
-0.033
0.0
-0.06
-0.022
0.093
-0.022
-0.266
0.044
-0.451
-0.499
0.052
-0.033
0.281
-0.064
-0.073
-0.095
0.054
0.11
0.413
0.553
-0.128
0.156
0.011
-0.055
0.184
0.096
-0.225
-0.022
-0.151
0.261
-0.219
-0.022
0.0
-0.282
-0.071
-0.066
-0.011
0.032
0.0
-0.103
-0.052
-0.012
-0.02
0.033
0.0
0.022
0.106
-0.087
0.054
-0.364
-0.011
0.328
-0.279
-0.022
0.341
0.124
-0.558
-0.343
-0.113
-0.445
-0.638
0.114
0.223
0.063
-0.434
0.0
-0.022
0.042
0.022
0.011
0.0
0.847
0.043
-0.322
