0.625
1.0
0.4000000059604645
0.3636363744735718
0.375
0.375
0.30000001192092896
0.6363636255264282
0.2142857164144516
0.27272728085517883
1.0
0.20000000298023224
NaN
0.2857142984867096
0.27272728085517883
0.6363636255264282
1.0
0.6363636255264282
1.0
0.375
0.4000000059604645
0.5
1.0
0.20000000298023224
0.8947368264198303
0.5454545617103577
0.3529411852359772
0.25
0.8181818127632141
0.3333333432674408
0.6363636255264282
0.5
0.5555555820465088
0.6363636255264282
0.75
1.0
0.6153846383094788
0.800000011920929
0.8181818127632141
0.8181818127632141
0.75
0.3333333432674408
0.625
0.5454545617103577
0.5454545617103577
0.5454545617103577
0.5454545617103577
0.5454545617103577
0.5454545617103577
0.5454545617103577
0.3333333432674408
0.625
0.46666666865348816
0.4117647111415863
1.0
0.625
0.625
0.6363636255264282
0.4000000059604645
0.6666666865348816
0.625
0.5
0.20000000298023224
1.0
0.6000000238418579
0.25
0.625
0.8181818127632141
1.0
0.8461538553237915
0.2142857164144516
0.4000000059604645
1.0
0.6000000238418579
0.20000000298023224
0.1818181872367859
1.0
0.7333333492279053
1.0
0.6666666865348816
0.0
0.3333333432674408
0.699999988079071
0.6363636255264282
0.5333333611488342
0.4166666567325592
0.4615384638309479
0.9090909361839294
0.625
0.375
0.625
0.20000000298023224
0.6363636255264282
0.5454545617103577
0.4285714328289032
0.699999988079071
0.6363636255264282
0.75
0.6111111044883728
0.27272728085517883
0.25
0.4000000059604645
0.5714285969734192
0.46666666865348816
0.1818181872367859
0.6000000238418579
0.5454545617103577
0.5454545617103577
0.6363636255264282
0.5
0.625
0.6153846383094788
0.27272728085517883
0.4615384638309479
0.30000001192092896
0.6666666865348816
0.7142857313156128
0.5714285969734192
0.4444444477558136
0.5454545617103577
0.5
0.5
0.20000000298023224
0.25
0.4000000059604645
0.25
0.5
0.8333333134651184
0.25
0.20000000298023224
0.25
0.25
0.6000000238418579
0.3888888955116272
0.2222222238779068
0.75
0.5454545617103577
0.5454545617103577
0.25
0.25
0.25
0.625
0.3333333432674408
0.0
0.8181818127632141
0.6363636255264282
0.6363636255264282
0.625
0.6363636255264282
0.5833333134651184
0.2222222238779068
0.0
0.5
0.25
0.4000000059604645
0.4615384638309479
0.8181818127632141
0.75
0.3333333432674408
0.2222222238779068
0.2222222238779068
0.625
0.2222222238779068
0.5
0.6000000238418579
0.25
0.6363636255264282
0.3333333432674408
0.625
0.1818181872367859
0.9090909361839294
0.6363636255264282
0.5714285969734192
0.3333333432674408
0.5263158082962036
0.8181818127632141
0.6666666865348816
0.5
0.8461538553237915
0.625
0.09090909361839294
0.3333333432674408
0.1666666716337204
1.0
0.5454545617103577
0.4000000059604645
0.3333333432674408
0.4000000059604645
0.0
0.4000000059604645
0.2083333283662796
1.0
0.800000011920929
0.7142857313156128
0.20000000298023224
0.3333333432674408
0.09090909361839294
0.625
0.1111111119389534
0.25
0.25
0.8181818127632141
0.5
0.6666666865348816
0.8181818127632141
0.3333333432674408
0.5454545617103577
0.2222222238779068
0.4444444477558136
0.09090909361839294
0.6363636255264282
0.30000001192092896
0.25
0.6000000238418579
0.75
0.2222222238779068
0.7692307829856873
0.5454545617103577
0.625
0.125
0.5833333134651184
0.7142857313156128
1.0
0.0
0.4545454680919647
0.5
0.2857142984867096
0.2777777910232544
0.625
0.6363636255264282
0.5
0.4615384638309479
0.625
0.25
0.1818181872367859
0.23076923191547394
0.1666666716337204
0.4000000059604645
0.4000000059604645
0.3333333432674408
0.4000000059604645
0.4000000059604645
0.6666666865348816
0.7272727489471436
0.5
0.3333333432674408
0.25
0.0
0.6666666865348816
0.3333333432674408
0.25
0.375
0.30000001192092896
0.1111111119389534
0.6000000238418579
0.5454545617103577
0.5
0.20000000298023224
0.5454545617103577
0.5333333611488342
0.20000000298023224
1.0
0.375
0.1538461595773697
0.4000000059604645
0.25
0.20000000298023224
0.20000000298023224
0.20000000298023224
0.625
0.9285714030265808
0.4444444477558136
0.20000000298023224
0.6363636255264282
0.6363636255264282
0.20000000298023224
0.4545454680919647
0.1428571492433548
0.1818181872367859
0.1428571492433548
0.3888888955116272
0.8571428656578064
NaN
0.6000000238418579
0.20000000298023224
0.4545454680919647
0.5333333611488342
0.1818181872367859
0.4000000059604645
0.625
0.5454545617103577
0.1818181872367859
0.1818181872367859
0.2222222238779068
0.3333333432674408
0.5833333134651184
0.06666667014360428
0.1818181872367859
0.1818181872367859
0.09090909361839294
0.20000000298023224
0.1764705926179886
0.3333333432674408
0.625
0.5555555820465088
0.25
0.20000000298023224
0.20000000298023224
0.25
0.3333333432674408
0.1818181872367859
0.6000000238418579
0.09090909361839294
0.0
0.1666666716337204
0.2857142984867096
0.10000000149011612
0.5384615659713745
0.07692307978868484
0.0
0.25
0.6666666865348816
0.0714285746216774
0.4000000059604645
0.3333333432674408
0.20000000298023224
0.25
0.25
0.1818181872367859
0.1666666716337204
0.125
0.20000000298023224
0.25
0.2222222238779068
0.375
0.20000000298023224
0.1764705926179886
0.125
0.6428571343421936
0.2222222238779068
0.20000000298023224
0.25
0.25
0.3333333432674408
1.0
0.2857142984867096
0.1304347813129425
0.1666666716337204
0.25
0.10000000149011612
0.09090909361839294
0.2380952388048172
0.06666667014360428
0.2222222238779068
0.1666666716337204
0.2222222238779068
0.10000000149011612
0.0
0.2222222238779068
0.2916666567325592
0.75
0.23076923191547394
0.31578946113586426
0.2857142984867096
0.20000000298023224
0.09090909361839294
0.20000000298023224
0.20000000298023224
0.09090909361839294
0.0
0.1111111119389534
0.1818181872367859
0.125
0.25
0.1538461595773697
0.1538461595773697
0.5454545617103577
0.4000000059604645
0.10000000149011612
0.1818181872367859
0.20000000298023224
0.0555555559694767
0.10000000149011612
0.1818181872367859
0.1111111119389534
0.1818181872367859
0.2857142984867096
0.2142857164144516
0.1666666716337204
0.5555555820465088
0.20000000298023224
0.125
0.09090909361839294
1.0
0.1818181872367859
0.25
0.4000000059604645
0.4285714328289032
0.8181818127632141
0.3333333432674408
0.4285714328289032
0.375
0.23076923191547394
0.25
0.1428571492433548
0.38461539149284363
0.25
0.5454545617103577
0.6666666865348816
0.1818181872367859
0.1764705926179886
0.4285714328289032
0.2222222238779068
0.3636363744735718
0.1538461595773697
0.25
0.1111111119389534
0.1666666716337204
0.25
0.25
0.4545454680919647
0.2222222238779068
0.11764705926179886
0.09090909361839294
0.1111111119389534
0.2222222238779068
0.3333333432674408
0.10000000149011612
0.09090909361839294
0.5789473652839661
0.6666666865348816
0.38461539149284363
1.0
0.625
0.1111111119389534
0.0714285746216774
0.5
0.4444444477558136
0.1428571492433548
0.0
0.375
0.09090909361839294
0.10000000149011612
0.1818181872367859
0.4545454680919647
0.2857142984867096
0.25
0.1111111119389534
0.10000000149011612
0.125
0.09090909361839294
0.2857142984867096
0.0
0.3333333432674408
0.1666666716337204
0.20000000298023224
0.30000001192092896
0.20000000298023224
0.3333333432674408
0.2142857164144516
0.375
0.38461539149284363
0.20000000298023224
0.25
0.2857142984867096
0.25
0.13333334028720856
0.125
0.1818181872367859
0.25
0.3333333432674408
0.2857142984867096
0.1666666716337204
0.25
0.0
0.7058823704719543
0.1428571492433548
0.1111111119389534
0.06666667014360428
0.0
0.3333333432674408
0.25
0.0
0.1818181872367859
0.0833333358168602
0.5
0.25
0.5
0.07692307978868484
0.1818181872367859
0.09090909361839294
0.125
0.2631579041481018
0.0
0.125
0.0833333358168602
0.1111111119389534
0.4615384638309479
0.5833333134651184
0.529411792755127
0.1818181872367859
0.3333333432674408
0.1764705926179886
0.1666666716337204
0.5
0.25
0.3333333432674408
0.2857142984867096
0.0833333358168602
0.1538461595773697
0.09090909361839294
0.1666666716337204
0.09090909361839294
0.125
0.125
0.25
0.1568627506494522
0.0
0.1666666716337204
0.125
0.125
0.20000000298023224
0.2222222238779068
0.25
0.2222222238779068
0.6000000238418579
0.20000000298023224
0.4285714328289032
0.3333333432674408
0.3636363744735718
0.0714285746216774
0.125
0.07692307978868484
0.2222222238779068
0.20000000298023224
0.20000000298023224
0.25
0.0833333358168602
0.13333334028720856
0.09090909361839294
0.1818181872367859
0.1666666716337204
0.1111111119389534
0.0
0.25
0.0
0.13333334028720856
0.1428571492433548
0.46666666865348816
0.125
0.10000000149011612
0.10000000149011612
0.0
0.125
NaN
0.25
0.20000000298023224
0.1538461595773697
0.25
0.0
0.25
0.1111111119389534
0.11764705926179886
0.3333333432674408
0.1111111119389534
0.4545454680919647
0.0714285746216774
0.13333334028720856
0.800000011920929
0.0
0.38235294818878174
0.10000000149011612
0.13333334028720856
0.1538461595773697
0.5
0.0
0.1428571492433548
0.375
0.6666666865348816
0.1818181872367859
0.25
0.1818181872367859
0.1428571492433548
0.1538461595773697
0.3333333432674408
0.4285714328289032
0.2142857164144516
0.1666666716337204
0.125
0.1818181872367859
0.0833333358168602
0.0714285746216774
0.09090909361839294
0.0
0.0
0.20000000298023224
0.06666667014360428
0.27272728085517883
0.3333333432674408
0.20000000298023224
0.0
0.125
0.10000000149011612
0.10000000149011612
0.0833333358168602
0.10000000149011612
0.0714285746216774
0.1666666716337204
0.032258063554763794
0.09090909361839294
0.0833333358168602
0.2857142984867096
0.10000000149011612
0.1666666716337204
0.1666666716337204
0.0833333358168602
0.3333333432674408
0.1666666716337204
0.125
0.1818181872367859
0.05882352963089943
0.692307710647583
0.0
0.0555555559694767
0.1111111119389534
0.1666666716337204
0.125
0.07692307978868484
0.1666666716337204
0.5714285969734192
0.4000000059604645
0.0
0.2857142984867096
0.0833333358168602
0.0833333358168602
0.10000000149011612
0.10000000149011612
0.1111111119389534
0.1666666716337204
0.125
0.09090909361839294
0.4000000059604645
0.20000000298023224
0.0
0.1666666716337204
0.1666666716337204
0.1428571492433548
0.07692307978868484
0.0833333358168602
0.0
0.3333333432674408
0.2857142984867096
0.1818181872367859
0.625
0.25
0.1666666716337204
0.0
0.5
0.0
0.10000000149011612
0.11764705926179886
0.0
0.1666666716337204
0.1428571492433548
0.3125
0.20000000298023224
0.1538461595773697
0.10000000149011612
0.0833333358168602
0.20000000298023224
0.3333333432674408
0.5714285969734192
0.20000000298023224
0.1538461595773697
0.0833333358168602
0.5
0.20000000298023224
0.125
0.07999999821186066
0.1818181872367859
0.1666666716337204
0.10000000149011612
0.3333333432674408
0.20000000298023224
0.1666666716337204
0.05882352963089943
0.0
0.125
0.1666666716337204
0.0476190485060215
0.11764705926179886
0.125
0.1818181872367859
0.4285714328289032
0.30000001192092896
0.0
0.10000000149011612
0.125
0.5
0.1111111119389534
0.09090909361839294
0.10000000149011612
0.03030303120613098
0.2222222238779068
0.10000000149011612
0.10000000149011612
0.07407407462596893
0.1818181872367859
0.125
0.1666666716337204
0.1666666716337204
0.10000000149011612
0.07692307978868484
0.125
0.125
0.0
0.10000000149011612
0.0833333358168602
0.0555555559694767
0.1666666716337204
0.125
0.125
0.30000001192092896
0.05263157933950424
0.125
0.2222222238779068
0.10000000149011612
0.09090909361839294
0.1428571492433548
0.0625
0.1818181872367859
0.0555555559694767
0.0833333358168602
0.09090909361839294
0.04545454680919647
0.0
0.20000000298023224
0.1304347813129425
0.1666666716337204
0.25
0.1428571492433548
0.07692307978868484
0.07692307978868484
0.10000000149011612
0.1818181872367859
0.0
0.0714285746216774
0.0
0.1666666716337204
0.0
