0.9672501683235168
1.0
0.8056414723396301
0.970474362373352
0.9232501983642578
0.9129334092140198
0.9075352549552917
0.8411548733711243
1.0
0.9195572137832642
1.0
0.7478029131889343
1.0
0.975908100605011
0.97068190574646
0.8313485980033875
1.0
0.9320629239082336
1.0
0.9372895359992981
0.9243494272232056
0.9334184527397156
0.921392023563385
0.8757514953613281
1.0
0.9396557807922363
1.0
0.9731367826461792
1.0
0.6193578243255615
0.8313485980033875
0.8419836163520813
0.929548442363739
0.8313485980033875
1.0
0.9603716135025024
0.7868514060974121
0.9677320122718811
1.0
1.0
1.0
0.8102323412895203
0.7908725738525391
0.9396557807922363
0.9396557807922363
0.9396557807922363
0.9480778574943542
0.9480778574943542
0.9396557807922363
0.9396557807922363
0.9688330292701721
0.8642911911010742
0.9359265565872192
0.989052951335907
1.0
0.8347547054290771
0.9427826404571533
0.8515283465385437
0.8180987238883972
0.9126645922660828
0.8846246600151062
0.9603655338287354
0.8688791990280151
1.0
0.8368256688117981
0.7512975335121155
0.9156510233879089
1.0
0.7056447863578796
0.9797738194465637
0.8379458785057068
0.902341365814209
1.0
1.0
0.7587454915046692
0.7661730647087097
0.9698581099510193
0.9783462882041931
0.9068655371665955
0.9344825744628906
0.7731694579124451
0.7469536662101746
0.9717227816581726
0.8409171104431152
0.9042168855667114
0.9907737374305725
0.8548418879508972
1.0
0.9062353372573853
0.8849070072174072
0.9517714977264404
0.6369896531105042
0.8281499743461609
0.9450521469116211
0.9754515886306763
0.9032836556434631
0.9155886769294739
1.0
0.9141151905059814
0.7866978049278259
0.8096473813056946
0.9324815273284912
0.717937707901001
0.967793881893158
0.7808107733726501
0.7789457440376282
0.9264370799064636
0.9221166372299194
0.7329726815223694
0.7476925849914551
0.8849342465400696
0.9641816020011902
0.9677435159683228
0.8955847024917603
0.8276584148406982
0.9096257090568542
1.0
1.0
0.9211229681968689
0.9480778574943542
0.8593975305557251
0.8324964046478271
0.775829553604126
0.822354793548584
0.9008617401123047
0.847399115562439
0.9008617401123047
0.8793700933456421
0.8349196314811707
0.8365487456321716
0.7523793578147888
0.8349196314811707
1.0
0.973883867263794
0.9172235131263733
0.873974621295929
0.9557597041130066
0.9396557807922363
0.7926751971244812
0.7381114959716797
0.7228485941886902
0.8842822909355164
0.8779536485671997
0.9406548738479614
0.9570531845092773
0.9539676308631897
0.964173436164856
0.9473023414611816
0.7955517172813416
0.964173436164856
0.8891997933387756
1.0
0.8513838052749634
0.6523832082748413
0.9035650491714478
0.8629539012908936
1.0
1.0
0.863008975982666
0.8984585404396057
0.8984585404396057
0.9421248435974121
0.7048048973083496
0.8349405527114868
0.8724894523620605
0.7249621748924255
0.8345047831535339
1.0
0.8064664006233215
0.7389941215515137
0.9426127672195435
0.8488020896911621
0.8899847865104675
0.883690595626831
0.9129698872566223
1.0
0.9680600762367249
0.9102572202682495
0.9392216205596924
0.8862853050231934
0.762002170085907
0.7700325846672058
0.7557878494262695
0.9294988512992859
0.9077165126800537
0.7851100564002991
0.8783243894577026
0.8783243894577026
0.6787248849868774
0.8596398830413818
0.7786235809326172
0.8721613883972168
0.9473157525062561
0.8886380195617676
0.882047712802887
0.9016233682632446
0.5676770210266113
0.8339031338691711
0.948784351348877
0.6614205837249756
0.7727380990982056
0.8980637192726135
0.9153285622596741
0.9766318202018738
1.0
0.9438106417655945
0.9450521469116211
0.8855289816856384
0.8511775135993958
0.8994801044464111
0.9118210077285767
0.7867138981819153
0.7294216752052307
0.8865258097648621
1.0
0.850633442401886
0.9394569396972656
0.885768473148346
0.8147063851356506
0.8717469573020935
0.9733837842941284
0.946275532245636
0.9764688611030579
0.8724854588508606
0.8411548733711243
0.9650846719741821
0.958663284778595
0.8414097428321838
0.7474682927131653
0.9517714977264404
0.9205440878868103
0.9442635178565979
0.8997025489807129
0.799798309803009
0.7892326712608337
0.9130639433860779
0.8888185024261475
0.9356803894042969
0.8620084524154663
0.8809579014778137
0.821381688117981
0.9310904741287231
0.8638869524002075
0.9155294895172119
0.9645906686782837
0.7665727138519287
0.7173360586166382
0.8270989656448364
0.85946124792099
0.7435917258262634
0.5987213850021362
0.8368890881538391
0.8920256495475769
0.6289713978767395
0.9310379028320312
0.9250181317329407
0.8376341462135315
0.7814617156982422
0.8509655594825745
0.9603716135025024
0.7744965553283691
0.7561846971511841
0.9173579216003418
0.8059443235397339
0.7401990294456482
0.47351962327957153
0.737525999546051
0.6569608449935913
0.8779322504997253
0.9452457427978516
0.9568920135498047
0.9517714977264404
0.8735073208808899
0.8912360072135925
0.8313485980033875
0.8292322754859924
0.7931874990463257
0.7499627470970154
0.7508074641227722
0.9789028167724609
0.8300455808639526
0.906088650226593
0.916099488735199
0.7903392910957336
0.8890810012817383
0.8731733560562134
0.9495457410812378
0.7389387488365173
0.7985336780548096
0.920163094997406
0.9111518859863281
0.8653442859649658
0.7068250775337219
0.8195303678512573
0.8702870011329651
0.9207560420036316
0.7630589604377747
0.8621333837509155
0.7624651193618774
0.6165276169776917
0.8311378359794617
0.8915521502494812
0.918369472026825
0.9172359704971313
0.8966704607009888
0.7955873608589172
0.8592942357063293
0.8330299258232117
0.7721709609031677
0.8275456428527832
0.6669263243675232
0.9375590085983276
0.6502982974052429
0.892164409160614
0.8151895403862
0.8152777552604675
0.927473247051239
0.842573344707489
0.8754820823669434
0.9396557807922363
0.6669263243675232
0.8319921493530273
0.811070442199707
0.876558780670166
0.7375242710113525
0.6440455913543701
0.6440455913543701
0.6732141971588135
0.7740702033042908
0.7723463177680969
0.6498438715934753
0.7624724507331848
0.8688110709190369
0.862687885761261
0.8934744596481323
0.9268057346343994
0.8226526379585266
0.8095497488975525
0.8987795114517212
0.7873602509498596
0.6557825207710266
0.8471195101737976
0.7037065625190735
0.8396655321121216
0.9540997743606567
0.9153103232383728
0.9224072098731995
0.7734769582748413
0.7741191983222961
0.8012657165527344
0.756014347076416
0.8743488788604736
0.7999403476715088
0.8266597986221313
0.7644255757331848
0.8646276593208313
0.6839120388031006
0.8718516230583191
0.7493623495101929
0.8303560018539429
0.7821319103240967
0.8443397879600525
0.964173436164856
0.8652310371398926
0.8034986853599548
0.5816224217414856
0.5783758163452148
0.8091419339179993
0.5727084875106812
0.8842822909355164
0.6887956261634827
0.7735756635665894
0.5075244903564453
0.4824850559234619
0.8210685849189758
0.7719001770019531
0.9294988512992859
0.8092965483665466
0.6860414147377014
0.7479460835456848
0.7903310656547546
0.903331458568573
0.7003094553947449
0.8548030257225037
0.6152524948120117
0.8125308156013489
0.9377487897872925
0.9084038734436035
0.81657874584198
0.9231492877006531
0.8285009860992432
0.67812180519104
0.7642143368721008
0.9562327265739441
0.671428382396698
0.6321108937263489
0.8434754014015198
0.9100406169891357
0.9079935550689697
0.8697159886360168
0.8845088481903076
0.7971926331520081
0.8621841669082642
0.9009251594543457
0.8646101355552673
0.797341525554657
0.7575070261955261
0.9055269360542297
0.8202871680259705
0.9213274121284485
0.9311914443969727
0.857628345489502
0.7539452314376831
0.9265564680099487
0.8133234977722168
0.9039176106452942
0.769862711429596
0.7395252585411072
0.9630793333053589
0.7987584471702576
0.8428981304168701
0.8059161305427551
0.8371093273162842
0.7791557908058167
0.5528495907783508
0.668774425983429
0.8674489259719849
0.6887069940567017
0.6052539348602295
0.8674858808517456
0.8664740920066833
0.8832833766937256
0.91554194688797
0.8240930438041687
0.8861766457557678
0.6880376935005188
0.9354271292686462
0.9473364949226379
0.9231985807418823
0.9401750564575195
0.909399688243866
0.695760190486908
0.8435783386230469
0.7854901552200317
0.9016872644424438
0.8345312476158142
0.8392689228057861
0.5688700079917908
0.6575952172279358
0.748597264289856
0.6617878079414368
0.8477978706359863
0.5188343524932861
0.8431791067123413
0.7833587527275085
0.902873158454895
0.9148424863815308
0.8929175138473511
0.8735557794570923
0.8134746551513672
0.8442034721374512
0.8787563443183899
0.8612385392189026
0.7491981387138367
0.8296665549278259
0.8620429635047913
0.8333257436752319
0.7846289277076721
0.7814624905586243
0.7476121783256531
0.6319149136543274
0.7830829620361328
0.6447728872299194
0.7213912010192871
0.7370254397392273
0.8504185080528259
0.6276729702949524
0.8106940984725952
0.6005513072013855
0.6697415113449097
0.8377633094787598
0.9059855341911316
0.5920356512069702
0.7240085601806641
0.8565424084663391
0.9085857272148132
0.7903357148170471
0.9678654074668884
0.6572321057319641
0.7140859365463257
0.8427535891532898
0.6005174517631531
0.8727218508720398
0.5116194486618042
0.6391867399215698
0.7393529415130615
0.7225900888442993
0.9503843188285828
0.8528783321380615
0.8738366365432739
0.7688385844230652
0.8632695078849792
0.938714325428009
0.8221767544746399
0.9361512064933777
0.6422733664512634
0.860818088054657
0.7589674592018127
0.828022301197052
0.8329676389694214
0.6042648553848267
0.598639965057373
0.9016355276107788
0.7419679164886475
0.8478346467018127
0.6811820268630981
0.8832566738128662
0.6715254187583923
0.8592768311500549
0.5894981026649475
0.5906433463096619
0.7984330058097839
0.6784958839416504
0.6880612373352051
0.8103088736534119
0.8379640579223633
0.8275017738342285
0.8565881252288818
0.7764385938644409
0.9657927751541138
0.8339349627494812
0.6100003123283386
0.6555034518241882
0.7681546807289124
0.8104308843612671
0.6405149102210999
0.5900068283081055
0.7269424796104431
0.7653509378433228
0.7816966772079468
0.7897958755493164
0.6988179683685303
0.7156456708908081
0.7004660367965698
0.7580900192260742
0.6561105847358704
0.8293479681015015
0.727652370929718
0.9045088291168213
0.6916636824607849
0.623214066028595
0.7562153935432434
0.7778156399726868
0.5660303235054016
0.7256296873092651
0.8348900675773621
0.6966094374656677
0.7666428685188293
0.777242124080658
0.6307751536369324
0.7640664577484131
0.8791410326957703
0.6011178493499756
0.759448766708374
0.600000262260437
0.913994550704956
0.7931281328201294
0.7671186923980713
0.8445438146591187
0.8230539560317993
0.9633462429046631
0.6909915208816528
0.8533490896224976
0.8058555722236633
0.9201631546020508
0.7544664740562439
0.8755013942718506
0.8914464116096497
0.9832793474197388
0.7747660875320435
0.7682759761810303
0.6535654067993164
0.8718711733818054
0.7547857165336609
0.926704466342926
0.8644683957099915
0.7508195638656616
0.7817718982696533
0.5576630234718323
0.7534132599830627
0.6646156907081604
0.7287487387657166
0.8826656937599182
0.5892996191978455
0.5236698389053345
0.7268140316009521
0.7221210598945618
0.799191415309906
0.8769339919090271
0.7820267081260681
0.7451100945472717
0.8097614645957947
0.8067066669464111
0.6505721807479858
0.8551105856895447
0.7576454877853394
0.7524913549423218
0.7616895437240601
0.7067741751670837
0.6058052182197571
0.638300359249115
0.9424272775650024
0.8096828460693359
0.48672738671302795
0.7610599398612976
0.7032958269119263
0.874476432800293
0.6123393774032593
0.7688685059547424
0.8105505704879761
0.7627480030059814
0.9657875299453735
0.6240649819374084
0.677091121673584
0.682851254940033
0.5812107920646667
0.6347152590751648
0.8537982106208801
0.49730899930000305
0.7943740487098694
0.6748424768447876
0.6595790982246399
0.7961557507514954
0.7359786629676819
0.6361048817634583
0.6818650364875793
0.8314417600631714
0.6515375375747681
0.8068354725837708
0.7018751502037048
0.8131701350212097
0.9442029595375061
0.8022607564926147
0.8828037977218628
0.8265305161476135
0.7816416621208191
0.6437493562698364
0.6853224039077759
0.6643749475479126
0.625475287437439
0.5519135594367981
0.8271902203559875
0.6325564980506897
0.7154482007026672
0.8862600922584534
0.9081676602363586
0.5305725932121277
0.8845773935317993
0.7391764521598816
0.5829318761825562
0.857161819934845
0.7060824632644653
0.7726414203643799
0.892713725566864
0.8363057374954224
0.8152104020118713
0.8220668435096741
0.7198988795280457
0.7448019981384277
0.8343619108200073
0.8598343133926392
0.8719117045402527
0.7663052678108215
0.8462468981742859
0.7537517547607422
1.0
0.7472840547561646
0.8578346371650696
0.8884422183036804
0.9066010117530823
0.6820361614227295
0.6947369575500488
0.7632542848587036
0.657245397567749
0.4722978472709656
0.7190266251564026
0.5781397819519043
0.7065638303756714
0.7041810750961304
0.661673367023468
0.7575193047523499
0.8000453114509583
0.7955978512763977
0.8431776762008667
0.7765311002731323
0.6883261799812317
0.6999697685241699
0.9258686900138855
0.6975141763687134
0.5511966943740845
0.765961766242981
0.7600999474525452
0.7428566813468933
0.6164690256118774
0.4306943416595459
0.8722814917564392
0.8859109282493591
0.6785840392112732
0.8832880854606628
0.7496472001075745
0.9094342589378357
0.7044519186019897
0.6984401941299438
0.7238489389419556
0.7730494141578674
0.678244948387146
0.6316033005714417
0.627683162689209
0.7437584400177002
0.8559665083885193
0.6715499758720398
0.6416179537773132
0.7889639735221863
0.6623687744140625
0.6671009659767151
0.7563815712928772
0.7267284393310547
0.6342417597770691
0.7913579344749451
0.6988683938980103
0.8986461758613586
0.775489091873169
0.6593458652496338
0.6589778661727905
0.6669737696647644
0.5842635631561279
0.8034579157829285
0.8332824110984802
0.9444550275802612
0.8349167108535767
0.7095510959625244
0.6890005469322205
0.7120513916015625
0.6672711372375488
0.8043012619018555
0.524047315120697
0.73136967420578
0.6420906186103821
0.7770494818687439
0.7509954571723938
