0.9672501683235168
1.0
0.8056414723396301
0.9704743027687073
0.8536921143531799
0.8381309509277344
0.8536921143531799
0.7641909122467041
1.0
0.9391810894012451
1.0
0.6607529520988464
1.0
1.0
0.9706818461418152
0.75084388256073
1.0
0.9264839291572571
1.0
0.9372895956039429
0.9055108428001404
0.9334183931350708
1.0
1.0
1.0
0.9396558403968811
1.0
1.0
1.0
0.5469924211502075
0.75084388256073
0.75084388256073
0.9084937572479248
0.75084388256073
1.0
1.0
0.6967371702194214
1.0
1.0
1.0
1.0
0.7175502777099609
0.7540401220321655
0.9396558403968811
0.9396558403968811
0.9396558403968811
0.9480777978897095
0.9480777978897095
0.9396558403968811
0.9396558403968811
1.0
1.0
1.0
1.0
1.0
0.7540401220321655
0.9427826404571533
0.7540401220321655
0.7782914638519287
0.9026439189910889
0.8470481038093567
0.9603655934333801
0.8333761096000671
1.0
0.8368257880210876
0.701480507850647
0.9126433730125427
1.0
1.0
1.0
0.821071445941925
0.902341365814209
1.0
1.0
0.6757822036743164
0.6892090439796448
1.0
1.0
1.0
0.9344825148582458
0.6462863683700562
1.0
0.9710628986358643
0.7441922426223755
0.8692157864570618
1.0
0.7641909122467041
1.0
1.0
0.8536921143531799
0.9517714977264404
0.5552398562431335
0.7469081878662109
0.9450521469116211
0.9817843437194824
0.9428583383560181
0.9313127994537354
1.0
0.9498363733291626
0.7461849451065063
0.6995403170585632
0.9324814677238464
0.6638507843017578
1.0
0.7038466930389404
0.8415996432304382
0.9264371395111084
0.9221166372299194
0.7478266954421997
0.626265823841095
0.8645908236503601
0.9641816020011902
1.0
0.8899846076965332
0.7706186771392822
0.8509358763694763
1.0
1.0
0.9333239197731018
0.9480777978897095
0.8593975305557251
0.8324964642524719
0.7720184922218323
0.822354793548584
0.9008617401123047
0.847399115562439
0.9008617401123047
1.0
0.8338516354560852
0.7762887477874756
0.7507774829864502
0.8338516354560852
1.0
1.0
0.8837947249412537
1.0
0.9557597041130066
0.9396558403968811
0.6534542441368103
0.6983442306518555
0.6826151013374329
0.847670316696167
0.8511010408401489
0.9249866008758545
1.0
0.9539676904678345
1.0
0.939237654209137
0.7641909122467041
1.0
0.9195764064788818
1.0
0.8513838052749634
0.5320230722427368
0.9035650491714478
0.7757813930511475
1.0
1.0
0.7325528860092163
0.8851048946380615
0.8851048946380615
0.916218101978302
0.6945635080337524
0.9244309663772583
0.8466438055038452
0.6536494493484497
0.7492703199386597
1.0
0.7540401220321655
0.6680289506912231
1.0
0.8910205364227295
0.920194685459137
0.8292423486709595
0.9762719869613647
1.0
0.9570608139038086
0.9102572202682495
0.9392216801643372
0.8861660361289978
0.6311360597610474
0.7700325846672058
0.638255774974823
0.9294988512992859
0.8984216451644897
1.0
0.8783243894577026
0.8783243894577026
0.546616792678833
0.8596398830413818
0.8209862112998962
1.0
1.0
0.8849828243255615
0.8768701553344727
1.0
0.4595666825771332
0.7891228199005127
1.0
0.5260047912597656
0.7727380990982056
1.0
0.9015330672264099
1.0
1.0
0.9365978240966797
0.9450521469116211
0.9009586572647095
0.7641909122467041
0.8865655064582825
0.9463151693344116
0.8481519818305969
0.6519206166267395
0.8659948706626892
1.0
0.7783799767494202
0.9305849671363831
0.839729905128479
0.6986926198005676
0.8470288515090942
1.0
1.0
1.0
0.7538852095603943
0.7641909122467041
0.9523038864135742
0.9558668732643127
0.9033488631248474
1.0
0.9517714977264404
0.7828015089035034
1.0
1.0
0.7176021337509155
0.7122687101364136
0.8972398042678833
0.8851315379142761
1.0
0.8003057241439819
0.8845211267471313
0.8477477431297302
0.9559893608093262
0.9544647336006165
0.9737491607666016
0.9645906686782837
0.7075060606002808
0.7609182596206665
0.7549145817756653
0.9204025268554688
0.6820295453071594
0.5728684663772583
0.9277731776237488
0.8778815865516663
0.622009813785553
0.9293868541717529
0.9250181317329407
0.9294988512992859
0.680391252040863
0.9450521469116211
1.0
0.6787000894546509
1.0
0.9372895956039429
0.7701647877693176
0.6558758020401001
0.41894328594207764
0.6504760980606079
0.6341010332107544
0.8536921143531799
1.0
1.0
0.9517714977264404
0.8525130152702332
0.8547682166099548
0.75084388256073
0.7808607220649719
0.7211259603500366
0.7576430439949036
0.7351392507553101
1.0
0.9118040204048157
0.8933893442153931
0.9491425156593323
0.8531403541564941
0.7535431981086731
0.8027823567390442
0.9495457410812378
0.7841335535049438
0.6825409531593323
0.9115250110626221
0.9111518263816833
0.8541763424873352
0.7636808156967163
0.8217703700065613
0.8643108010292053
0.9481267929077148
0.905860424041748
0.9414169788360596
0.840628981590271
0.5235581994056702
0.7663354873657227
0.827828049659729
0.910010814666748
0.9399546384811401
0.938606858253479
0.7540401220321655
0.8925386071205139
0.8346713185310364
0.7725870013237
0.9035650491714478
0.6563500165939331
1.0
0.8827303647994995
0.7909849286079407
0.9019670486450195
0.8217669725418091
0.9365978240966797
0.800000011920929
0.8974182605743408
0.9396558403968811
0.6563500165939331
0.8884190320968628
0.9333949089050293
0.9230540990829468
0.8126085996627808
0.5328518748283386
0.5328518748283386
0.549986720085144
0.756934642791748
0.6738861203193665
0.5423781871795654
0.6801226139068604
0.827195405960083
0.8790634870529175
0.9221216440200806
0.9695999026298523
0.7506152391433716
0.8134818077087402
1.0
0.6599443554878235
0.6375353336334229
0.7723231315612793
0.6608558297157288
0.891022801399231
1.0
0.899872362613678
0.9057018756866455
0.7605074048042297
0.7570170164108276
0.8330556750297546
0.7598739266395569
0.9157441854476929
0.8076728582382202
0.7783907651901245
0.6963054537773132
0.843748152256012
0.7160078287124634
0.9039607644081116
0.8643742799758911
0.8953998684883118
1.0
0.9141888618469238
1.0
0.860248863697052
0.6916155219078064
0.48770949244499207
0.45466330647468567
0.9216030240058899
0.4570382833480835
0.847670316696167
0.6008179187774658
0.8320307731628418
0.4098176658153534
0.39965400099754333
0.7157431244850159
0.8424710035324097
0.9294988512992859
0.7844387292861938
0.7321091294288635
0.6709821224212646
0.6717721819877625
0.8606348037719727
0.6789897084236145
0.8860025405883789
0.5368975400924683
0.8594239354133606
0.9533823132514954
1.0
0.8509398102760315
0.9328256845474243
0.7864124178886414
0.5780692100524902
0.6327500343322754
1.0
0.6623149514198303
0.5166559815406799
0.843146026134491
0.9509835243225098
1.0
0.8088393211364746
0.9229801893234253
0.7335150241851807
0.8527695536613464
0.9248466491699219
1.0
0.8598636984825134
0.6952483057975769
0.9407077431678772
0.882116973400116
1.0
0.9177829623222351
0.8995611667633057
0.6696593761444092
0.9478539824485779
0.9550776481628418
0.9372895956039429
0.8965003490447998
0.7575109601020813
1.0
0.7277557849884033
1.0
0.8070518970489502
0.771552562713623
0.82563316822052
0.4350496828556061
0.6351468563079834
0.8996455669403076
0.563785970211029
0.48313674330711365
1.0
0.9539676904678345
0.8993024826049805
1.0
0.7605991363525391
0.8997784852981567
0.6665651798248291
1.0
0.9281483888626099
0.8974354267120361
0.9854447841644287
0.9315194487571716
0.6770666241645813
0.8949571251869202
0.7912771105766296
0.9273470640182495
0.8143656253814697
0.8337068557739258
0.5516859889030457
0.5650960206985474
0.7633092403411865
0.5609782934188843
0.7993605136871338
0.5137590169906616
0.9089721441268921
0.7212302684783936
0.9443701505661011
0.9148424863815308
0.8885091543197632
0.94985032081604
0.9291628003120422
0.9316146969795227
0.9081690907478333
0.8351539373397827
0.6469875574111938
0.8061807751655579
0.8850064873695374
0.8924960494041443
0.8134229183197021
0.9221166372299194
0.7692726850509644
0.5769496560096741
0.8494135737419128
0.6231002807617188
0.7138733863830566
0.7326266765594482
0.9646071195602417
0.7045931816101074
0.8123787641525269
0.5330542922019958
0.5430147051811218
0.9732811450958252
0.9457418322563171
0.48140770196914673
0.7835385799407959
0.9316628575325012
0.9532334804534912
0.8748510479927063
1.0
0.6490819454193115
0.7639786601066589
0.8979442715644836
0.5228858590126038
0.828183650970459
0.5022798180580139
0.5408976674079895
0.6504851579666138
0.7269664406776428
1.0
0.8877373337745667
1.0
0.7554123997688293
0.9324814677238464
0.9752788543701172
0.8663338422775269
1.0
0.5932910442352295
0.8904619216918945
0.7579267621040344
0.808112621307373
0.8334688544273376
0.5840580463409424
0.56360924243927
0.9318984150886536
0.891788125038147
0.9115250110626221
0.7473045587539673
0.8622043132781982
0.795047402381897
0.8438355326652527
0.3807583451271057
0.5863817930221558
0.6961957812309265
0.7587361931800842
0.7619467973709106
0.8100387454032898
0.9221326112747192
0.7666489481925964
0.8811672329902649
0.824583888053894
1.0
0.7590616345405579
0.5613353848457336
0.5539373755455017
0.6973223686218262
0.8142209649085999
0.6181167364120483
0.6116094589233398
0.7224963903427124
0.7918521761894226
0.8034817576408386
0.8045108318328857
0.7709339261054993
0.6117830872535706
0.7314938306808472
0.7538836598396301
0.5916773080825806
0.877944827079773
0.6484906077384949
0.8982676267623901
0.5914372801780701
0.5925825238227844
0.7932554483413696
0.85591059923172
0.4975716769695282
0.7537916302680969
0.7161005139350891
0.6642318964004517
0.8171160221099854
0.7831144332885742
0.5111986398696899
0.7640664577484131
0.964164137840271
0.7223909497261047
0.7671006917953491
0.6331384181976318
0.9115181565284729
0.7541875243186951
0.7817011475563049
0.8938842415809631
0.7211247086524963
1.0
0.589745283126831
0.8689363598823547
0.9035052061080933
0.9115250110626221
0.6097860336303711
0.9591816067695618
1.0
1.0
0.7714980840682983
0.8114832639694214
0.5780836343765259
0.8628204464912415
0.7603155374526978
0.917222261428833
0.9805073738098145
0.7014619708061218
0.7164075970649719
0.4744354486465454
0.8209972977638245
0.6347765326499939
0.7512158751487732
0.9030327796936035
0.42841392755508423
0.5075492858886719
0.67571622133255
0.6621847152709961
0.8832120895385742
0.9082223773002625
0.860142707824707
0.6856858730316162
0.6939274072647095
0.7643507122993469
0.6964001655578613
0.746749758720398
0.7395541071891785
0.7969403266906738
0.7190371751785278
0.8932245969772339
0.4906890094280243
0.551963746547699
0.9608317017555237
0.7913041710853577
0.36441338062286377
0.7246630191802979
0.6814916133880615
0.8654865026473999
0.6411875486373901
0.7365562915802002
0.8210840225219727
0.8964229226112366
0.9657875299453735
0.5428065657615662
0.742872416973114
0.5121020078659058
0.5633746981620789
0.5887975692749023
0.8552453517913818
0.6334010362625122
0.8276705741882324
0.7116944789886475
0.5737237334251404
0.7181648015975952
0.7321726679801941
0.6066336631774902
0.614378809928894
0.9427826404571533
0.6994109749794006
0.792214572429657
0.7516730427742004
0.7952237725257874
0.9699236750602722
0.8690283298492432
0.8890568017959595
0.8246812224388123
0.8128136396408081
0.6247516870498657
0.7016974687576294
0.5822268128395081
0.5408487915992737
0.5490789413452148
0.8007449507713318
0.7519763112068176
0.8488678932189941
0.917206346988678
0.9453498125076294
0.49271219968795776
0.9138487577438354
0.8024803400039673
0.5167890191078186
0.9331070780754089
0.7723987102508545
0.7606910467147827
0.8647906184196472
1.0
0.8237139582633972
0.92112135887146
0.6520571708679199
0.6584783792495728
0.8255153298377991
1.0
0.8814725279808044
0.8445395231246948
0.9408264756202698
0.8738936185836792
1.0
0.7310256361961365
0.8316230773925781
0.906409502029419
0.9011461138725281
0.7803123593330383
0.6089863777160645
0.8959606885910034
0.538678765296936
0.34023916721343994
0.7310556769371033
0.5527384281158447
0.7260114550590515
0.6591658592224121
0.5641294121742249
0.676077127456665
0.7207520008087158
0.8061100244522095
0.7767562866210938
0.8553571105003357
0.7172024250030518
0.6155889630317688
0.9416180849075317
0.6975141763687134
0.5345841646194458
0.8019548058509827
0.6541352272033691
0.9245710372924805
0.6563910245895386
0.4377163052558899
0.8412588834762573
0.880817174911499
0.6744401454925537
0.8592274188995361
0.7198212742805481
0.922501802444458
0.6280460953712463
0.7423701286315918
0.7249547243118286
0.655035138130188
0.621587872505188
0.5479403734207153
0.6346615552902222
0.7304254174232483
0.8884175419807434
0.5840802192687988
0.5826470255851746
0.8999057412147522
0.5489349365234375
0.7160292267799377
0.7927022576332092
0.7027626037597656
0.5570290088653564
0.7741333246231079
0.7349960803985596
0.8454266786575317
0.7718232274055481
0.5842612385749817
0.6416934132575989
0.6456559300422668
0.6952300667762756
1.0
0.9356909990310669
0.9535395503044128
0.8615685701370239
0.7138999700546265
0.600460410118103
0.6666581630706787
0.5866837501525879
0.7694675922393799
0.41090917587280273
0.6905051469802856
0.47503146529197693
0.765308141708374
0.8205487132072449
