0.9796621203422546
1.0
0.8056414723396301
0.9971200227737427
0.9469883441925049
0.9171823859214783
0.9288073778152466
0.8574663996696472
1.0
0.9761746525764465
1.0
0.7520570755004883
1.0
0.9834008812904358
0.9948252439498901
0.8447367548942566
1.0
0.9665226936340332
1.0
0.9563125371932983
0.9403702616691589
0.9528667330741882
0.9694212079048157
0.8791629076004028
1.0
0.9702468514442444
1.0
0.9905928373336792
1.0
0.783423662185669
0.8447367548942566
0.8042026162147522
0.952695906162262
0.8447367548942566
1.0
0.9868859052658081
0.8502612709999084
0.9315114617347717
1.0
1.0
1.0
0.7847838401794434
0.8294214606285095
0.9702468514442444
0.9702468514442444
0.9702468514442444
0.9762846231460571
0.9762846231460571
0.9702468514442444
0.9702468514442444
0.9729852676391602
0.911526083946228
0.9835373163223267
0.9952389597892761
1.0
0.8222813010215759
0.9733625054359436
0.8202768564224243
0.7887738347053528
0.9662938714027405
0.8978968262672424
0.9752431511878967
0.7832704186439514
1.0
0.8241620659828186
0.7951228022575378
0.9522817730903625
1.0
0.5187831521034241
0.9883368611335754
0.9013848304748535
0.9575619697570801
1.0
1.0
0.7427530288696289
0.8114420175552368
0.9689776301383972
0.9911152124404907
0.7909172177314758
0.9593715667724609
0.6487670540809631
0.721956729888916
0.9904874563217163
0.8448726534843445
0.9521217942237854
0.9881948232650757
0.8462765216827393
1.0
0.9718906879425049
0.9458679556846619
0.9861735701560974
0.8022711277008057
0.8486769199371338
0.9748718738555908
0.9870398044586182
0.935173749923706
0.9721060991287231
1.0
0.8493236899375916
0.6416639685630798
0.8137990832328796
0.9650497436523438
0.5853999853134155
0.9927637577056885
0.8266268372535706
0.6993030905723572
0.9631416201591492
0.9558427929878235
0.5467684864997864
0.6110926270484924
0.9055638909339905
0.9844074845314026
0.9723771214485168
0.9801027774810791
0.864594578742981
0.9730265140533447
1.0
1.0
0.9514980316162109
0.9824401140213013
0.9103939533233643
0.8943468332290649
0.8309252262115479
0.9212260246276855
0.9604922533035278
0.9323673248291016
0.9604922533035278
0.7582063674926758
0.8928510546684265
0.904303789138794
0.8428778648376465
0.8928510546684265
1.0
0.989402711391449
0.9507626891136169
0.925334095954895
0.9678097367286682
0.9702468514442444
0.7910542488098145
0.8374019265174866
0.8180414438247681
0.8446664214134216
0.9626975059509277
0.9855497479438782
0.9705892205238342
0.9838552474975586
0.9783468842506409
0.9856941103935242
0.8279985785484314
0.9783468842506409
0.9407262206077576
1.0
0.9329491853713989
0.5380464196205139
0.9500993490219116
0.856602668762207
1.0
1.0
0.9305326342582703
0.9302956461906433
0.9302956461906433
0.969262957572937
0.8205748200416565
0.9371363520622253
0.87769615650177
0.7781683802604675
0.8203130960464478
1.0
0.8451409339904785
0.8022922277450562
0.9547403454780579
0.9163910746574402
0.9415400624275208
0.935407817363739
0.9450307488441467
1.0
0.9832900166511536
0.9548277258872986
0.9811710715293884
0.8521624803543091
0.6905501484870911
0.8185443878173828
0.7480411529541016
0.9700833559036255
0.9434615969657898
0.7037292122840881
0.9468011260032654
0.9468011260032654
0.6419752240180969
0.9005125761032104
0.7058104872703552
0.8767737746238708
0.9450781941413879
0.930824339389801
0.9334675073623657
0.9649372696876526
0.6174207925796509
0.8818919658660889
0.9704855680465698
0.5601877570152283
0.8365576267242432
0.9144517779350281
0.9626478552818298
0.9917698502540588
1.0
0.9723208546638489
0.9748718738555908
0.9498951435089111
0.857605516910553
0.9342683553695679
0.9688337445259094
0.8399622440338135
0.8025145530700684
0.9526461362838745
1.0
0.8816083073616028
0.9643796682357788
0.928173303604126
0.7192250490188599
0.926647961139679
0.9886148571968079
0.9834882616996765
0.960145890712738
0.8133038282394409
0.8574663996696472
0.9868479371070862
0.994805634021759
0.9151166677474976
0.9267685413360596
0.9768520593643188
0.8757876753807068
0.9725260138511658
0.955535888671875
0.7406764626502991
0.8184006214141846
0.9684685468673706
0.95271235704422
0.952123761177063
0.9641994833946228
0.9105570316314697
0.8822214603424072
0.9735559225082397
0.8779846429824829
0.9187673926353455
0.9832838773727417
0.7998021245002747
0.6786356568336487
0.8131517767906189
0.8811953067779541
0.606083333492279
0.5598169565200806
0.8639246821403503
0.958229124546051
0.6648148894309998
0.9696147441864014
0.9650911092758179
0.883952260017395
0.6775934100151062
0.8900197744369507
0.9868859052658081
0.921268880367279
0.7040672898292542
0.9620617032051086
0.8828558921813965
0.7223452925682068
0.4417220652103424
0.7256028652191162
0.5856698155403137
0.9238423109054565
0.9539082050323486
0.9693841934204102
0.9747357964515686
0.9101797938346863
0.9326618313789368
0.8447367548942566
0.8923323154449463
0.8191914558410645
0.8063843846321106
0.8446123600006104
0.9926427602767944
0.8927081227302551
0.958797812461853
0.9707497954368591
0.7193222641944885
0.9009243249893188
0.936129093170166
0.9835990071296692
0.7703953385353088
0.7073389291763306
0.8862263560295105
0.9586712718009949
0.9451313614845276
0.43736371397972107
0.9181327819824219
0.9195931553840637
0.967036247253418
0.5791558623313904
0.9323599338531494
0.8324121832847595
0.6587857007980347
0.8414453268051147
0.8196045756340027
0.9766443371772766
0.9337702393531799
0.8483911752700806
0.7950506210327148
0.9077885150909424
0.8982235193252563
0.8210122585296631
0.9203588366508484
0.7606409192085266
0.9081879258155823
0.5199289321899414
0.7673571109771729
0.8487755656242371
0.890801191329956
0.9518480896949768
0.6528849005699158
0.9494348764419556
0.9702468514442444
0.7606409192085266
0.8854432702064514
0.8871678113937378
0.9271689057350159
0.7469648718833923
0.5335952639579773
0.5335952639579773
0.6625036001205444
0.8727400898933411
0.6990264058113098
0.7024819850921631
0.7823882699012756
0.9595379829406738
0.9448306560516357
0.9596397876739502
0.9601368308067322
0.7554569244384766
0.9084438681602478
0.9335236549377441
0.7765318751335144
0.7826552987098694
0.8018036484718323
0.7888088226318359
0.9164371490478516
0.9227085113525391
0.9452372193336487
0.9902340769767761
0.844102680683136
0.8608692288398743
0.8535811901092529
0.7804906964302063
0.9571278095245361
0.9249902367591858
0.7949854731559753
0.6896291375160217
0.9262787103652954
0.7427964210510254
0.9312975406646729
0.7347720861434937
0.7381541132926941
0.5268844962120056
0.8553771376609802
0.9783468842506409
0.9477359056472778
0.7832990884780884
0.6655689477920532
0.4856662452220917
0.7441254258155823
0.6194654107093811
0.8446664214134216
0.731026291847229
0.6493647694587708
0.3971189558506012
0.48569998145103455
0.7957562804222107
0.8568822741508484
0.9700833559036255
0.8973660469055176
0.7972964644432068
0.8042283058166504
0.8019601106643677
0.8742204308509827
0.6288760304450989
0.929676353931427
0.6389120221138
0.8665689826011658
0.9665580987930298
0.9424883127212524
0.8436230421066284
0.958622932434082
0.894670307636261
0.6685208678245544
0.6822248101234436
0.9792382121086121
0.5772050023078918
0.3611615002155304
0.9381893277168274
0.9415232539176941
0.9514525532722473
0.9094948768615723
0.8621667623519897
0.7980025410652161
0.9488598704338074
0.9465128779411316
0.7666343450546265
0.7482572197914124
0.37943899631500244
0.9647994637489319
0.8639956116676331
0.9611252546310425
0.9764031171798706
0.8589782118797302
0.7814101576805115
0.9681693911552429
0.7248972654342651
0.9546601176261902
0.8535779118537903
0.8473890423774719
0.9858372807502747
0.8264456987380981
0.795009195804596
0.8802046179771423
0.7470347881317139
0.8344997763633728
0.4679425060749054
0.5316669940948486
0.8834069967269897
0.6174291372299194
0.554658055305481
0.9382593631744385
0.9487954378128052
0.9251127243041992
0.970505952835083
0.6695600748062134
0.9428461194038391
0.5457859039306641
0.9309864044189453
0.9802125096321106
0.965146541595459
0.9633873701095581
0.9744731783866882
0.7866307497024536
0.8482627272605896
0.8495162129402161
0.9553250074386597
0.9186303019523621
0.9013757109642029
0.5333247780799866
0.6973162889480591
0.7961030602455139
0.6908267140388489
0.8019749522209167
0.5532486438751221
0.8835219144821167
0.8766237497329712
0.9566556215286255
0.9776874780654907
0.9332643151283264
0.9614859819412231
0.7245680689811707
0.9015282988548279
0.953393280506134
0.9266484379768372
0.7732145190238953
0.9164852499961853
0.9464879631996155
0.9191958904266357
0.7788679599761963
0.8194172978401184
0.7896193861961365
0.7825807332992554
0.7568075656890869
0.43694746494293213
0.7447465062141418
0.8773618340492249
0.9446850419044495
0.6653852462768555
0.8587852716445923
0.6724069714546204
0.5830646753311157
0.6768539547920227
0.9641044735908508
0.599664568901062
0.762444257736206
0.8697891235351562
0.9602057337760925
0.830964207649231
0.9648193717002869
0.7813641428947449
0.8517594337463379
0.8686574697494507
0.5991710424423218
0.9389877915382385
0.5183084607124329
0.27071771025657654
0.6715309619903564
0.8162451982498169
0.9575454592704773
0.9143972396850586
0.8638744950294495
0.8160009384155273
0.7257485389709473
0.959129273891449
0.888399064540863
0.9570791125297546
0.5612196326255798
0.9169459342956543
0.8293940424919128
0.840587317943573
0.9097651243209839
0.5349734425544739
0.4809742867946625
0.9130199551582336
0.6673536896705627
0.7335919141769409
0.8012474179267883
0.9009624123573303
0.7775828838348389
0.895590603351593
0.384894996881485
0.5253920555114746
0.28298696875572205
0.6905078887939453
0.5291798710823059
0.8900009393692017
0.5689733624458313
0.891093373298645
0.7796268463134766
0.7329128384590149
0.9711748957633972
0.9063035845756531
0.5460769534111023
0.7692281007766724
0.8509645462036133
0.9261441230773926
0.5052834153175354
0.5989366173744202
0.8233750462532043
0.857593297958374
0.861038088798523
0.8418528437614441
0.7160704135894775
0.7521710991859436
0.4037441313266754
0.8713849186897278
0.7131909728050232
0.5146268606185913
0.7230075597763062
0.9509879350662231
0.7356712818145752
0.6847391724586487
0.8664894700050354
0.8611717820167542
0.5998769998550415
0.6927628517150879
0.749709963798523
0.6213892102241516
0.8448670506477356
0.7840125560760498
0.6512358784675598
0.7973189949989319
0.9205732941627502
0.36253345012664795
0.42579954862594604
0.5030879378318787
0.9659208059310913
0.7838919758796692
0.9059950709342957
0.7651326656341553
0.5965049862861633
0.9655367136001587
0.7441638708114624
0.9241939783096313
0.8192315101623535
0.8862263560295105
0.5867418646812439
0.8763619065284729
0.9440231919288635
0.9939337372779846
0.8400730490684509
0.8735315799713135
0.5456597208976746
0.9408916234970093
0.816411018371582
0.955521821975708
0.8396900296211243
0.7641848921775818
0.8550530076026917
0.6444826126098633
0.7361710667610168
0.5824151039123535
0.7554709315299988
0.9352613091468811
0.5345264673233032
0.5138962268829346
0.7720616459846497
0.7136958837509155
0.9303802847862244
0.9073427319526672
0.809878408908844
0.387411892414093
0.6816707253456116
0.8865708112716675
0.7068850994110107
0.9264692068099976
0.6842326521873474
0.606611430644989
0.7049674987792969
0.6421940922737122
0.4691964089870453
0.7492957711219788
0.9699625372886658
0.8581721186637878
0.48038098216056824
0.8538203239440918
0.6054630279541016
0.9345442652702332
0.6264285445213318
0.8449164628982544
0.916145384311676
0.6118587851524353
0.9918765425682068
0.6769813895225525
0.8301529884338379
0.3588516116142273
0.6416347622871399
0.7186729907989502
0.9475946426391602
0.5665353536605835
0.7658515572547913
0.7595623135566711
0.4531610906124115
0.8624142408370972
0.8621945977210999
0.6491872668266296
0.7327895760536194
0.8415750861167908
0.7152947783470154
0.8509483337402344
0.7319388389587402
0.8874700665473938
0.9690983295440674
0.9077319502830505
0.9505698680877686
0.8885956406593323
0.8660639524459839
0.7016575336456299
0.6853094100952148
0.7371663451194763
0.6857126355171204
0.5919318199157715
0.908353865146637
0.28261879086494446
0.5936663150787354
0.9212801456451416
0.9364665150642395
0.6651217341423035
0.9125756025314331
0.7767621278762817
0.6671539545059204
0.953917920589447
0.7573785185813904
0.7881733179092407
0.9621476531028748
0.9272624850273132
0.9240955114364624
0.8393141031265259
0.7180858254432678
0.7991713881492615
0.9471684694290161
0.6251922249794006
0.8639926910400391
0.7920339703559875
0.9378787279129028
0.7800517678260803
1.0
0.8160396814346313
0.9074311256408691
0.9555853605270386
0.9652854204177856
0.6962534785270691
0.708983838558197
0.8728672862052917
0.5680654048919678
0.21012651920318604
0.8015189170837402
0.5776994824409485
0.6150421500205994
0.8636767864227295
0.6673699617385864
0.7465271353721619
0.7491545677185059
0.8927587866783142
0.7771990895271301
0.7232107520103455
0.8192026615142822
0.8083651661872864
0.9739360213279724
0.7307040095329285
0.6439221501350403
0.7339585423469543
0.7748222351074219
0.8367885947227478
0.5285763740539551
0.12156669795513153
0.8565777540206909
0.971434473991394
0.7616192698478699
0.9467647671699524
0.5829628705978394
0.9658336639404297
0.49251413345336914
0.7993033528327942
0.6390575170516968
0.7662819027900696
0.7845830917358398
0.7279326915740967
0.539456844329834
0.8413244485855103
0.9252296686172485
0.6962401270866394
0.7067489624023438
0.6902573108673096
0.6727496385574341
0.780667781829834
0.6723942756652832
0.7994709610939026
0.6890588402748108
0.8599880337715149
0.7663537859916687
0.9388570189476013
0.8794360160827637
0.3159438967704773
0.6789239645004272
0.7572535872459412
0.7034026980400085
0.7535487413406372
0.8681536316871643
0.9743248224258423
0.9442980885505676
0.8038811683654785
0.768196702003479
0.6577000617980957
0.719537079334259
0.8293347954750061
0.33080968260765076
0.8288690447807312
0.4759463965892792
0.8524764776229858
0.7885923385620117
