0.9905962944030762
1.0
0.8056414723396301
0.9718236923217773
0.9732509255409241
0.9833431243896484
0.9739370346069336
0.9627630114555359
1.0
0.9870578646659851
1.0
0.9253002405166626
1.0
0.9979361891746521
0.9598560333251953
0.978613555431366
1.0
0.9807612299919128
1.0
0.940253496170044
0.9967739582061768
0.851503312587738
0.9922431707382202
1.0
1.0
0.998891294002533
1.0
0.9976370930671692
1.0
0.41888347268104553
0.978613555431366
0.9119232892990112
0.9901683330535889
0.978613555431366
1.0
0.8839793801307678
0.9608417749404907
0.9995504021644592
1.0
1.0
1.0
0.8835722208023071
0.6257938742637634
0.998891294002533
0.998891294002533
0.998891294002533
0.9993249177932739
0.9993249177932739
0.998891294002533
0.998891294002533
0.9992458820343018
0.9999940991401672
0.9936518669128418
0.9936493635177612
1.0
0.7631521821022034
0.9786696434020996
0.9892945885658264
0.9992967844009399
0.9749560952186584
0.9924310445785522
0.9208132028579712
0.9954418540000916
1.0
0.9773228764533997
0.6416563987731934
0.9988065361976624
1.0
0.9135938882827759
0.9953888058662415
0.8155537843704224
0.8039144277572632
1.0
1.0
0.9722207188606262
0.9606834650039673
0.9859534502029419
0.9929314255714417
0.9999950528144836
0.9959016442298889
0.8361435532569885
0.9999997615814209
0.9626712203025818
0.9802438020706177
0.9821747541427612
0.9992450475692749
0.952096164226532
1.0
0.5771540999412537
0.5692960619926453
0.9131059646606445
0.4234660565853119
0.993617832660675
0.9991706609725952
0.9843465089797974
0.807610034942627
0.983531653881073
1.0
0.9614070653915405
0.9479672908782959
0.9761554002761841
0.8650140166282654
0.746250331401825
0.992167055606842
0.960722029209137
0.9932081699371338
0.9998453855514526
0.9993248581886292
0.9982775449752808
0.8227439522743225
0.9993849992752075
0.9995319247245789
0.9535542130470276
0.9946203231811523
0.8298618793487549
0.9654609560966492
1.0
1.0
0.9227806925773621
0.9995824694633484
0.7195037007331848
0.6648534536361694
0.7894042730331421
0.6446670293807983
0.8019403219223022
0.6946943402290344
0.8019403219223022
0.9999991655349731
0.9952126145362854
0.9762088060379028
0.8243660926818848
0.9952126145362854
1.0
0.999967634677887
0.9333130121231079
0.9933321475982666
0.9993851184844971
0.998891294002533
0.8840194344520569
0.6323044896125793
0.5763018727302551
0.9925000071525574
0.9273203015327454
0.9991030693054199
0.9946189522743225
0.9789183139801025
0.996738612651825
0.9984934329986572
0.9597881436347961
0.996738612651825
0.9116287231445312
1.0
0.7029667496681213
0.8234977126121521
0.8927474021911621
0.9163530468940735
1.0
1.0
0.9998753070831299
0.8640993237495422
0.8640993237495422
0.9584795236587524
0.5609168410301208
0.9266141653060913
0.9966946840286255
0.6467891335487366
0.9814473390579224
1.0
0.7052385807037354
0.8585622906684875
0.9682962894439697
0.9832144379615784
0.9925923943519592
0.9653205275535583
0.9831101298332214
1.0
0.973387598991394
0.8241358399391174
0.9980254173278809
0.9713720083236694
0.9682343006134033
0.7044453620910645
0.9274960160255432
0.9989070892333984
0.999617338180542
0.9999988079071045
0.7567509412765503
0.7567509412765503
0.8354478478431702
0.7192621827125549
0.9253641963005066
0.9496096968650818
0.9266042113304138
0.9916051626205444
0.982764720916748
0.9999998211860657
0.7678404450416565
0.8613961935043335
0.9996365904808044
0.810468316078186
0.5464587211608887
0.9999999403953552
0.9545361995697021
0.9829729795455933
1.0
0.9949601888656616
0.9991706609725952
0.9869298934936523
0.9132792949676514
0.9886885285377502
0.9760115742683411
0.8349940776824951
0.6746750473976135
0.998794674873352
1.0
0.8710919618606567
0.9998685121536255
0.9984355568885803
0.9707694053649902
0.8738310933113098
0.9991253614425659
0.9944745302200317
0.9570486545562744
0.9703173637390137
0.9627630114555359
0.9754770398139954
0.994383692741394
0.8610188364982605
0.9999978542327881
0.9766454100608826
0.9717890024185181
0.9849274158477783
0.7430745959281921
0.9679732918739319
0.9622545838356018
0.985300600528717
0.9715996384620667
0.8251897692680359
0.9838390350341797
0.9689631462097168
0.9088104963302612
0.9001312851905823
0.9976630210876465
0.9690554141998291
0.9014773368835449
0.9591044783592224
0.7075433731079102
0.9997316598892212
0.9336774945259094
0.9777055978775024
0.6656227111816406
0.9648897647857666
0.988319993019104
0.7748858332633972
0.9630308151245117
0.9986802935600281
0.998906672000885
0.9385926127433777
0.9991710186004639
0.8839793801307678
0.7635403275489807
0.9771919846534729
0.9868208169937134
0.9792363047599792
0.8819678425788879
0.4394800662994385
0.91343092918396
0.9892156720161438
0.6750713586807251
0.8900742530822754
0.9998355507850647
0.9394456148147583
0.9716866612434387
0.999718964099884
0.978613555431366
0.9791707396507263
0.965412437915802
0.9089998602867126
0.7415634989738464
0.9995630383491516
0.9679585695266724
0.9721720814704895
0.9691095948219299
0.9990332126617432
0.9558890461921692
0.957900881767273
0.9989617466926575
0.9968103170394897
0.9014410376548767
0.933855414390564
0.9783480167388916
0.8673401474952698
0.7693626284599304
0.9678552746772766
0.8716827630996704
0.9691326022148132
0.966478705406189
0.9733452200889587
0.9434431195259094
0.7897586822509766
0.9739400148391724
0.9999898672103882
0.9732633829116821
0.9935710430145264
0.9975658655166626
0.7328853607177734
0.9853432774543762
0.956981897354126
0.993307888507843
0.8899539113044739
0.5527437329292297
0.9492909908294678
0.982210636138916
0.9848106503486633
0.8313376307487488
0.7701382040977478
0.9384676218032837
0.9999995827674866
0.923434853553772
0.998891294002533
0.5527437329292297
0.9234700202941895
0.9147477746009827
0.9957593083381653
0.492312490940094
0.7570230960845947
0.7570230960845947
0.9169724583625793
0.7789266705513
0.9734628796577454
0.7757436633110046
0.9643663167953491
0.9455810785293579
0.9097686409950256
0.9997153282165527
0.9902734160423279
0.7900719046592712
0.9477738738059998
0.9999999403953552
0.9389665126800537
0.5716227293014526
0.967646598815918
0.6634820699691772
0.9663890600204468
0.8969787955284119
0.9045891165733337
0.9651374816894531
0.9668305516242981
0.7655451893806458
0.9822283983230591
0.9842958450317383
0.9500059485435486
0.8424897193908691
0.9452815055847168
0.8053995966911316
0.8803325891494751
0.6368090510368347
0.9038097262382507
0.9162906408309937
0.9745559692382812
0.9920893907546997
0.7934644222259521
0.996738612651825
0.8575583696365356
0.9178722500801086
0.8475691676139832
0.6615767478942871
0.961596667766571
0.7665243148803711
0.9925000071525574
0.7768832445144653
0.8390214443206787
0.49202895164489746
0.5483308434486389
0.9260749816894531
0.9369977712631226
0.9989070892333984
0.9622968435287476
0.8382284045219421
0.960722029209137
0.8563438653945923
0.9970220923423767
0.9210069179534912
0.9575844407081604
0.7823091745376587
0.7215608358383179
0.9879179000854492
0.9421407580375671
0.9985485076904297
0.9770852327346802
0.966030478477478
0.8865896463394165
0.8046548962593079
0.9996439218521118
0.9126725196838379
0.8879647850990295
0.8489688634872437
0.8599712252616882
0.9453923106193542
0.9631382822990417
0.9229980111122131
0.9887018203735352
0.9504131078720093
0.9937687516212463
0.9212513566017151
0.9671629667282104
0.8182980418205261
0.9986006021499634
0.9268493056297302
0.9898977875709534
0.9872949123382568
0.9804187417030334
0.9411244988441467
0.9960692524909973
0.9775431752204895
0.9955735206604004
0.9950616359710693
0.6587897539138794
0.9935045838356018
0.9740987420082092
0.9889179468154907
0.8820343613624573
0.7417166233062744
0.9824532866477966
0.825701892375946
0.9756634831428528
0.7841816544532776
0.8867101669311523
0.8968634605407715
0.9800878167152405
0.8868067860603333
0.9879093766212463
0.9845770001411438
0.8761329054832458
0.8650780320167542
0.8214823007583618
0.939620852470398
0.9907617568969727
0.9045857191085815
0.9732153415679932
0.9763180613517761
0.8347675800323486
0.7830019593238831
0.8135133981704712
0.9833806753158569
0.9832187294960022
0.8853586316108704
0.8353948593139648
0.8594234585762024
0.8502414226531982
0.8025359511375427
0.9979071617126465
0.5573983192443848
0.986849844455719
0.9361907243728638
0.9790019989013672
0.9992110729217529
0.8967410326004028
0.9940609335899353
0.9456990957260132
0.8788508772850037
0.9441858530044556
0.9322288632392883
0.9812949299812317
0.7917686700820923
0.9901959896087646
0.9628241658210754
0.6674575805664062
0.9993235468864441
0.7825827598571777
0.714759111404419
0.8952139616012573
0.8587260842323303
0.8853818774223328
0.6847783327102661
0.9838429689407349
0.5931893587112427
0.839563250541687
0.8129965662956238
0.8343895673751831
0.9787993431091309
0.9735159873962402
0.8158069252967834
0.9998846650123596
0.8305176496505737
0.9479679465293884
0.9003797173500061
0.949514627456665
0.7373232841491699
0.8617703318595886
0.8381638526916504
0.799206018447876
0.9311168789863586
0.5321677923202515
0.7003655433654785
0.944335401058197
0.8756951093673706
0.9936488270759583
0.9555960893630981
0.891106903553009
0.8043875694274902
0.8662179708480835
0.8546882271766663
0.9200642108917236
0.8617841601371765
0.9799301624298096
0.7968026399612427
0.8467269539833069
0.9744722247123718
0.8638425469398499
0.8352630734443665
0.9365858435630798
0.976950466632843
0.966539740562439
0.9969983100891113
0.5246454477310181
0.8033514022827148
0.8548998832702637
0.874636173248291
0.8251874446868896
0.8447416424751282
0.9281061291694641
0.9876146912574768
0.9755730032920837
0.7876498103141785
0.9939185380935669
0.9814051389694214
0.8966707587242126
0.9183027744293213
0.9533357620239258
0.9070044755935669
0.9290090203285217
0.7969399690628052
0.9925104379653931
0.9713208675384521
0.9598358273506165
0.4799332022666931
0.8833025097846985
0.8946148157119751
0.9410868883132935
0.8206228017807007
0.8709807395935059
0.8384461402893066
0.7476029396057129
0.6024381518363953
0.8512719869613647
0.8748102188110352
0.7834051847457886
0.9888730049133301
0.8621198534965515
0.8370335698127747
0.7729929089546204
0.9821930527687073
0.6832216382026672
0.9839198589324951
0.9756001234054565
0.6804796457290649
0.989575982093811
0.6891288757324219
0.8000265955924988
0.704582154750824
0.8968990445137024
0.8649490475654602
0.9794948101043701
0.9386581778526306
0.9317368268966675
0.9486286044120789
0.8280242085456848
0.8774988651275635
0.9761093258857727
0.9907060265541077
0.8580971360206604
0.8895714282989502
0.9880229830741882
0.933855414390564
0.9699897170066833
0.9488705396652222
0.8760889172554016
0.993461549282074
0.8764060139656067
0.8676481246948242
0.9657882452011108
0.9650595784187317
0.9578972458839417
0.9992365837097168
0.9224905371665955
0.8502967953681946
0.9720986485481262
0.8428506851196289
0.8959131836891174
0.8348439931869507
0.995818018913269
0.9524932503700256
0.8759161233901978
0.7175356149673462
0.951469361782074
0.9167056679725647
0.8990959525108337
0.8550170660018921
0.933994710445404
0.8643641471862793
0.9707064628601074
0.8034898042678833
0.8081598877906799
0.9874586462974548
0.9116721749305725
0.869744598865509
0.911933422088623
0.9081031680107117
0.8506622910499573
0.8432324528694153
0.9097490906715393
0.9777184128761292
0.7316623330116272
0.824995756149292
0.8492604494094849
0.8658384680747986
0.7471762895584106
0.882072925567627
0.913449227809906
0.5938218235969543
0.9966822266578674
0.8034307956695557
0.8639031052589417
0.813957691192627
0.7842146158218384
0.7217927575111389
0.9367349147796631
0.41045525670051575
0.9804077744483948
0.8393024802207947
0.8059391975402832
0.8590103983879089
0.7959697842597961
0.847527265548706
0.8522422909736633
0.998151421546936
0.8119641542434692
0.8184484839439392
0.8579903244972229
0.8683928847312927
0.9227766394615173
0.9679388403892517
0.9545153975486755
0.836538553237915
0.8812459111213684
0.9007104635238647
0.8961926698684692
0.81523197889328
0.7765322923660278
0.3271302580833435
0.7369545698165894
0.9428374171257019
0.9952566623687744
0.9216297268867493
0.8817733526229858
0.6239913702011108
0.812920093536377
0.8987674117088318
0.7615429162979126
0.9211300611495972
0.8864338994026184
0.8249959349632263
0.9616642594337463
0.9323928952217102
0.9030284881591797
0.9460161924362183
0.8472523093223572
0.9013940095901489
0.9456169605255127
0.9999997615814209
0.96159428358078
0.8446625471115112
0.9010813236236572
0.9279643893241882
1.0
0.7390877604484558
0.8412718772888184
0.9299275279045105
0.9404787421226501
0.7594590783119202
0.8868175148963928
0.9303165078163147
0.7948580384254456
0.8499792218208313
0.8994499444961548
0.8197425007820129
0.5819554328918457
0.9746472239494324
0.8167620301246643
0.9467708468437195
0.8458611965179443
0.820677638053894
0.7305967211723328
0.9601085782051086
0.7199816703796387
0.8819500803947449
0.9524428844451904
0.4403134286403656
0.5508806109428406
0.9165484309196472
0.9563150405883789
0.9916332364082336
0.9064177870750427
0.6198136210441589
0.9811705946922302
0.9631732106208801
0.7807585597038269
0.964966356754303
0.9335727691650391
0.9530951380729675
0.9021671414375305
0.8976412415504456
0.9026830196380615
0.9266518354415894
0.7610360383987427
0.6671967506408691
0.85951828956604
0.8786121010780334
0.9354768395423889
0.8148464560508728
0.729736328125
0.9540181756019592
0.8011626601219177
0.8881626129150391
0.9026303887367249
0.7855467200279236
0.8149139285087585
0.7759604454040527
0.8831650018692017
0.9733268022537231
0.911283552646637
0.6825728416442871
0.894237220287323
0.8308258652687073
0.8967569470405579
0.9102902412414551
0.9638548493385315
0.9630388021469116
0.8834623098373413
0.44673335552215576
0.8617997765541077
0.9375635981559753
0.832499086856842
0.7671256065368652
0.7856590151786804
0.8607454895973206
0.8708033561706543
0.7622392177581787
0.9978112578392029
