0.100353
0.148936
0.294118
0.175214
0.250000
0.249521
0.269231
0.321429
0.253797
0.164371
0.185908
0.321429
0.253271
0.376294
0.226999
0.193221
0.163758
0.147563
0.163758
0.214286
0.151974
0.351114
0.173246
0.181077
0.235783
0.254759
0.345539
0.254759
0.302482
0.357460
0.157765
0.183503
0.192858
0.157765
0.319691
0.102618
0.304481
0.317809
0.269703
0.315263
0.290701
0.332177
0.168602
0.163498
0.163498
0.163498
0.163498
0.163498
0.163498
0.163498
0.213544
0.258751
0.150924
0.090412
0.375962
0.182139
0.298932
0.198216
0.420249
0.141884
0.268690
0.416617
0.363604
0.321599
0.283885
0.321429
0.305635
0.290701
0.105573
0.140398
0.310345
0.447948
0.333717
0.283885
0.384615
0.267059
0.226209
0.243213
0.206275
0.278592
0.294118
0.175042
0.343210
0.274759
0.350595
0.171407
0.264853
0.348661
0.433053
0.417314
0.288713
0.345346
0.282891
0.215535
0.258450
0.242802
0.265032
0.386059
0.247771
0.428409
0.193128
0.436398
0.279936
0.215328
0.272607
0.286067
0.157765
0.305978
0.427497
0.242967
0.319691
0.291155
0.218729
0.287604
0.401316
0.275118
0.249634
0.526635
0.214175
0.290701
0.400000
0.333333
0.600000
0.400000
0.466667
0.333333
0.466667
0.332986
0.392857
0.428571
0.423077
0.392857
0.305121
0.333748
0.309151
0.216150
0.257693
0.302482
0.251295
0.369938
0.384615
0.305635
0.400000
0.368324
0.171921
0.422982
0.145296
0.229471
0.325547
0.145296
0.316999
0.264233
0.513136
0.559614
0.514929
0.341719
0.470744
0.440497
0.391219
0.420934
0.420934
0.182139
0.386604
0.422650
0.274759
0.357942
0.422650
0.319691
0.237557
0.311383
0.177291
0.451613
0.278312
0.349797
0.311449
0.377624
0.297272
0.483602
0.183078
0.265032
0.363604
0.374695
0.407407
0.303689
0.189907
0.217376
0.483602
0.483602
0.499227
0.483602
0.276307
0.169113
0.188156
0.254130
0.317500
0.386604
0.418086
0.304818
0.206508
0.626899
0.283885
0.350481
0.392470
0.156339
0.425573
0.396119
0.317758
0.350066
0.535165
0.403441
0.268666
0.333333
0.295813
0.319455
0.460094
0.320634
0.550000
0.354503
0.504566
0.525307
0.287746
0.271348
0.311753
0.265153
0.531809
0.454455
0.369107
0.405960
0.490098
0.454455
0.508646
0.410232
0.529321
0.508646
0.433053
0.455669
0.479584
0.346641
0.592593
0.414460
0.330481
0.371413
0.319864
0.374864
0.411652
0.396119
0.529321
0.506229
0.499133
0.552477
0.317476
0.375489
0.541869
0.301620
0.343468
0.334250
0.422982
0.442548
0.272467
0.244741
0.434221
0.298666
0.498885
0.360864
0.419052
0.480000
0.479584
0.559648
0.395633
0.254644
0.491696
0.507236
0.368324
0.393522
0.552786
0.577318
0.373064
0.498042
0.422650
0.400671
0.447655
0.398662
0.406829
0.319691
0.373448
0.487652
0.485350
0.504566
0.457674
0.357942
0.498514
0.499681
0.624674
0.540427
0.497481
0.409674
0.459938
0.410232
0.410835
0.672673
0.490098
0.318006
0.420229
0.412780
0.409699
0.372946
0.365255
0.551457
0.533026
0.571155
0.479969
0.268075
0.429218
0.338024
0.582689
0.496419
0.461140
0.396751
0.529241
0.478328
0.476215
0.338562
0.575758
0.381930
0.316237
0.595855
0.595855
0.381716
0.463889
0.387328
0.659832
0.470850
0.564071
0.537969
0.490456
0.366700
0.427664
0.465162
0.422650
0.428207
0.450468
0.551457
0.413444
0.515456
0.206671
0.288488
0.371172
0.508696
0.560845
0.504926
0.455419
0.392183
0.518021
0.500000
0.581879
0.384615
0.616587
0.541169
0.737670
0.287671
0.336047
0.471729
0.427178
0.508696
0.547089
0.454455
0.733333
0.605880
0.548665
0.628846
0.566539
0.476215
0.535418
0.724759
0.543168
0.495475
0.531513
0.599404
0.698059
0.508090
0.508090
0.382669
0.560520
0.566426
0.514929
0.492907
0.300794
0.443962
0.579770
0.387263
0.537090
0.481481
0.578788
0.254644
0.592593
0.438510
0.620337
0.591752
0.475450
0.426195
0.441919
0.483602
0.410075
0.700000
0.528595
0.662488
0.417314
0.434315
0.337734
0.565943
0.528595
0.536033
0.680562
0.595480
0.503861
0.458998
0.559585
0.515800
0.524349
0.559648
0.609640
0.437746
0.493939
0.303068
0.702887
0.454455
0.569294
0.573599
0.804820
0.256662
0.356109
0.658435
0.377248
0.509010
0.529129
0.527047
0.415422
0.571616
0.581670
0.643113
0.516381
0.556581
0.627178
0.519110
0.444338
0.682989
0.442914
0.642629
0.498885
0.698059
0.535714
0.624846
0.521635
0.485656
0.512801
0.433529
0.757129
0.541169
0.540577
0.699331
0.474774
0.597626
0.452429
0.505098
0.592313
0.457918
0.599750
0.591070
0.632577
0.619307
0.559796
0.548174
0.648005
0.534760
0.550000
0.441783
0.743400
0.421116
0.737387
0.665633
0.330136
0.371029
0.609640
0.642629
0.378118
0.597800
0.558946
0.553891
0.598938
0.544158
0.678712
0.712787
0.492763
0.759228
0.752406
0.629375
0.773087
0.296121
0.650851
0.716527
0.725764
0.579916
0.447948
0.557508
0.326367
0.543789
0.555446
0.424819
0.514637
0.557373
0.740027
0.606892
0.390728
0.484239
0.418762
0.494924
0.395926
0.807121
0.455669
0.789181
0.724161
0.465478
0.601459
0.622036
0.458786
0.512308
0.559796
0.558855
0.539545
0.549194
0.582248
0.673363
0.594123
0.616518
0.620464
0.566426
0.592693
0.684162
0.629646
0.712981
0.616317
0.684736
0.561471
0.657619
0.590486
0.882421
0.650851
0.723974
0.422121
0.772571
0.684756
0.462413
0.451517
0.695710
0.537348
0.599108
0.673001
0.662773
0.506933
0.773129
0.623691
0.583484
0.683115
0.658638
0.873000
0.709043
0.755736
0.554565
0.562807
0.556187
0.527569
0.574976
0.529683
0.680858
0.698489
0.837838
0.493158
0.435340
0.722254
0.448692
0.559775
0.585356
0.692206
0.637897
0.563564
0.407333
0.616940
0.677251
0.726139
0.549623
0.662037
0.575030
0.632462
0.591752
0.795876
0.609276
0.717157
0.753219
0.558739
0.582971
0.773129
0.701519
0.788298
0.841223
0.525335
0.590486
0.699624
0.676971
0.764093
0.737555
0.751452
0.651845
0.688914
0.689655
0.609640
0.857052
0.546368
0.584239
0.836701
0.635515
0.694495
0.495495
0.737555
0.641431
0.843444
0.634852
0.575736
0.720960
0.576891
0.578650
0.475099
0.753436
0.826069
0.840281
0.682500
0.879904
0.522303
0.817426
0.855662
0.739125
0.677127
0.778837
0.786799
0.641791
0.444338
0.865995
0.737387
0.799960
0.609566
0.703092
0.717157
0.676425
0.507173
0.668256
0.476277
0.685373
0.781156
0.741801
0.866369
0.832016
0.664899
0.777075
0.664139
0.574983
0.607954
0.914797
0.679250
0.818432
0.783355
0.686409
0.610751
0.654967
0.814305
0.699035
0.530524
0.481524
0.825922
0.658879
0.665979
0.633662
0.685030
0.725247
0.755813
0.634852
0.663989
0.711325
0.809059
0.646991
0.694520
0.756222
0.817982
0.568669
0.600000
0.625878
0.663801
0.599778
0.667436
0.814423
0.666288
0.660533
0.558404
0.721649
0.581338
0.807121
0.838835
0.588235
0.761634
0.719944
0.895994
0.791987
0.592315
0.713554
0.722115
0.850596
0.742436
0.816613
0.729690
0.793165
0.910008
0.640789
0.754642
0.815698
0.634364
0.871302
0.695570
0.633943
0.587204
0.754974
0.822916
0.612853
0.510725
0.734457
0.823110
0.739377
0.531193
0.933773
0.355617
0.568669
0.759437
0.635068
0.764604
0.745848
0.774076
0.811555
0.851444
1.000000
0.792678
0.599680
0.799357
0.681818
