0.109129
0.198998
0.294118
0.213036
0.269231
0.259259
0.233333
0.305635
0.237557
0.244988
0.185908
0.421362
0.298138
0.402681
0.262135
0.193221
0.247382
0.239391
0.247382
0.250000
0.224758
0.405188
0.229471
0.192793
0.235783
0.254759
0.338931
0.263925
0.302482
0.427497
0.253610
0.265153
0.207406
0.253610
0.212274
0.114987
0.371172
0.367544
0.315263
0.315263
0.358059
0.445678
0.261451
0.276432
0.276432
0.276432
0.276432
0.276432
0.276432
0.276432
0.213544
0.258751
0.197154
0.106582
0.350481
0.287303
0.282863
0.287303
0.367544
0.209431
0.317500
0.351796
0.398959
0.321599
0.359487
0.399519
0.319455
0.344390
0.105573
0.148531
0.322581
0.447948
0.333717
0.331006
0.384615
0.355342
0.234160
0.257730
0.244071
0.282891
0.294118
0.233968
0.343210
0.390728
0.391966
0.190224
0.334867
0.331352
0.450875
0.417314
0.254759
0.411652
0.282891
0.254759
0.309118
0.233035
0.257678
0.406634
0.268288
0.428409
0.266667
0.436398
0.369804
0.249625
0.387628
0.302482
0.241902
0.305978
0.509284
0.351114
0.319691
0.332368
0.322261
0.295705
0.491452
0.360398
0.312164
0.526635
0.306046
0.318995
0.466667
0.333333
0.600000
0.400000
0.400000
0.466667
0.400000
0.342206
0.444063
0.481125
0.461538
0.444063
0.300146
0.318069
0.309151
0.226358
0.331847
0.333169
0.358059
0.439551
0.399519
0.319455
0.440000
0.454455
0.183503
0.418086
0.172167
0.262972
0.353607
0.172167
0.316999
0.264233
0.513136
0.634852
0.514929
0.431709
0.470744
0.440497
0.391219
0.534758
0.534758
0.255613
0.441709
0.457863
0.279423
0.374457
0.457863
0.355617
0.260307
0.438510
0.177291
0.516089
0.378034
0.414634
0.350058
0.413061
0.372428
0.483602
0.263430
0.257678
0.448323
0.374695
0.440000
0.260170
0.216651
0.273278
0.483602
0.483602
0.499227
0.483602
0.276307
0.188156
0.188156
0.288033
0.368636
0.332408
0.631963
0.304818
0.206508
0.587521
0.447948
0.386565
0.463944
0.156339
0.397536
0.380897
0.360398
0.350066
0.583975
0.457674
0.405299
0.370400
0.399519
0.319455
0.505087
0.404120
0.550000
0.386778
0.491696
0.622036
0.300146
0.296474
0.311753
0.265153
0.531707
0.509252
0.466886
0.437225
0.490098
0.450028
0.568545
0.402386
0.529321
0.529321
0.546443
0.421648
0.414631
0.363345
0.592593
0.425295
0.333891
0.458668
0.354026
0.421651
0.469277
0.489312
0.550177
0.506229
0.512492
0.621068
0.408480
0.466061
0.541869
0.375242
0.418086
0.395960
0.450073
0.508696
0.315263
0.297713
0.537090
0.292224
0.549306
0.405960
0.514637
0.520000
0.515519
0.519616
0.470762
0.254644
0.507634
0.431426
0.438510
0.507236
0.516954
0.578883
0.382353
0.544617
0.465478
0.448617
0.492639
0.464286
0.461184
0.400000
0.439950
0.451759
0.485350
0.504566
0.511906
0.374457
0.581879
0.541268
0.666377
0.638907
0.547733
0.431393
0.482068
0.447093
0.477024
0.724161
0.568545
0.348273
0.506229
0.438049
0.399700
0.409831
0.369938
0.534525
0.554331
0.555556
0.549306
0.268075
0.429218
0.448459
0.647059
0.527595
0.538120
0.439950
0.560612
0.565217
0.608325
0.360961
0.633129
0.560520
0.475109
0.711325
0.711325
0.490098
0.546368
0.564506
0.591752
0.529321
0.593133
0.587250
0.490456
0.375441
0.472954
0.581547
0.461140
0.591470
0.461140
0.576923
0.538462
0.515456
0.255636
0.303942
0.424242
0.562986
0.560845
0.504926
0.429218
0.429923
0.625834
0.545455
0.636364
0.545455
0.616587
0.587052
0.737670
0.414634
0.336047
0.506886
0.428167
0.562986
0.566539
0.744623
0.800000
0.605880
0.744159
0.614836
0.713749
0.597089
0.719100
0.841886
0.581237
0.523397
0.531513
0.599404
0.773545
0.547089
0.546443
0.407362
0.568947
0.620690
0.561643
0.549251
0.447282
0.443962
0.579770
0.381885
0.559648
0.598714
0.598390
0.273517
0.629630
0.571429
0.577110
0.671018
0.472954
0.452277
0.465478
0.515205
0.498507
0.700000
0.528595
0.643896
0.550927
0.415763
0.421648
0.541810
0.554706
0.511099
0.693838
0.637262
0.591752
0.512050
0.651991
0.550911
0.554434
0.538462
0.560845
0.502236
0.576413
0.433711
0.760000
0.471604
0.569294
0.626899
0.853615
0.289842
0.415435
0.707230
0.433861
0.554177
0.588242
0.582689
0.428560
0.549165
0.618615
0.675557
0.516381
0.630825
0.648618
0.609226
0.614450
0.682989
0.591470
0.714103
0.590054
0.735802
0.639712
0.616220
0.617308
0.537090
0.601801
0.491230
0.781143
0.558058
0.496633
0.732739
0.551724
0.597626
0.521481
0.560059
0.691393
0.574078
0.649781
0.591070
0.632577
0.684756
0.626998
0.661498
0.667436
0.599978
0.700000
0.507240
0.761855
0.489939
0.836044
0.721361
0.368414
0.545743
0.628132
0.678366
0.514286
0.660800
0.641111
0.594446
0.695211
0.635302
0.716346
0.840000
0.558953
0.795535
0.783355
0.678792
0.789462
0.346638
0.709337
0.769717
0.725764
0.579916
0.543975
0.557508
0.289664
0.649069
0.756025
0.535988
0.616790
0.582145
0.814305
0.629630
0.469209
0.541545
0.505948
0.563564
0.464484
0.840636
0.546443
0.802972
0.802972
0.647718
0.632116
0.653533
0.542135
0.590327
0.615258
0.609988
0.593390
0.615988
0.642997
0.766686
0.774626
0.642997
0.723974
0.599778
0.670044
0.781782
0.822046
0.760818
0.675345
0.708957
0.676425
0.706530
0.619048
0.960159
0.639881
0.861987
0.492907
0.835878
0.785440
0.513336
0.538434
0.772890
0.589182
0.599108
0.768927
0.724087
0.617029
0.859972
0.651845
0.644883
0.689241
0.646221
0.873000
0.773545
0.825426
0.693814
0.606821
0.564484
0.588698
0.698489
0.647262
0.695710
0.698489
0.815726
0.573004
0.422052
0.753115
0.528944
0.669388
0.644591
0.813184
0.731392
0.578883
0.510749
0.647668
0.677251
0.719024
0.665336
0.752917
0.610532
0.731538
0.703092
0.795876
0.599383
0.698489
0.710027
0.573759
0.632595
0.835867
0.731672
0.788298
0.849812
0.627896
0.618615
0.692206
0.676971
0.728640
0.782100
0.808337
0.651845
0.785577
0.714103
0.866593
0.821315
0.670086
0.795876
0.877526
0.635515
0.801238
0.394594
0.931959
0.798198
0.843444
0.771584
0.823223
0.859141
0.714169
0.622036
0.595939
0.718212
0.868410
0.865769
0.796347
0.919936
0.540427
0.866667
0.855662
0.813661
0.815572
0.767679
0.786799
0.659201
0.644665
0.870698
0.825922
0.754584
0.780306
0.844300
0.778837
0.744845
0.618968
0.668256
0.558020
0.730320
0.906648
0.741801
0.861325
0.908997
0.742230
0.783355
0.652502
0.647573
0.651515
0.914797
0.679250
0.875726
0.845254
0.743561
0.610751
0.666438
0.814305
0.658082
0.707647
0.517232
0.854809
0.767379
0.755051
0.686118
0.827071
0.874447
0.698732
0.764298
0.780029
0.704459
0.860246
0.697628
0.762405
0.833909
0.817982
0.735802
0.691303
0.674491
0.742778
0.741397
0.933990
0.811018
0.713961
0.778641
0.519616
0.770248
0.601274
0.845697
0.874564
0.553390
0.786166
0.769911
0.895994
0.826656
0.648967
0.689470
0.856201
0.905509
0.783467
0.798681
0.917428
0.896582
0.911404
0.685691
0.828816
0.885792
0.663183
0.933773
0.756733
0.618615
0.720384
0.874385
0.846859
0.784491
0.602747
0.777625
0.804936
0.826724
0.774009
0.955434
0.460437
0.597800
0.746815
0.540980
0.775603
0.717609
0.819578
0.805375
0.962861
1.000000
0.827484
0.875000
0.833188
0.772727
