0.571477
0.061878
0.149002
0.457829
0.211536
0.341653
0.145024
0.426603
0.120753
0.488160
0.089328
0.469754
0.071970
0.194738
0.305923
0.420150
0.046851
0.407574
0.046851
0.201246
0.207792
0.552863
0.153368
0.009485
0.031029
0.658796
0.203296
0.127722
0.080234
0.647171
0.333877
0.645734
0.503143
0.333877
0.063114
0.146942
0.533263
0.075353
0.126527
0.157651
0.063795
0.185193
0.081337
0.720908
0.720908
0.720908
0.822361
0.822361
0.720908
0.720908
0.186555
0.364068
0.235040
0.179575
0.036891
0.080539
0.240857
0.130270
0.604265
0.468957
0.319330
0.849762
0.316658
0.111298
0.429827
0.329559
0.435302
0.101517
0.035356
0.058247
0.280138
0.814517
0.041079
0.089043
0.409391
0.716802
0.359324
0.203387
0.082724
0.612844
0.436708
0.328684
0.494783
0.460051
0.256941
0.123853
0.458465
0.079276
0.625413
0.321131
0.678402
0.719772
0.313979
0.744219
0.211092
0.340366
0.290217
0.197495
0.030989
0.566359
0.382707
0.402250
0.282184
0.146149
0.810496
0.208885
0.376000
0.431215
0.245075
0.426641
0.578301
0.280735
0.123088
0.538110
0.408048
0.137829
0.160467
0.227073
0.608335
0.442022
0.824006
0.833488
0.866382
0.847400
0.777574
0.791508
0.777574
0.582838
0.406831
0.372303
0.310964
0.406831
0.029336
0.109005
0.538734
0.182883
0.859855
0.651105
0.585591
0.763769
0.765801
0.252224
0.321022
0.427165
0.224132
0.439138
0.057270
0.463805
0.548440
0.057270
0.401277
0.025172
0.911193
0.925208
0.818635
0.769995
0.120787
0.041340
0.387427
0.910486
0.910486
0.607495
0.972682
0.532440
0.171955
0.596468
0.166403
0.489263
0.028259
0.887553
0.115987
0.401111
0.381669
0.517203
0.302022
0.364138
0.508750
0.790632
0.583001
0.374971
0.718447
0.996055
0.329146
0.698770
0.659465
0.437159
0.790154
0.790154
0.955115
0.790782
0.040151
0.100385
0.208015
0.207997
0.603062
0.148509
0.912141
0.329254
0.249542
0.980714
0.757217
0.253797
0.456027
0.074577
0.116500
0.342325
0.755356
0.280683
0.323247
0.439605
0.620266
0.639429
0.698232
0.464834
0.219683
0.811381
0.165195
0.722415
0.536581
0.881334
0.162323
0.074557
0.281579
0.148953
0.545333
0.219128
0.405337
0.648689
0.624602
0.547721
0.239742
0.106089
0.507165
0.603982
0.890228
0.392063
0.442060
0.398639
0.227401
0.330574
0.099936
0.421452
0.322400
0.116992
0.263185
0.667025
0.476494
0.609282
0.300148
0.357554
0.291057
0.174969
0.489074
0.067977
0.705610
0.659276
0.722723
0.880960
0.746160
0.266534
0.981144
0.146817
0.345895
0.698148
0.767838
0.345887
0.870951
0.539243
0.153958
0.259814
0.447299
0.840286
0.534877
0.424202
0.547481
0.705424
0.342663
0.631886
0.913013
0.102859
0.389272
0.775510
0.330261
0.447985
0.422697
0.531422
0.781430
0.678939
0.203615
0.699660
0.788662
0.850247
0.779941
0.443240
0.331751
0.486706
0.467636
0.114658
0.347420
1.006017
0.594253
0.516257
0.645010
0.320003
0.556467
0.493185
0.327375
0.627080
0.496566
0.802993
0.960413
0.306529
0.314940
0.610554
0.933203
0.861440
0.491812
0.418679
0.711222
0.685326
0.943973
0.289341
0.428078
0.694113
0.886937
0.999547
0.999547
0.558696
0.753777
0.583199
0.989960
0.588705
0.722625
0.835884
0.462336
0.498563
0.242553
0.793589
0.109775
0.634934
0.977744
0.464003
0.693204
0.771815
0.069936
0.458063
0.272108
0.630928
0.876871
0.428301
0.323072
0.493052
0.666055
0.693199
0.966045
0.982463
0.973182
0.900909
0.359242
0.269853
0.085561
0.412088
0.303079
0.454950
0.425253
0.903668
0.995381
0.676178
0.999932
0.538149
0.961839
0.898320
0.982263
0.961579
0.657008
0.784317
0.750040
0.615981
0.978466
0.816867
0.735261
0.287548
0.835090
0.662280
0.994515
0.875518
0.131484
0.516133
0.465461
0.457392
0.666789
0.980465
0.838353
0.265679
0.545947
0.929458
0.932274
0.579460
0.262011
0.371967
0.262333
0.609690
0.506490
0.542192
0.286984
0.322905
0.842494
0.865665
0.368738
0.321597
0.364011
0.462094
0.230769
0.772751
0.403931
0.467607
0.362969
0.910749
0.171581
0.636108
0.534938
0.356178
0.883104
0.822788
1.009934
0.494200
0.868651
0.980104
0.985537
0.155087
0.562173
0.355794
0.108130
0.848879
0.504183
0.629543
0.254251
0.453003
0.529345
0.759587
0.246594
1.001481
0.755099
0.925281
0.697480
0.869998
0.800725
0.946070
0.983290
0.990938
1.012812
0.136313
0.954198
0.466150
0.649189
0.204672
0.551514
0.373402
0.546778
0.532250
0.378563
0.880589
0.775069
0.448749
0.938835
0.640110
0.802118
0.933055
0.879268
0.931728
0.668064
0.833220
0.980152
0.354987
0.843244
0.657690
0.957727
0.955273
0.985688
0.996580
0.680330
0.646106
1.011331
0.899099
0.694679
0.257219
0.775945
0.128637
0.639698
0.973135
0.857209
0.960271
0.348896
0.984979
0.507200
0.721137
0.779574
0.153969
0.200078
0.544046
0.947094
0.630147
0.337379
0.693161
0.160501
0.570997
0.931399
0.454593
0.704946
0.908930
0.995614
0.617038
0.705708
0.652177
0.396868
0.912372
0.427935
0.995726
0.904068
0.976788
0.982781
0.834626
0.623904
0.515557
0.685621
0.218315
0.756125
0.275183
0.739199
0.216223
0.811007
0.657376
1.018477
0.753228
0.709029
0.567926
0.986336
0.923240
0.844681
0.321282
0.802254
0.810683
0.989182
0.838710
0.884243
0.994917
0.339676
1.000949
0.501839
0.997162
0.949348
0.870427
0.871798
0.971127
0.264817
0.446109
0.951180
0.830723
1.008144
0.976491
0.945336
0.474073
0.521676
0.352779
0.808951
0.661138
0.943351
0.971011
0.556310
0.594844
0.378431
0.947992
0.919307
0.482273
0.884206
0.883538
0.598615
0.350794
0.242051
0.580976
0.484539
0.347603
0.913428
0.694008
0.486126
0.374051
0.789095
0.617542
0.971605
0.864072
0.955931
0.285658
0.593213
0.978743
1.000009
0.566245
0.970496
0.233517
0.846766
0.847536
0.954200
0.597998
0.905751
0.972693
0.412205
0.560037
1.016959
0.922246
0.604467
0.977868
0.956958
0.730122
0.573367
0.935908
1.008714
0.977223
0.885996
1.011382
0.983286
0.781532
0.926816
0.135558
0.989123
0.964110
1.027171
0.907748
0.980800
0.847122
0.926283
0.510574
0.751306
0.469487
0.633631
0.999714
1.006114
0.986949
0.417954
0.994781
0.986000
0.981596
1.012263
0.297443
0.627269
0.892862
0.951195
0.995847
0.996109
0.512425
0.978707
0.969959
0.989354
0.916911
0.413497
0.606781
0.782651
0.246016
0.982374
0.987098
0.994745
0.992845
0.768991
0.906195
0.959243
0.452934
0.237604
0.992410
0.955642
0.999517
0.970828
0.753061
0.529870
0.609260
0.955067
0.571444
0.271362
0.382136
0.943638
0.950884
0.762397
0.812376
0.955614
0.964554
0.638501
0.968019
0.956463
0.621592
1.010388
0.965615
0.569050
1.003996
0.979555
0.655127
0.972450
0.483635
0.609986
0.979713
0.967289
0.848326
1.018747
0.990639
0.480567
0.799709
0.712677
0.885954
0.989233
0.385510
0.656371
0.480568
0.430335
0.633796
0.486142
0.723349
0.996228
0.934056
0.417466
0.896065
0.972909
1.011834
0.698598
0.954456
0.970180
0.979030
0.270951
0.982635
0.985414
0.809093
0.651514
0.950547
0.979936
0.988893
0.909284
0.542868
0.614294
1.002602
0.964369
1.014463
0.240861
0.555694
0.596907
0.874777
0.757493
0.976915
0.603535
0.998412
0.998244
1.018115
0.973149
0.981964
0.953111
0.875937
