0.125525
0.251730
0.494819
0.197045
0.269703
0.386861
0.306625
0.346803
0.595480
0.172660
0.185908
0.349209
0.283885
0.487011
0.255613
0.245149
0.369874
0.031754
0.369874
0.199673
0.162468
0.354503
0.137338
0.340034
0.559041
0.242760
0.349989
0.267533
0.422650
0.477024
0.186511
0.206116
0.104021
0.186511
0.317809
0.133975
0.297853
0.366667
0.303642
0.428452
0.393220
0.585356
0.355342
0.078046
0.078046
0.078046
0.104021
0.104021
0.078046
0.078046
0.233968
0.481125
0.110243
0.133975
0.416667
0.641431
0.225403
0.228483
0.266201
0.287303
0.133333
0.253797
0.363854
0.352850
0.311753
0.403441
0.325547
0.462147
0.074180
0.133975
0.175042
0.300000
0.369407
0.400000
0.300087
0.436379
0.236237
0.318615
0.447948
0.192427
0.327327
0.283885
0.283911
0.402386
0.360864
0.216782
0.434084
0.547733
0.766450
0.445300
0.269703
0.573994
0.246222
0.276432
0.439888
0.154846
0.108298
0.705826
0.381930
0.291051
0.153673
0.359487
0.164496
0.348661
0.170485
0.262135
0.092515
0.263158
0.480385
0.279423
0.180108
0.480476
0.403715
0.157299
0.720492
0.316870
0.512050
0.419052
0.265783
0.355497
0.396977
0.422650
1.000000
0.477767
0.477767
0.416667
0.477767
0.373235
0.342624
0.387944
0.394594
0.342624
0.279423
0.254644
0.280000
0.360398
0.186511
0.256839
0.317809
0.552786
0.455669
0.240928
0.323877
0.457280
0.124624
0.390890
0.209431
0.212161
0.338307
0.209431
0.382939
0.133975
0.439551
0.811018
0.489690
0.313170
0.659793
0.643652
0.333333
0.500000
0.500000
0.058258
0.321599
0.331006
0.228483
0.654967
0.485504
0.266326
0.297041
0.331352
0.088315
0.393661
0.177049
0.407001
0.363604
0.496047
0.343512
0.422650
0.171429
0.131757
0.417818
0.357636
0.301703
0.274225
0.127918
0.329180
0.516506
0.516506
0.703500
0.435924
0.549165
0.152681
0.150792
0.331352
0.133975
0.558058
0.578363
0.307692
0.158375
0.781782
0.345346
0.460681
0.555556
0.310559
0.569294
0.480385
0.361085
0.238245
0.566139
0.332302
0.330106
0.276682
0.294976
0.250731
0.627322
0.393220
0.599901
0.411652
0.529321
0.728959
0.336047
0.298354
0.359487
0.244258
0.399901
0.447229
0.730931
0.672673
0.589609
0.412025
0.599837
0.313594
0.857143
0.384543
0.516506
0.433018
0.595855
0.499021
0.721793
0.463255
0.279512
0.406634
0.432055
0.409209
0.500000
0.329180
0.587521
0.614242
0.437225
0.488318
0.514637
0.289038
0.406127
0.198663
0.395633
0.373901
0.328016
0.382787
0.327786
0.308977
0.663664
0.247227
0.598522
0.250731
0.440983
0.308286
0.465478
0.463944
0.439888
0.308436
0.402386
0.466604
0.404120
0.362978
0.526635
0.490475
0.364915
0.642229
0.496885
0.413698
0.381446
0.517618
0.537750
0.336597
0.265153
0.635354
0.529208
0.403715
0.591752
0.351819
0.509010
0.689747
0.735094
0.502532
0.481125
0.434666
0.661938
0.452277
0.413061
0.757464
0.386861
0.410744
0.414460
0.334088
0.197045
0.364915
0.250000
0.552786
0.375000
0.487011
0.630200
0.307180
0.454455
0.435034
0.477767
0.328249
0.666667
0.600725
0.571826
0.554868
0.565878
0.395633
0.609132
0.381410
0.428452
0.654143
0.654143
0.195016
0.595423
0.446683
0.612702
0.500000
0.561471
0.590486
0.627806
0.527569
0.379495
0.325034
0.666667
0.325118
0.511906
0.492907
0.405188
0.505025
0.262072
0.446419
0.576595
0.413698
0.532293
0.352941
0.299860
0.506803
0.426461
0.360990
0.483815
0.329180
0.827938
0.663664
1.000000
0.335922
0.395633
0.554366
0.522110
1.000000
0.666151
0.715732
0.899496
0.533026
0.685030
0.741801
0.720492
0.558489
0.747139
0.444444
0.705882
0.453981
0.434084
0.496047
0.523269
0.331497
0.693664
0.342624
0.538310
0.512912
0.569294
0.547733
0.472496
0.541651
0.526950
0.343512
0.435712
0.603703
0.553337
0.360398
0.550000
0.512050
0.560000
0.736477
0.626899
0.490098
0.341249
0.549623
0.661938
0.564714
0.375962
0.682446
0.294118
0.287373
0.404317
0.464697
0.639820
0.386059
0.868694
0.694495
0.450468
0.565878
0.546391
0.452277
0.610510
0.403960
0.701858
0.670366
0.345670
0.377457
0.535242
0.461618
0.573599
0.839643
1.000000
0.312609
0.683772
0.959709
0.485697
0.428207
0.491696
0.713961
0.431465
0.431465
0.624265
0.747139
0.508048
0.913043
0.499630
0.449981
0.399755
0.660450
0.614242
0.730047
0.571826
0.866634
0.450000
0.699331
0.454545
0.632116
0.427922
0.477767
0.509010
0.801970
0.651845
0.852913
0.614663
0.481249
0.503861
0.402386
0.700428
0.518875
0.749360
0.675082
0.657619
0.583975
0.841886
0.403715
0.661938
0.454827
0.861987
0.590622
0.746454
0.561471
0.893400
0.802186
0.285100
0.571826
0.544267
0.688812
0.558274
1.000000
0.602477
0.456925
0.524239
0.532293
0.556240
0.773866
0.595855
0.686888
0.514338
0.543565
0.828450
0.415355
0.698732
0.840099
0.589208
0.533431
0.578668
0.606641
0.381653
0.329180
0.762829
0.537750
0.469277
0.440569
0.791486
0.514929
0.432633
0.568545
0.341447
0.250000
0.328493
0.869069
0.345346
0.879517
0.744845
0.514929
0.510021
0.537750
0.513336
0.795876
0.491294
0.724954
0.467057
0.667244
0.681858
0.583333
0.491696
0.567879
0.632935
0.580039
0.589609
0.575563
0.452414
0.874012
0.629375
0.685730
0.757464
0.863917
0.455051
0.931959
0.791667
1.000000
0.504566
0.833333
0.777778
0.346725
0.517195
0.694212
0.826795
0.741801
0.618615
0.618229
0.524349
0.846103
0.516506
0.675628
0.490867
0.654143
0.848814
0.636863
0.443802
0.567951
0.762405
0.585356
0.552786
0.514929
0.703826
0.629190
0.795876
0.897938
0.509010
0.305893
0.741801
0.497753
0.680511
0.923304
0.785577
0.684812
0.594904
0.471325
0.705882
0.608325
0.900000
0.732888
0.575082
0.595653
1.000000
0.372354
0.852913
0.570331
0.753436
0.490883
0.625673
0.521909
0.569669
0.478251
0.762829
0.689913
0.786502
0.598714
0.837912
0.781463
1.000000
0.776393
0.759808
0.622036
0.679156
0.722222
0.823223
0.764298
0.670017
0.794804
0.644591
0.709381
0.802614
0.769060
0.741801
0.850000
0.956967
0.781782
0.660317
0.771782
0.572040
0.721457
0.614663
0.902986
0.919936
1.000000
0.859972
0.919936
0.870359
0.858579
1.000000
0.763060
0.935450
0.807550
0.893400
0.575736
0.512912
0.826578
0.675345
0.624530
0.733267
0.646447
0.728036
0.776393
0.701858
0.941074
0.551789
0.795876
0.863917
0.724759
0.937006
1.000000
0.496503
0.790939
0.810742
0.548237
0.661938
0.826795
0.670927
0.901942
0.719024
0.523669
0.496885
0.920943
0.768875
0.626592
0.801483
0.701459
0.907252
0.850929
0.706920
0.735802
0.685653
0.884530
0.784242
0.776393
0.880743
0.461184
0.897582
0.703500
0.611710
0.619307
0.811392
0.700658
0.684756
0.788711
0.769429
0.742487
1.000000
0.749225
0.355497
0.775267
0.924622
0.877020
0.499306
0.795876
0.713961
0.594203
0.768927
0.896305
0.894591
0.824588
0.637950
0.652596
0.794804
0.860990
0.686118
0.906952
0.954356
0.653156
0.971828
0.646447
0.837302
0.859628
0.575563
1.000000
0.763475
0.683772
0.759808
0.799840
0.827867
0.673536
0.467052
0.723974
0.613499
0.791317
0.585356
0.902410
0.472954
0.611111
0.590803
0.667044
0.638039
0.436455
0.571254
1.000000
1.000000
0.893400
0.744391
0.783705
0.849244
0.857866
