0.139488
0.225950
0.302878
0.243974
0.286663
0.255756
0.273745
0.284851
0.182371
0.237112
0.214019
0.414283
0.312739
0.443617
0.288010
0.193942
0.239812
0.132086
0.239812
0.353242
0.188047
0.315513
0.230312
0.228108
0.327772
0.286827
0.353675
0.242573
0.305392
0.378408
0.220492
0.240435
0.286452
0.220492
0.331348
0.115088
0.301499
0.476820
0.430110
0.294547
0.464289
0.344084
0.245863
0.232636
0.232636
0.232636
0.215154
0.215154
0.232636
0.232636
0.235596
0.261077
0.154244
0.139039
0.435560
0.226712
0.251492
0.297158
0.396561
0.348706
0.350750
0.409279
0.505827
0.303487
0.285040
0.449251
0.258670
0.373537
0.099737
0.096543
0.395752
0.292500
0.355981
0.372032
0.413624
0.350116
0.300148
0.239368
0.257982
0.276314
0.178666
0.314394
0.297230
0.329583
0.406134
0.218266
0.247170
0.395588
0.451068
0.350873
0.260450
0.290086
0.250317
0.221235
0.369871
0.226746
0.225012
0.541004
0.214747
0.380784
0.300591
0.418663
0.345544
0.272573
0.362903
0.324770
0.253159
0.241312
0.535831
0.316135
0.289654
0.473348
0.388360
0.254250
0.434572
0.358360
0.382271
0.600128
0.262360
0.289300
0.447132
0.435138
0.554093
0.480638
0.447607
0.413731
0.447607
0.336488
0.597779
0.561723
0.571915
0.597779
0.297370
0.325900
0.320429
0.220598
0.273012
0.276954
0.308830
0.369010
0.343087
0.244159
0.438841
0.490157
0.071587
0.398102
0.128907
0.306007
0.322283
0.128907
0.263156
0.303188
0.432368
0.538298
0.467770
0.324814
0.552053
0.559467
0.440213
0.485254
0.485254
0.246525
0.445556
0.401593
0.292320
0.234506
0.441344
0.406199
0.237380
0.442654
0.137039
0.495804
0.426949
0.417198
0.368046
0.404710
0.334900
0.376856
0.172074
0.273522
0.452155
0.327678
0.394916
0.284042
0.280474
0.281374
0.470501
0.470501
0.432015
0.533829
0.299917
0.123800
0.136268
0.244647
0.364374
0.362956
0.507278
0.199983
0.097272
0.575233
0.446508
0.433694
0.499530
0.239335
0.492819
0.591353
0.286417
0.400416
0.510865
0.478775
0.408393
0.396192
0.354710
0.333426
0.612237
0.435652
0.628961
0.362929
0.502089
0.623297
0.310222
0.325464
0.333825
0.281795
0.573201
0.524153
0.501493
0.512594
0.431988
0.489589
0.551189
0.573244
0.539404
0.519795
0.432913
0.425175
0.676310
0.333335
0.824302
0.438182
0.301293
0.359029
0.390799
0.487191
0.570766
0.530837
0.595507
0.671707
0.674555
0.787705
0.434365
0.481475
0.664692
0.452643
0.403214
0.466082
0.383543
0.528376
0.322539
0.274583
0.768197
0.221227
0.661615
0.398437
0.454901
0.457764
0.499422
0.590697
0.508476
0.216338
0.500695
0.449834
0.553393
0.541001
0.494563
0.638072
0.478921
0.469804
0.501588
0.510897
0.624968
0.439066
0.539044
0.444160
0.480200
0.385092
0.550274
0.448206
0.408802
0.282958
0.555548
0.493394
0.681234
0.638182
0.721426
0.365107
0.552634
0.483902
0.537908
0.603885
0.563471
0.305944
0.445107
0.442097
0.379860
0.418795
0.378294
0.535058
0.554628
0.491151
0.489566
0.285044
0.460816
0.529269
0.576293
0.511482
0.539805
0.413551
0.747161
0.635747
0.523476
0.271786
0.737229
0.545124
0.354028
0.637264
0.637264
0.483140
0.494726
0.592381
0.640990
0.480587
0.656332
0.609172
0.546843
0.405164
0.566565
0.552439
0.528901
0.563672
0.643876
0.521085
0.424021
0.457473
0.185669
0.352368
0.423127
0.571289
0.491220
0.531939
0.427033
0.439702
0.692011
0.513417
0.611126
0.509426
0.566797
0.545866
0.560576
0.487113
0.301843
0.540646
0.453842
0.459542
0.654976
0.657806
0.869810
0.710580
0.575243
0.598115
0.663781
0.552868
0.556460
0.619923
0.623499
0.511577
0.507502
0.584342
0.747279
0.441854
0.429332
0.429500
0.472957
0.606089
0.504406
0.522716
0.331725
0.446861
0.663060
0.447141
0.575611
0.553220
0.490825
0.273662
0.624613
0.569529
0.611015
0.593969
0.500529
0.401738
0.466566
0.491095
0.565865
0.747282
0.546187
0.596037
0.586630
0.373213
0.366931
0.564106
0.530521
0.507727
0.821810
0.615190
0.566144
0.637681
0.603193
0.520808
0.625198
0.529688
0.654767
0.519498
0.566596
0.447827
0.714559
0.515297
0.506449
0.614019
0.891100
0.290122
0.378619
0.830610
0.531853
0.546509
0.599755
0.576683
0.571185
0.627035
0.605655
0.616984
0.670246
0.616203
0.656944
0.550292
0.778747
0.626655
0.474894
0.751846
0.598120
0.666028
0.682450
0.752476
0.613989
0.490230
0.593458
0.544633
0.792613
0.544073
0.635218
0.764027
0.515454
0.621271
0.498810
0.602453
0.601632
0.622814
0.773490
0.648599
0.631995
0.545750
0.612053
0.631603
0.644460
0.483407
0.771793
0.547425
0.657437
0.465722
0.785985
0.661898
0.280530
0.638557
0.629765
0.670657
0.573585
0.568976
0.568998
0.561431
0.719932
0.537132
0.634038
0.814668
0.678542
0.759145
0.744720
0.703454
0.798424
0.353864
0.718865
0.634426
0.667077
0.530122
0.448433
0.538994
0.291965
0.653899
0.677694
0.454819
0.635440
0.593714
0.757224
0.586770
0.498264
0.513405
0.489788
0.508023
0.608325
0.725849
0.460187
0.699083
0.741375
0.543184
0.653526
0.659072
0.492233
0.601009
0.645875
0.620122
0.686430
0.747550
0.712912
0.656216
0.760215
0.700881
0.577923
0.609976
0.649094
0.770123
0.760069
0.728416
0.603772
0.613517
0.724389
0.744903
0.553111
0.933641
0.721042
0.763206
0.442676
0.823383
0.763969
0.432590
0.586055
0.727970
0.575498
0.672286
0.777942
0.651123
0.516379
0.859810
0.573562
0.647528
0.717623
0.640334
0.888511
0.766267
0.826321
0.669230
0.568426
0.564162
0.547963
0.797516
0.620101
0.623481
0.815656
0.903997
0.836213
0.460234
0.679443
0.586776
0.676417
0.665687
0.877744
0.725645
0.709701
0.501887
0.613751
0.818864
0.839867
0.594893
0.683645
0.947686
0.750730
0.725949
0.776969
0.678231
0.823441
0.635158
0.669710
0.714988
0.847345
0.790499
0.702876
0.743937
0.851416
0.758255
0.690549
0.649164
0.766475
0.707414
0.803036
0.528065
0.823828
0.625298
0.853278
0.750083
0.664238
0.822728
0.812734
0.703556
0.831689
0.475074
0.874689
0.748311
0.778985
0.851369
0.770522
0.877002
0.649162
0.522857
0.547076
0.724005
0.877705
0.852861
0.744920
0.896415
0.580920
0.780060
0.834864
0.804288
0.851448
0.788871
0.963316
0.679047
0.576710
0.925810
0.745436
0.727795
0.743885
0.941921
0.700922
0.759882
0.615368
0.700955
0.570290
0.782324
0.977895
0.690244
0.810354
0.883464
0.782940
0.792619
0.740139
0.718254
0.756950
0.831497
0.682976
0.818086
0.792045
0.681755
0.792178
0.861998
0.753840
0.758173
0.738176
0.472877
0.847035
0.782582
0.805363
0.598530
0.895902
0.792622
0.887973
0.703638
0.849234
0.674798
0.861310
0.725846
0.792705
0.899703
0.695970
0.764928
0.616807
0.899687
0.751281
0.699492
0.940366
0.871067
0.739126
0.646994
0.661444
0.849502
0.701020
0.803481
0.763489
0.590749
0.783135
0.854060
0.987869
0.861148
0.680596
0.858457
0.755668
0.901098
0.899024
0.820467
0.829377
0.864105
0.924666
0.801880
0.754409
0.887669
0.647514
1.032282
0.815913
0.603510
0.814766
0.790154
0.843332
0.727644
0.654876
0.773765
0.769751
0.856092
0.736525
0.967694
0.444818
0.666594
0.930265
0.684772
0.927276
0.689914
0.869242
0.856117
1.008676
0.975676
0.874334
1.040256
0.743836
0.866477
