0.174103
0.215069
0.375000
0.228483
0.055089
0.254130
0.059460
0.329975
0.422650
0.230678
0.187500
0.380478
0.269703
0.438510
0.259344
0.196303
0.315347
0.194613
0.315347
0.216651
0.194193
0.256839
0.318069
0.181077
0.279842
0.271643
0.391184
0.322704
0.358059
0.450650
0.198125
0.276432
0.097866
0.198125
0.296268
0.127631
0.304578
0.336661
0.311470
0.326964
0.344390
0.400855
0.163340
0.292893
0.292893
0.292893
0.127128
0.127128
0.292893
0.292893
0.234468
0.317476
0.189425
0.114385
0.294358
0.195016
0.302482
0.207371
0.349186
0.134819
0.191306
0.208845
0.322228
0.317500
0.310744
0.303689
0.319455
0.311470
0.091107
0.144092
0.280000
0.184626
0.329180
0.388990
0.119413
0.288444
0.214095
0.295785
0.230103
0.333205
0.312500
0.198998
0.353770
0.384543
0.376571
0.206955
0.359487
0.395185
0.445678
0.238095
0.316870
0.369512
0.239274
0.087579
0.172271
0.270709
0.176114
0.485656
0.338169
0.167191
0.163758
0.351819
0.279936
0.253648
0.371461
0.229846
0.289664
0.168478
0.527195
0.306897
0.225722
0.354026
0.364893
0.285423
0.508131
0.360398
0.319117
0.516506
0.304578
0.147426
0.532293
0.312500
0.571429
0.398662
0.357143
0.532293
0.357143
0.316670
0.439551
0.271643
0.458333
0.439551
0.419052
0.219131
0.320995
0.219346
0.138643
0.346803
0.357636
0.445678
0.414631
0.291051
0.305978
0.382086
0.189907
0.322261
0.167950
0.253781
0.326278
0.167950
0.291662
0.239114
0.272393
0.611078
0.548152
0.480491
0.608688
0.485656
0.245753
0.463255
0.463255
0.200000
0.282453
0.439551
0.244071
0.345346
0.356204
0.289181
0.241902
0.303951
0.160746
0.484612
0.245327
0.208361
0.372907
0.418622
0.387628
0.532293
0.329799
0.291082
0.282891
0.319691
0.319455
0.280000
0.138643
0.289181
0.309934
0.309934
0.611111
0.286976
0.335636
0.159832
0.159832
0.254130
0.285565
0.476783
0.421362
0.291667
0.200000
0.481437
0.446601
0.425263
0.461538
0.186267
0.479734
0.389040
0.206275
0.378630
0.660450
0.509010
0.477767
0.249061
0.291667
0.285258
0.391219
0.343512
0.546304
0.422982
0.511906
0.685730
0.309789
0.247211
0.330561
0.223032
0.501727
0.415315
0.378630
0.543227
0.550927
0.509284
0.597089
0.360863
0.574372
0.241902
0.355098
0.389040
0.568876
0.387363
0.569054
0.515519
0.178270
0.493305
0.382787
0.239436
0.427497
0.353421
0.477767
0.507601
0.483459
0.421171
0.186511
0.267350
0.445517
0.219953
0.333205
0.273892
0.455669
0.250000
0.128187
0.382787
0.403441
0.299483
0.535358
0.355840
0.439888
0.372818
0.468390
0.488792
0.482912
0.266201
0.458504
0.505128
0.433861
0.362585
0.465478
0.543789
0.369874
0.297063
0.384543
0.371029
0.436699
0.440935
0.575666
0.226209
0.240928
0.473517
0.533100
0.518930
0.311753
0.377624
0.478328
0.446683
0.529243
0.703922
0.617308
0.482885
0.387328
0.439200
0.433635
0.743368
0.220080
0.287309
0.414460
0.441043
0.375962
0.418612
0.103383
0.406540
0.567879
0.584239
0.486735
0.216651
0.268436
0.419052
0.515152
0.649562
0.599901
0.333274
0.384578
0.519616
0.384543
0.373320
0.580427
0.459101
0.490972
0.825036
0.825036
0.479584
0.496638
0.546368
0.607163
0.428571
0.236010
0.525356
0.443154
0.463810
0.323877
0.448893
0.605945
0.378966
0.523397
0.294358
0.490098
0.544158
0.251155
0.318446
0.300914
0.508646
0.461972
0.360990
0.426585
0.356700
0.376571
0.356321
0.519921
0.416160
0.688195
0.663212
0.573254
0.423982
0.332983
0.464870
0.413033
0.524809
0.681818
0.505128
0.799554
0.323877
0.440000
0.550927
0.624674
0.365608
0.567879
0.687228
0.507634
0.416003
0.540381
0.379310
0.528595
0.547089
0.545141
0.452003
0.599108
0.491452
0.489690
0.601138
0.412225
0.395960
0.405555
0.325981
0.499630
0.597089
0.413605
0.257219
0.584832
0.506871
0.636863
0.556516
0.390984
0.441919
0.453392
0.530843
0.488980
0.560845
0.603941
0.445563
0.347209
0.389040
0.338307
0.465610
0.588694
0.477042
0.586566
0.692206
0.418012
0.433053
0.504566
0.526635
0.687228
0.225597
0.658435
0.533100
0.535009
0.232859
0.559648
0.470850
0.509010
0.586882
0.904762
0.289026
0.410232
0.733120
0.471090
0.384925
0.574468
0.549775
0.396494
0.362226
0.531479
0.693814
0.557731
0.560612
0.472355
0.340620
0.485741
0.613499
0.407001
0.738512
0.511533
0.801102
0.615100
0.607208
0.472954
0.364893
0.485656
0.409128
0.650370
0.491696
0.548144
0.675204
0.298138
0.557193
0.519616
0.328063
0.622036
0.604096
0.679962
0.607208
0.470850
0.477767
0.750000
0.582689
0.622036
0.382093
0.761634
0.476886
0.709828
0.291216
0.524869
0.716931
0.398071
0.467553
0.680199
0.649069
0.422222
0.588047
0.615692
0.563564
0.659832
0.700333
0.734316
0.736883
0.471848
0.822178
0.648901
0.589616
0.772937
0.340368
0.607454
0.683222
0.624722
0.434084
0.597985
0.608770
0.307141
0.530958
0.665145
0.522786
0.654693
0.561237
0.605229
0.575736
0.358311
0.445743
0.512801
0.587521
0.370955
0.799195
0.462914
0.886285
0.798544
0.534525
0.623155
0.512583
0.505025
0.597958
0.448925
0.482192
0.432633
0.503922
0.487550
0.582248
0.597985
0.603134
0.639332
0.490150
0.672673
0.687652
0.868694
0.550596
0.695710
0.438510
0.679156
0.611943
0.487011
0.915485
0.683959
0.614242
0.479584
0.689470
0.498255
0.484974
0.421309
0.510800
0.585127
0.579916
0.674604
0.747354
0.709809
0.527569
0.557674
0.707847
0.470762
0.565628
0.671202
0.683772
0.570802
0.611143
0.585632
0.654143
0.586415
0.575082
0.575666
0.685963
0.664590
0.664917
0.815363
0.382787
0.710114
0.487896
0.540577
0.576341
0.740871
0.696954
0.578883
0.271906
0.615041
0.545656
0.627896
0.771425
0.517757
0.544039
0.644665
0.481656
0.619000
0.546079
0.766450
0.656529
0.472137
0.624722
0.752564
0.706706
0.888197
0.608688
0.468433
0.565018
0.641431
0.732260
0.556606
0.595855
0.705826
0.664590
0.571254
0.672239
0.633475
0.605880
0.667818
0.646447
0.743224
0.471604
0.797969
0.407130
0.798992
0.747409
0.866593
0.827484
0.671756
0.774365
0.644069
0.506229
0.566659
0.606081
0.704561
0.910676
0.868238
0.725602
0.592693
0.706920
0.696178
0.561822
0.774626
0.637094
0.760954
0.488801
0.631144
0.709526
0.779807
0.581234
0.574867
0.525658
0.799195
0.732739
0.505111
0.565700
0.495328
0.642783
0.895172
0.813296
0.770825
0.769231
0.496047
0.530542
0.624347
0.546946
0.688195
0.788711
0.767952
0.822333
0.831570
0.386565
0.589695
0.639296
0.693814
0.575205
0.675557
0.503088
0.853746
0.804354
0.668383
0.581670
0.544352
0.902769
0.795020
0.658435
0.838126
0.693681
0.889145
0.577423
0.508696
0.666151
0.842757
0.475369
0.677587
0.578883
0.466886
0.768966
0.850463
0.810648
0.736842
0.638050
0.419052
0.675528
0.611152
0.829749
0.525658
0.483106
0.692240
0.594259
0.853941
0.765213
0.571846
0.622843
0.799889
0.648649
0.761835
0.776043
0.816613
0.794262
0.940765
0.426763
0.571826
0.692745
0.623808
0.673140
0.577110
0.522545
0.719024
0.474045
0.769841
0.732739
0.369874
0.554601
0.769978
0.720855
0.585242
0.824250
0.357460
0.600528
0.520946
0.503000
0.569472
0.736018
0.777319
0.748876
0.795876
0.958188
0.820395
0.737848
0.791667
0.781782
