0.278507
0.064303
0.370620
0.195533
0.207430
0.335370
0.192344
0.242584
0.146870
0.333521
0.084968
0.419969
0.119697
0.317029
0.167989
0.120687
0.078733
0.289297
0.078733
0.270994
0.203302
0.356157
0.209665
0.109217
0.248472
0.227565
0.295093
0.139530
0.225141
0.342860
0.230653
0.165855
0.309522
0.230653
0.193360
0.130502
0.282651
0.311591
0.260045
0.356501
0.259904
0.405308
0.206677
0.275837
0.275837
0.275837
0.260399
0.260399
0.275837
0.275837
0.151003
0.250229
0.179337
0.086545
0.197709
0.266355
0.169778
0.262252
0.382384
0.340721
0.243161
0.380542
0.316612
0.274964
0.286206
0.371018
0.282043
0.416843
0.078559
0.081051
0.449516
0.443303
0.269961
0.194728
0.327709
0.345494
0.236583
0.101328
0.161119
0.252530
0.222410
0.204964
0.223225
0.278696
0.372411
0.162020
0.228869
0.313144
0.445118
0.289549
0.224254
0.362698
0.399041
0.219027
0.219416
0.224067
0.246369
0.277624
0.181978
0.421017
0.233972
0.212214
0.368624
0.188065
0.371520
0.309534
0.292774
0.225425
0.309226
0.249235
0.310438
0.299731
0.262639
0.224244
0.289724
0.214814
0.303157
0.385496
0.264069
0.267672
0.400985
0.410846
0.580568
0.414064
0.393729
0.397673
0.393729
0.183217
0.469868
0.419823
0.518308
0.469868
0.230590
0.175936
0.173145
0.164884
0.270441
0.281608
0.387986
0.347632
0.366267
0.272386
0.539125
0.327770
0.141003
0.419034
0.192605
0.428792
0.260086
0.192605
0.267326
0.113641
0.428995
0.581290
0.500307
0.376235
0.232144
0.305602
0.375213
0.423013
0.423013
0.311626
0.426791
0.350531
0.169905
0.404243
0.306392
0.257409
0.223033
0.530840
0.145962
0.452597
0.274987
0.372263
0.345545
0.426700
0.439645
0.377549
0.268655
0.378971
0.480728
0.332783
0.361441
0.329330
0.231778
0.255368
0.431614
0.431614
0.403861
0.417670
0.202359
0.154747
0.147708
0.271982
0.429037
0.246412
0.601596
0.294008
0.100034
0.557022
0.456027
0.343282
0.352078
0.136066
0.433930
0.293943
0.335729
0.299312
0.429149
0.314129
0.302940
0.467558
0.386569
0.207218
0.339131
0.472855
0.404599
0.299797
0.307847
0.530989
0.228830
0.254809
0.234720
0.320856
0.529723
0.409680
0.563324
0.345773
0.264263
0.261583
0.347379
0.308170
0.362040
0.442530
0.473551
0.295189
0.368663
0.201317
0.670363
0.273379
0.247835
0.555296
0.230597
0.398262
0.415451
0.382484
0.372826
0.542673
0.384397
0.492075
0.557334
0.329408
0.458189
0.307116
0.302773
0.359618
0.359133
0.571118
0.352889
0.286149
0.470152
0.249395
0.410561
0.492314
0.495299
0.517508
0.408391
0.461529
0.393856
0.223286
0.360148
0.362718
0.377094
0.427972
0.469092
0.525718
0.427035
0.546547
0.465303
0.393411
0.423345
0.417313
0.382163
0.369794
0.396796
0.380159
0.435832
0.335514
0.435796
0.413955
0.462355
0.545754
0.696608
0.662398
0.576276
0.317765
0.406436
0.432926
0.374159
0.651182
0.551540
0.252077
0.312878
0.284704
0.431505
0.350750
0.350779
0.463359
0.490546
0.555992
0.436596
0.153483
0.408400
0.385970
0.672852
0.580829
0.453267
0.381559
0.530537
0.471605
0.546005
0.261883
0.396298
0.506064
0.456475
0.509432
0.509432
0.413643
0.459251
0.487251
0.574124
0.419056
0.498895
0.513189
0.409462
0.215889
0.458434
0.580316
0.288512
0.551285
0.590013
0.420941
0.544313
0.452207
0.208184
0.353847
0.371414
0.451732
0.543805
0.478609
0.418585
0.443887
0.562867
0.507411
0.531955
0.543948
0.395876
0.528274
0.603628
0.342580
0.221414
0.490640
0.378143
0.439918
0.456628
0.690086
0.668594
0.641810
0.634182
0.664657
0.624823
0.586766
0.590900
0.717309
0.530113
0.485823
0.459412
0.519636
0.724830
0.482146
0.388391
0.319682
0.537155
0.543524
0.610303
0.490340
0.317141
0.437582
0.587518
0.363917
0.464117
0.617013
0.539253
0.273087
0.538449
0.608953
0.664091
0.420406
0.320799
0.332161
0.388548
0.440284
0.555241
0.699991
0.711963
0.629543
0.628461
0.432336
0.350203
0.399351
0.303500
0.411413
0.506808
0.690162
0.549473
0.487053
0.526289
0.588792
0.348856
0.477911
0.672460
0.431455
0.466498
0.476962
0.676019
0.437862
0.523257
0.445892
0.607276
0.279671
0.447614
0.608349
0.316144
0.513403
0.643046
0.597307
0.290866
0.493527
0.676450
0.443979
0.423014
0.562821
0.531278
0.674598
0.536688
0.583090
0.638576
0.616697
0.659126
0.567707
0.618753
0.469955
0.526152
0.399497
0.466353
0.443179
0.648975
0.461017
0.433574
0.547597
0.561369
0.528193
0.580001
0.460129
0.569267
0.549399
0.609596
0.543166
0.574069
0.645262
0.577862
0.660131
0.688257
0.512270
0.533287
0.462909
0.786068
0.537677
0.755630
0.617679
0.404412
0.536883
0.576603
0.635876
0.478751
0.546756
0.515571
0.451591
0.670786
0.596645
0.504402
0.753925
0.388095
0.686619
0.623005
0.577526
0.651185
0.257716
0.620161
0.530670
0.693686
0.431425
0.509803
0.529107
0.262993
0.553946
0.746293
0.432486
0.511509
0.502307
0.680881
0.514706
0.476736
0.541406
0.544706
0.486223
0.471453
0.727095
0.530982
0.611692
0.700385
0.640414
0.668848
0.584302
0.511559
0.385986
0.669887
0.482208
0.551801
0.563583
0.761613
0.482287
0.798261
0.593503
0.550200
0.520633
0.607003
0.758141
0.597909
0.551624
0.690952
0.535347
0.776633
0.628988
0.593887
0.844957
0.564854
0.719211
0.393266
0.788693
0.717566
0.502826
0.578268
0.897197
0.317969
0.536418
0.730212
0.663651
0.572596
0.756332
0.498565
0.471430
0.778321
0.604757
0.740637
0.750220
0.695650
0.765377
0.431172
0.423383
0.306975
0.770904
0.649148
0.589327
0.705544
0.720349
0.537673
0.317084
0.593599
0.576596
0.619069
0.565942
0.730897
0.533604
0.499608
0.420310
0.539948
0.634833
0.768726
0.537568
0.740631
0.425433
0.804663
0.703802
0.644845
0.523021
0.703723
0.655707
0.485332
0.594197
0.720895
0.670481
0.664615
0.747268
0.478432
0.626428
0.539347
0.549897
0.702198
0.604948
0.695582
0.494117
0.631211
0.673311
0.860018
0.775442
0.601147
0.776926
0.784291
0.486314
0.745494
0.365765
0.824687
0.603813
0.806215
0.691686
0.857351
0.792712
0.684537
0.624038
0.449425
0.812391
0.732905
0.732132
0.771001
0.710721
0.507635
0.814960
0.785635
0.798791
0.822493
0.530371
0.857782
0.824861
0.652166
0.834952
0.654724
0.584350
0.735754
0.768459
0.675913
0.746923
0.527958
0.740540
0.430978
0.523064
0.775293
0.635149
0.771227
0.679111
0.737708
0.700181
0.676459
0.559887
0.398340
0.798264
0.485439
0.916987
0.686702
0.688410
0.550827
0.686846
0.808255
0.749436
0.513952
0.513434
0.793824
0.673486
0.500489
0.617712
0.818517
0.674381
0.519618
0.661187
0.747846
0.759710
0.675936
0.620028
0.711426
0.832751
0.832410
0.654054
0.661883
0.539706
0.644878
0.620682
0.757660
0.721522
0.640598
0.667978
0.496062
0.670866
0.661815
0.613941
0.876881
0.386492
0.770102
0.733736
0.827359
0.824790
0.603760
0.633918
0.722511
0.826349
0.775752
0.695143
0.835225
0.790268
0.907206
0.786813
0.767547
0.759189
0.531895
0.785473
0.617678
0.701504
0.535275
0.857700
0.759190
0.733377
0.623835
0.563291
0.611011
0.767168
0.806727
0.920241
0.347624
0.478302
0.708032
0.635773
0.760063
0.639598
0.684291
0.806397
0.986490
0.979399
0.814881
0.961954
0.935666
0.833127
