0.634495
0.020432
0.391433
0.308182
0.153460
0.229736
0.107753
0.256681
0.065268
0.515422
0.087137
0.531167
0.009730
0.094232
0.060807
0.451813
0.037578
0.412349
0.037578
0.094737
0.270557
0.914546
0.130246
0.004138
0.024222
0.643560
0.085513
0.062961
0.032019
0.800961
0.447906
0.719615
0.763595
0.447906
0.025312
0.262107
0.666997
0.087107
0.028762
0.034550
0.057539
0.271411
0.332477
0.619508
0.619508
0.619508
0.768866
0.768866
0.619508
0.619508
0.057823
0.364906
0.120595
0.179512
0.012350
0.155441
0.277543
0.150519
0.483166
0.224333
0.354203
0.769852
0.182711
0.027606
0.399118
0.349892
0.391556
0.036741
0.003090
0.030489
0.546921
0.906508
0.031650
0.088375
0.215091
0.728136
0.419115
0.101364
0.045673
0.422549
0.467017
0.380264
0.543024
0.182846
0.203664
0.065451
0.426962
0.029478
0.701103
0.396028
0.793909
0.760117
0.452138
0.720110
0.300290
0.331020
0.454735
0.397321
0.070498
0.489488
0.416759
0.389825
0.718776
0.044790
0.806218
0.372483
0.376815
0.640395
0.128477
0.444111
0.583629
0.146423
0.061217
0.303145
0.200784
0.113311
0.037495
0.057606
0.735120
0.331982
0.868509
0.849727
0.898758
0.814946
0.760540
0.605449
0.760540
0.343790
0.366587
0.385001
0.479860
0.366587
0.112511
0.023528
0.165787
0.442643
0.601519
0.618840
0.640366
0.892214
0.913772
0.387112
0.249460
0.230951
0.166158
0.337988
0.048216
0.485338
0.590891
0.048216
0.554986
0.001163
0.967722
0.902727
0.911542
0.761262
0.055455
0.016515
0.226107
0.931510
0.931510
0.532124
0.886279
0.416633
0.085957
0.784128
0.203473
0.010372
0.140070
0.753721
0.018739
0.333235
0.250299
0.399279
0.194616
0.050705
0.580353
0.774176
0.561078
0.327159
0.268611
0.983220
0.257139
0.764079
0.757208
0.375259
0.804896
0.804896
0.960314
0.776388
0.027197
0.041390
0.122326
0.116660
0.381208
0.102853
0.951886
0.720588
0.052728
0.998890
0.801875
0.064025
0.493521
0.057819
0.053797
0.150721
0.712804
0.329461
0.203503
0.442617
0.421937
0.417769
0.868647
0.261055
0.301242
0.948743
0.285961
0.725010
0.782318
0.808793
0.036848
0.022669
0.408501
0.206889
0.288902
0.029124
0.323627
0.406175
0.531991
0.757477
0.279116
0.067663
0.584617
0.378338
0.831877
0.323545
0.278447
0.241736
0.065835
0.104385
0.080141
0.255057
0.592362
0.503317
0.136194
0.595532
0.163618
0.283011
0.378620
0.314896
0.507613
0.271385
0.692650
0.096940
0.584513
0.661694
0.769133
0.673902
0.713690
0.326031
0.748906
0.043104
0.157340
0.440629
0.639002
0.699714
0.788881
0.371905
0.172751
0.506539
0.555507
0.760329
0.534288
0.831271
0.471378
0.680187
0.171509
0.463081
0.898210
0.047996
0.354880
0.899067
0.131708
0.499441
0.447765
0.324224
0.775427
0.740244
0.040185
0.725107
0.776190
0.789752
0.741497
0.531240
0.395494
0.289928
0.337278
0.069839
0.623796
0.948622
0.338805
0.238930
0.303271
0.311207
0.394145
0.517996
0.345844
0.770587
0.403339
0.895710
0.948901
0.613618
0.498598
0.471890
0.851153
0.934746
0.258518
0.523027
0.662275
0.639133
0.896124
0.259828
0.283818
0.620120
0.788837
0.960894
0.960894
0.359888
0.830586
0.663706
0.969357
0.593341
0.716866
0.804065
0.470998
0.353508
0.372379
0.796657
0.031806
0.873315
0.988155
0.361836
0.813440
0.765034
0.095340
0.487842
0.227032
0.711819
0.866693
0.356388
0.206511
0.472444
0.575560
0.586649
0.935625
0.984585
1.021260
0.962306
0.287704
0.091502
0.055568
0.312520
0.079240
0.388606
0.246034
0.947305
0.991846
0.665425
0.967793
0.499730
0.937851
0.928449
0.982702
0.967066
0.279740
0.800478
0.806881
0.670759
0.935140
0.809619
0.937485
0.355146
0.450735
0.558791
0.979048
0.752790
0.074446
0.168332
0.058627
0.370185
0.634767
0.952563
0.841551
0.512705
0.424177
0.666475
0.907385
0.287730
0.383536
0.092234
0.244314
0.389880
0.441790
0.516819
0.173906
0.187565
0.859495
0.734017
0.100428
0.243337
0.343431
0.305870
0.151700
0.577615
0.230517
0.259836
0.631963
0.774641
0.083919
0.371168
0.370727
0.382654
0.838413
0.448631
0.981262
0.365323
0.845494
0.934042
0.930415
0.109674
0.597198
0.272561
0.069012
0.838177
0.147588
0.764246
0.262293
0.414049
0.451960
0.769565
0.212209
0.978301
0.908168
0.884233
0.571035
0.892019
0.965661
0.974420
0.983774
1.002193
1.020915
0.037897
0.955338
0.513665
0.546728
0.159236
0.442481
0.200967
0.485910
0.197014
0.156851
0.880759
0.834434
0.197447
0.979864
0.746090
0.766707
0.955396
0.811791
0.949787
0.750174
0.760307
0.992743
0.285028
0.847879
0.462330
0.978267
0.908542
0.950738
1.009224
0.782900
0.489136
1.031810
0.764103
0.863572
0.157491
0.881767
0.152447
0.851156
0.941995
0.843354
0.983845
0.275288
0.997306
0.119115
0.524903
0.693246
0.104199
0.219419
0.409379
0.976528
0.632533
0.078174
0.451306
0.523201
0.423711
0.936424
0.618724
0.696576
0.931299
1.002285
0.391335
0.586918
0.771538
0.160750
0.797402
0.232851
0.979695
0.949780
1.010424
0.912107
0.888069
0.512989
0.417974
0.613527
0.037258
0.810541
0.564942
0.905500
0.140663
0.750061
0.805349
0.954387
0.547884
0.698141
0.426457
0.941841
0.933922
0.837839
0.240283
0.859251
0.895595
0.963198
0.894153
0.782758
0.980448
0.158710
0.977664
0.580196
0.995946
0.876891
0.910038
0.845856
0.975741
0.183390
0.157295
0.894721
0.853987
0.970399
0.980465
0.928434
0.288911
0.655944
0.130753
0.887897
0.539957
0.955309
0.931706
0.866611
0.176178
0.140159
0.959886
0.904536
0.376222
0.863984
0.843672
0.519568
0.124417
0.084485
0.589295
0.773275
0.230966
0.734055
0.592790
0.250313
0.217556
0.887831
0.391247
0.952061
0.820003
0.918997
0.189255
0.463470
0.933351
1.015222
0.755635
0.940555
0.524081
0.696220
0.788690
0.919820
0.604840
0.872266
0.957288
0.149452
0.408493
1.035165
0.883830
0.767427
0.966512
0.914892
0.456069
0.547593
0.963783
0.981924
0.907787
0.940495
1.009116
1.007092
0.853947
0.912480
0.014302
0.994782
0.963878
1.023059
0.877150
0.993350
0.948645
0.871106
0.155043
0.768305
0.783199
0.541946
0.979086
1.014053
0.937037
0.736024
1.017089
0.938710
0.964345
1.018301
0.142895
0.683832
0.914397
0.904554
0.977228
0.965682
0.308753
0.992205
0.993828
0.972726
0.958442
0.147265
0.684911
0.782638
0.073497
0.951823
0.999207
0.991335
0.946584
0.833578
0.949750
0.910884
0.294547
0.078252
0.999356
0.964610
0.961132
0.970300
0.494921
0.581761
0.365087
0.974381
0.510059
0.206303
0.081172
0.865533
0.973464
0.369324
0.824718
0.975434
1.019175
0.479815
0.993682
0.835226
0.861282
1.011430
0.973575
0.674887
0.898336
0.937824
0.316925
0.985661
0.474457
0.682066
0.999010
0.975163
0.778094
0.946354
0.985669
0.477461
0.572617
0.633625
0.914254
0.996192
0.336390
0.670667
0.240672
0.118989
0.524095
0.520239
0.534670
0.981397
0.954129
0.220767
0.897888
0.950746
0.993725
0.766487
0.950559
0.960253
0.970663
0.091522
0.992107
0.926222
0.901037
0.639572
0.908696
0.957582
1.012453
0.954656
0.552984
0.152222
1.001863
0.989812
0.975008
0.186591
0.619994
0.556993
0.904406
0.728620
0.931463
0.544359
0.985207
1.008175
0.960434
0.936399
0.950771
0.882743
0.859712
