0.972774962662
0.999999992436
0.524900944943
0.915917870357
0.851870801409
0.803588152748
0.828480296965
0.865470394466
0.999999991255
0.733347422325
0.999999984878
0.823669615309
0.99999999107
0.891349543625
0.823048062646
0.786837662396
0.999999989533
0.921393033008
0.999999989533
0.951705686711
0.848271205498
0.837766121779
0.909098367355
0.886931454392
0.999999990782
0.683399625609
0.999999993561
0.878890907366
0.999999988568
0.714281796484
0.786837662396
0.837488747624
0.750693471397
0.786837662396
0.999999989073
0.905508620844
0.752125125085
0.987813242427
0.999999988832
0.999999988377
0.999999988716
0.629319465097
0.663393486162
0.683399625609
0.683399625609
0.683399625609
0.661694039225
0.661694039225
0.683399625609
0.683399625609
0.908679611018
0.802465301564
0.812788689468
0.930118763072
0.999999990304
0.663342233566
0.96750290371
0.800271985969
0.818711100511
0.883804209076
0.963697272487
0.883338737429
0.99999998873
0.999999988377
0.799837201567
0.821507977575
0.944410562814
0.999999988377
0.895404546201
0.920184793942
0.8606878861
0.480768512477
0.999999988735
0.999999991431
0.418511822478
0.57120709529
0.959069447329
0.910083241505
0.868091556999
0.952894960549
0.797715825352
0.811877405951
0.936779576172
0.749588686076
0.642947392217
0.963945593156
0.82877541594
0.999999988781
0.794165008642
0.822796523429
0.835154599202
0.680237561789
0.679465103562
0.939328110979
0.919939407118
0.728368239757
0.719969387289
0.999999990299
0.842203446017
0.801887688118
0.564696559844
0.631610187721
0.80677809215
0.882932828707
0.537686089451
0.568268423093
0.911744251395
0.646738349007
0.64329982182
0.653096288797
0.955908557882
0.900420089445
0.888561458641
0.860028402664
0.777892349293
0.899050261543
0.999999988401
0.889134129064
0.875130968679
0.668614344837
0.544057679575
0.507735835232
0.029338276621
0.475844031819
0.499737473265
0.469348048805
0.499737473265
0.845605546471
0.896095893451
0.764851486735
0.893600518472
0.896095893451
0.999999988626
0.954010904376
0.248631601085
0.909775533169
0.975434985072
0.683399625609
0.668842420656
0.795466519643
0.855233250523
0.879661611671
0.54282247174
0.959049904125
0.903224793535
0.659215972409
0.831651426146
0.911001705382
0.760301811906
0.831651426146
0.713462627919
0.827888942854
0.48269456581
0.295620744373
0.529068827995
0.752299928631
0.999999990508
0.999999989824
0.692917634484
0.431082470191
0.431082470191
0.885893697215
0.385168089613
0.677996394168
0.858441713995
0.712215744251
0.850215418149
0.796786294996
0.703007123154
0.224444994466
0.864534430523
0.676240177212
0.82898154716
0.869423284299
0.853041153281
0.999999988377
0.811608939527
0.632274711623
0.864533025604
0.876868443016
0.610068983253
0.48823765542
0.443383681389
0.747233342692
0.761530399409
0.64247718059
0.559110689132
0.559110689132
0.351895553521
0.454882569078
0.787157084128
0.853858890536
0.946392977107
0.818993567417
0.670315163143
0.885183959168
0.119969138126
0.689208449327
0.833141014473
0.434095472223
0.496440398705
0.902970740004
0.629145027884
0.931303936853
0.999999988886
0.877039665002
0.939328110979
0.512743509238
0.894243557557
0.522509340559
0.77393603588
0.655192822091
0.727086962412
0.756745858264
0.999999988807
0.58574030155
0.97580705527
0.722187402933
0.740949450205
0.400061251534
0.814823383472
0.86577082581
0.885280893817
0.750015285662
0.865470394466
0.948646427419
0.832606181383
0.598963783088
0.615835663253
0.828566923901
0.828200550856
0.929952057147
0.871688638223
0.66406008309
0.525917070641
0.787144572733
0.63761188076
0.896006255635
0.543721526532
0.604008270201
0.747140069331
0.782575644268
0.83134980185
0.737948106335
0.888243904691
0.306909300875
0.410999310706
0.746289628612
0.753400790339
0.725749864401
0.295169735748
0.778663214171
0.576728135606
0.6464738592
0.718734193195
0.651916563621
0.709169074709
0.658802256399
0.845844723655
0.731635028065
0.526661298784
0.807745689994
0.862197625909
0.689309550288
0.125299662765
0.250764565252
0.846061448756
0.341800517908
0.824514296644
0.804954984506
0.930207574288
0.824725633969
0.335992914462
0.87848221762
0.786837662396
0.334045058378
0.743863599473
0.612346651131
0.475419394239
0.934793438721
0.834385406308
0.723476459425
0.709421834156
0.621694400194
0.628996577372
0.876834386984
0.91739122347
0.526560168666
0.550158123851
0.872403839419
0.726744449977
0.558752209228
0.477987224402
0.181802020806
0.73996621617
0.742776475917
0.645688366455
0.620575706122
0.637250358424
0.116178651941
0.749738743588
0.730099658978
0.846580962097
0.900109842631
0.940890432235
0.725188381012
0.757315877452
0.244393687385
0.709847804827
0.336687279531
0.303665293171
0.869208760059
0.27010131195
0.817107966372
0.452777603401
0.35219284861
0.799378536325
0.819273843589
0.630713921101
0.600069576767
0.303665293171
0.777899633499
0.739882754024
0.489693945918
0.352781850698
0.318356441204
0.318356441204
0.435147724588
0.284780774042
0.280104469326
0.169286411833
0.30560233454
0.533653928182
0.493502242135
0.846810668223
0.770894675059
0.655698222529
0.670192738621
0.891095268993
0.494533029353
0.570783922833
0.807984537298
0.845328515967
0.463144528691
0.853684044009
0.721316625523
0.621038332493
0.210495803836
0.285367887592
0.402363424977
0.343995858984
0.775462281163
0.40542922082
0.745836858971
0.337385545461
0.488888059912
0.227704644514
0.253317816989
0.29568022737
0.646420020163
0.787859911168
0.84111438061
0.831651426146
0.658237817109
0.49232133981
0.0797370326924
0.0972907590303
0.703356110435
0.147438380347
0.879661611671
0.335331379495
0.347725752912
0.112350501184
0.125157895439
0.550209509551
0.680609398187
0.747233342692
0.391266867738
0.279429691469
0.654641771231
0.654265528151
0.781288504919
0.521210436115
0.308974664578
0.113862594449
0.321363328411
0.755896072426
0.754601623256
0.817992008931
0.89545070964
0.271488610504
0.474840520463
0.360219949943
0.720736967461
0.225857193083
0.27656313168
0.422050562077
0.683425572999
0.843877392979
0.720909660011
0.61771886497
0.777393811354
0.79091879203
0.73985749763
0.721346121121
0.835324740799
0.629497711569
0.778257071861
0.746249579005
0.773514564485
0.723564814364
0.752725049041
0.577062611895
0.726595804592
0.704583250652
0.879304164396
0.748389342957
0.466190863454
0.818873211694
0.731691601302
0.736862033499
0.183016644404
0.48514450861
0.665509647852
0.154903428586
0.34066102287
0.469061032164
0.241767751997
0.304559375071
0.895097995201
0.715694251456
0.925464721457
0.795454813253
0.359407746369
0.469670262844
0.449978099713
0.904665230727
0.838804130435
0.628616401449
0.515587330232
0.547473016554
0.0785001426555
0.354729254101
0.216494873351
0.643188311543
0.415164891364
0.673161159927
0.326199027397
0.230825279349
0.11219919348
0.148295040199
0.814930678684
0.328734360195
0.397762150844
0.192401894798
0.684327062917
0.887130078117
0.774847164029
0.785540136535
0.727708819972
0.609680697671
0.700541871684
0.702568747465
0.390495798492
0.350135257609
0.47192092186
0.530604158482
0.451939669336
0.417994109922
0.261312301412
0.779936572201
0.205712798319
0.0845401905609
0.447397010672
0.370217993492
0.863752409226
0.259607368499
0.257578240917
0.0842533775325
0.243872881348
0.740648808487
0.758165760554
0.170088835242
0.491651335642
0.439081899067
0.484036430024
0.748719288298
0.880604448629
0.351963133396
0.309900643207
0.465155527835
0.0776983484826
0.677233501553
0.157805602451
0.386822713829
0.342741228055
0.502940839243
0.862806883152
0.833541497799
0.684561869759
0.193948546007
0.469109070083
0.796265715513
0.525351434203
0.722637491729
0.183103945067
0.681753346263
0.562229467158
0.728877792801
0.314856822949
0.0928751377552
0.272917134725
0.71975674097
0.485545073296
0.826162289724
0.328998813775
0.867387577257
0.149505591428
0.373318851293
0.253862931461
0.450646101101
0.489016316031
0.556783359239
0.206694092752
0.510505740959
0.698407129693
0.122231462481
0.646102331833
0.582513439063
0.755754329693
0.346270770382
0.43867094923
0.1834734321
0.167897950887
0.406321806753
0.146257704128
0.184916644705
0.321859623013
0.562386903422
0.516369222228
0.29286929493
0.0981521553513
0.352077394396
0.118193310212
0.662874289724
0.0746781930067
0.65042639361
0.00176249682948
0.709129278412
0.263090207244
0.218340929255
0.541525134142
0.391103999308
0.0512030863765
0.50668133174
0.798707141713
0.679969485564
0.477789336037
0.296393269503
0.186402144815
0.92290794884
0.688304222932
0.556028340334
0.668874295693
0.201968891275
0.763749681918
0.567940342065
0.651676176132
0.791355197642
0.647244839714
0.931509456892
0.063127156427
0.409132839641
0.539463355448
0.872403839419
0.592417849722
0.656939552724
0.749279687278
0.905838238346
0.258996513696
0.534793957466
0.671523490217
0.51184655836
0.173823419432
0.914339026114
0.697335781235
0.688185014657
0.551085658506
0.320640151677
0.394832098098
0.344665788791
0.715981428973
0.65567222048
0.118053796799
0.0363573192801
0.405100486628
0.736253138909
0.650581877007
0.519149511075
0.693203433221
0.283321936539
0.502492103398
0.428890425314
0.0666825341343
0.718527267151
0.626777389146
0.170075770283
0.570424749711
0.568186915328
0.106180689371
0.298173958184
0.630998145641
0.296642895416
0.0925599781393
0.00416189651337
0.168216588028
0.35367750412
0.0910736994561
0.00900317960665
0.467626013432
0.372006863186
0.941522227669
0.14156204472
0.769005047896
0.257586715233
0.156355809169
0.0434774893045
0.542389071784
0.175879849772
0.728243024997
0.406208718187
0.298415007058
0.513049527861
0.142068323712
0.142216334818
0.0222755130616
0.916578762657
0.00204421787509
0.0372655158579
0.355830299192
0.113769601302
0.741196915183
0.461289010871
0.456096860456
0.474610234621
0.400412895586
0.174043284339
0.558139939474
0.0821014618098
0.0936202513115
0.312675666607
0.36085616281
0.431956855439
0.719830216268
0.680425981466
0.455059080172
0.266379204861
0.409897435791
0.0919283727688
0.271449661056
0.716713549448
0.250971817221
0.261121435514
0.785176736114
0.627982506563
0.152066378384
0.604535903874
0.236899183372
0.286385390246
0.709355786408
0.744686640403
0.746209378779
0.50393840922
0.531283996451
0.591113494819
0.956995671939
0.400651183147
0.389017346831
0.522052373801
0.39566743303
0.312872675781
0.00615088191787
0.670685602582
0.0659828906012
0.318651472625
0.38000038549
0.282053284264
0.533126865169
0.56862386089
0.213624080842
0.328720453883
0.496577565548
0.344988248698
0.786924708329
0.671214931964
0.192150995369
0.0431337401204
0.695062884379
0.400289071016
0.404364399089
0.476700830662
0.721321961294
0.566211732667
0.514941301103
0.00663919173394
0.715967704617
0.627358311851
0.422304423246
0.444628303567
0.496385463994
0.766438867839
0.280619124098
0.250648964974
0.121411263289
0.600972995497
0.627696213801
0.304887547979
0.177934517868
0.308756198601
0.575591951443
0.126634719054
0.0912428701765
0.675163353955
0.239392045923
0.620957249212
0.45581870703
0.598701006653
0.115718222479
0.219666960618
0.114105421533
0.409964545877
0.402992671176
0.295614033523
0.162928007934
0.123327055551
0.149969415972
0.726992173688
0.518980525896
0.564502286342
0.643445130308
0.690088608941
0.403763185122
0.335149457927
0.23936315884
0.16623108176
0.30502737171
0.292880346406
0.0262637438479
0.254553458863
0.489706388752
