0.666666666667
1.0
0.5
0.833333333333
0.666666666667
0.666666666667
0.666666666667
0.666666666667
1.0
0.571428571429
1.0
0.333333333333
1.0
0.857142857143
0.75
0.666666666667
1.0
0.666666666667
1.0
0.666666666667
0.75
0.666666666667
0.857142857143
0.857142857143
1.0
0.666666666667
1.0
0.857142857143
1.0
0.333333333333
0.666666666667
0.666666666667
0.666666666667
0.666666666667
1.0
0.857142857143
0.5
0.909090909091
1.0
1.0
1.0
0.333333333333
0.666666666667
0.666666666667
0.666666666667
0.666666666667
0.666666666667
0.666666666667
0.666666666667
0.666666666667
0.857142857143
0.666666666667
0.75
0.909090909091
1.0
0.666666666667
0.666666666667
0.666666666667
0.5
0.666666666667
0.666666666667
0.5
1.0
1.0
0.666666666667
0.333333333333
0.666666666667
1.0
0.8
0.888888888889
0.5
0.5
1.0
1.0
0.333333333333
0.333333333333
0.888888888889
0.857142857143
0.857142857143
0.75
0.5
0.5
0.8
0.666666666667
0.5
0.857142857143
0.571428571429
1.0
0.666666666667
0.666666666667
0.666666666667
0.333333333333
0.666666666667
0.666666666667
0.666666666667
0.666666666667
0.571428571429
1.0
0.727272727273
0.6
0.333333333333
0.5
0.6
0.857142857143
0.333333333333
0.571428571429
0.666666666667
0.666666666667
0.571428571429
0.5
0.666666666667
0.727272727273
0.833333333333
0.6
0.444444444444
0.8
1.0
0.857142857143
0.545454545455
0.666666666667
0.5
0.5
0.0
0.5
0.5
0.5
0.5
0.666666666667
0.333333333333
0.333333333333
0.333333333333
0.333333333333
1.0
0.909090909091
0.333333333333
0.75
0.666666666667
0.666666666667
0.333333333333
0.333333333333
0.333333333333
0.666666666667
0.5
0.75
0.857142857143
0.666666666667
0.75
0.75
0.571428571429
0.75
0.5
0.5
0.5
0.0
0.5
0.6
1.0
1.0
0.666666666667
0.333333333333
0.333333333333
0.666666666667
0.333333333333
0.571428571429
0.666666666667
0.333333333333
0.666666666667
0.571428571429
0.666666666667
0.333333333333
0.75
0.666666666667
0.666666666667
0.6
0.769230769231
1.0
0.666666666667
0.5
0.75
0.571428571429
0.333333333333
0.333333333333
0.333333333333
0.666666666667
0.666666666667
0.4
0.5
0.5
0.0
0.5
0.666666666667
0.75
0.857142857143
0.666666666667
0.571428571429
0.857142857143
0.0
0.666666666667
0.8
0.0
0.5
0.857142857143
0.571428571429
0.888888888889
1.0
0.666666666667
0.666666666667
0.571428571429
0.666666666667
0.5
0.5
0.5
0.333333333333
0.666666666667
1.0
0.333333333333
0.8
0.666666666667
0.571428571429
0.333333333333
0.75
0.8
0.8
0.666666666667
0.666666666667
0.8
0.666666666667
0.444444444444
0.571428571429
0.666666666667
0.666666666667
0.857142857143
0.666666666667
0.333333333333
0.333333333333
0.5
0.333333333333
0.857142857143
0.5
0.5
0.571428571429
0.666666666667
0.727272727273
0.615384615385
0.75
0.333333333333
0.333333333333
0.571428571429
0.6
0.666666666667
0.333333333333
0.5
0.4
0.444444444444
0.666666666667
0.571428571429
0.571428571429
0.333333333333
0.571428571429
0.666666666667
0.333333333333
0.666666666667
0.571428571429
0.285714285714
0.333333333333
0.333333333333
0.333333333333
0.285714285714
0.666666666667
0.8
0.888888888889
0.666666666667
0.333333333333
0.666666666667
0.666666666667
0.333333333333
0.6
0.25
0.333333333333
0.888888888889
0.533333333333
0.666666666667
0.571428571429
0.571428571429
0.444444444444
0.727272727273
0.8
0.4
0.5
0.666666666667
0.666666666667
0.333333333333
0.285714285714
0.285714285714
0.666666666667
0.666666666667
0.285714285714
0.571428571429
0.25
0.0
0.333333333333
0.727272727273
0.75
0.571428571429
0.571428571429
0.571428571429
0.571428571429
0.285714285714
0.285714285714
0.333333333333
0.333333333333
0.8
0.333333333333
0.545454545455
0.2
0.444444444444
0.666666666667
0.4
0.444444444444
0.333333333333
0.333333333333
0.571428571429
0.285714285714
0.285714285714
0.4
0.0
0.0
0.333333333333
0.333333333333
0.333333333333
0.0
0.333333333333
0.25
0.25
0.571428571429
0.666666666667
0.6
0.333333333333
0.857142857143
0.333333333333
0.333333333333
0.333333333333
0.333333333333
0.4
0.666666666667
0.5
0.428571428571
0.285714285714
0.333333333333
0.4
0.4
0.444444444444
0.2
0.4
0.333333333333
0.333333333333
0.0
0.285714285714
0.25
0.363636363636
0.727272727273
0.6
0.75
0.333333333333
0.333333333333
0.0
0.0
0.285714285714
0.0
0.666666666667
0.0
0.285714285714
0.0
0.0
0.285714285714
0.285714285714
0.666666666667
0.285714285714
0.0
0.333333333333
0.333333333333
0.666666666667
0.0
0.285714285714
0.0
0.4
0.571428571429
0.571428571429
0.666666666667
0.615384615385
0.333333333333
0.0
0.333333333333
0.666666666667
0.285714285714
0.333333333333
0.285714285714
0.6
0.75
0.444444444444
0.666666666667
0.444444444444
0.533333333333
0.4
0.666666666667
0.571428571429
0.333333333333
0.571428571429
0.571428571429
0.571428571429
0.5
0.545454545455
0.444444444444
0.571428571429
0.5
0.571428571429
0.6
0.285714285714
0.8
0.333333333333
0.571428571429
0.285714285714
0.222222222222
0.4
0.0
0.285714285714
0.4
0.0
0.0
0.705882352941
0.5
0.6
0.666666666667
0.4
0.285714285714
0.25
0.888888888889
0.75
0.5
0.4
0.5
0.0
0.25
0.285714285714
0.571428571429
0.333333333333
0.333333333333
0.0
0.0
0.0
0.0
0.666666666667
0.333333333333
0.4
0.25
0.5
0.5
0.444444444444
0.666666666667
0.571428571429
0.5
0.363636363636
0.285714285714
0.333333333333
0.333333333333
0.285714285714
0.222222222222
0.285714285714
0.333333333333
0.285714285714
0.333333333333
0.25
0.0
0.222222222222
0.333333333333
0.588235294118
0.0
0.25
0.0
0.0
0.5
0.444444444444
0.0
0.333333333333
0.444444444444
0.285714285714
0.25
0.75
0.142857142857
0.25
0.285714285714
0.0
0.166666666667
0.0
0.25
0.2
0.181818181818
0.636363636364
0.5
0.6
0.25
0.333333333333
0.666666666667
0.5
0.571428571429
0.285714285714
0.333333333333
0.444444444444
0.307692307692
0.285714285714
0.0
0.285714285714
0.444444444444
0.25
0.571428571429
0.4
0.592592592593
0.0
0.285714285714
0.0
0.0
0.285714285714
0.25
0.25
0.222222222222
0.444444444444
0.222222222222
0.461538461538
0.4
0.5
0.222222222222
0.181818181818
0.0
0.25
0.285714285714
0.285714285714
0.285714285714
0.222222222222
0.2
0.25
0.285714285714
0.0
0.0
0.0
0.333333333333
0.0
0.444444444444
0.0
0.6
0.0
0.0
0.25
0.25
0.0
0.461538461538
0.666666666667
0.25
0.285714285714
0.285714285714
0.0
0.333333333333
0.5
0.181818181818
0.571428571429
0.0
0.25
0.181818181818
0.222222222222
0.6
0.0
0.888888888889
0.0
0.285714285714
0.25
0.666666666667
0.4
0.444444444444
0.545454545455
0.857142857143
0.285714285714
0.25
0.4
0.222222222222
0.222222222222
0.666666666667
0.5
0.4
0.25
0.0
0.2
0.2
0.352941176471
0.285714285714
0.0
0.0
0.222222222222
0.4
0.333333333333
0.363636363636
0.4
0.0
0.333333333333
0.333333333333
0.0
0.461538461538
0.166666666667
0.25
0.2
0.5
0.0
0.0
0.5
0.285714285714
0.0
0.0
0.0
0.333333333333
0.0
0.0
0.363636363636
0.333333333333
0.75
0.0
0.0
0.0
0.0
0.0
0.222222222222
0.222222222222
0.4
0.25
0.25
0.222222222222
0.0
0.0
0.0
0.666666666667
0.0
0.0
0.0
0.0
0.363636363636
0.285714285714
0.285714285714
0.285714285714
0.0
0.0
0.2
0.0
0.0
0.333333333333
0.333333333333
0.181818181818
0.5
0.363636363636
0.4
0.0
0.4
0.0
0.0
0.4
0.0
0.2
0.526315789474
0.571428571429
0.0
0.25
0.0
0.0
0.333333333333
0.571428571429
0.571428571429
0.285714285714
0.5
0.25
0.8
0.25
0.285714285714
0.333333333333
0.25
0.2
0.0
0.461538461538
0.0
0.0
0.153846153846
0.0
0.333333333333
0.25
0.0
0.222222222222
0.222222222222
0.285714285714
0.545454545455
0.333333333333
0.0
0.0
0.4
0.333333333333
0.0
0.222222222222
0.25
0.333333333333
0.25
0.0
0.470588235294
0.307692307692
0.285714285714
0.333333333333
0.222222222222
0.5
0.0
0.0
0.0
0.285714285714
0.4
0.0
0.0
0.181818181818
0.0
0.0
0.0
0.4
0.0
0.0
0.222222222222
0.25
0.0
0.222222222222
0.0
0.222222222222
0.222222222222
0.2
0.0
0.0
0.0
0.4
0.153846153846
0.444444444444
0.222222222222
0.222222222222
0.0
0.222222222222
0.0
0.0
0.0
0.0
0.0
0.285714285714
0.333333333333
