0.5
0.25
0.0
0.6
0.0
0.0
0.0
0.5
1.0
0.4
1.0
0.0
1.0
0.4
0.333333333333
0.5
1.0
0.5
1.0
0.0
0.333333333333
0.5
0.8
0.4
1.0
0.5
1.0
0.4
1.0
0.0
0.5
0.5
0.5
0.5
1.0
0.8
0.0
0.666666666667
1.0
1.0
1.0
0.0
0.5
0.5
0.5
0.5
0.5
0.5
0.5
0.5
0.4
0.5
0.333333333333
0.888888888889
1.0
0.5
0.5
0.5
0.0
0.5
0.5
0.0
1.0
1.0
0.5
0.0
0.5
1.0
0.666666666667
0.857142857143
0.0
0.0
1.0
1.0
0.0
0.0
0.571428571429
0.8
0.4
0.666666666667
0.0
0.0
0.75
0.5
0.333333333333
0.666666666667
0.0
1.0
0.5
0.0
0.5
0.0
0.5
0.5
0.285714285714
0.285714285714
0.4
1.0
0.444444444444
0.25
0.0
0.0
0.25
0.8
0.0
0.4
0.5
0.5
0.0
0.0
0.5
0.666666666667
0.6
0.5
0.0
0.5
1.0
0.4
0.222222222222
0.5
0.0
0.0
0.0
0.0
0.0
0.0
0.0
0.4
0.0
0.0
0.0
0.0
1.0
0.666666666667
0.0
0.333333333333
0.5
0.5
0.0
0.0
0.0
0.5
0.0
0.666666666667
0.8
0.5
0.666666666667
0.666666666667
0.0
0.666666666667
0.0
0.0
0.0
0.0
0.0
0.25
1.0
1.0
0.0
0.0
0.0
0.5
0.0
0.0
0.5
0.0
0.5
0.4
0.5
0.0
0.666666666667
0.5
0.0
0.25
0.545454545455
1.0
0.5
0.0
0.333333333333
0.4
0.0
0.0
0.0
0.5
0.5
0.0
0.0
0.0
0.0
0.0
0.285714285714
0.666666666667
0.8
0.285714285714
0.0
0.4
0.0
0.5
0.666666666667
0.0
0.0
0.4
0.0
0.857142857143
1.0
0.5
0.5
0.4
0.5
0.0
0.0
0.333333333333
0.0
0.5
1.0
0.0
0.75
0.5
0.0
0.0
0.666666666667
0.5
0.666666666667
0.0
0.5
0.5
0.285714285714
0.285714285714
0.0
0.5
0.0
0.4
0.5
0.0
0.0
0.0
0.0
0.4
0.0
0.0
0.0
0.0
0.666666666667
0.545454545455
0.333333333333
0.0
0.0
0.4
0.5
0.285714285714
0.0
0.0
0.0
0.285714285714
0.5
0.0
0.4
0.0
0.4
0.285714285714
0.0
0.285714285714
0.0
0.0
0.0
0.0
0.0
0.0
0.0
0.666666666667
0.571428571429
0.5
0.0
0.5
0.5
0.0
0.25
0.0
0.0
0.571428571429
0.153846153846
0.0
0.0
0.4
0.285714285714
0.444444444444
0.5
0.0
0.0
0.5
0.5
0.0
0.0
0.0
0.0
0.285714285714
0.0
0.0
0.0
0.0
0.0
0.222222222222
0.666666666667
0.4
0.0
0.4
0.4
0.0
0.0
0.0
0.0
0.666666666667
0.0
0.222222222222
0.0
0.0
0.0
0.25
0.285714285714
0.0
0.0
0.4
0.0
0.0
0.0
0.0
0.0
0.0
0.0
0.0
0.0
0.0
0.0
0.0
0.4
0.571428571429
0.25
0.0
0.4
0.0
0.0
0.0
0.0
0.0
0.571428571429
0.0
0.166666666667
0.0
0.0
0.0
0.0
0.25
0.0
0.0
0.0
0.0
0.0
0.0
0.0
0.222222222222
0.666666666667
0.25
0.333333333333
0.0
0.0
0.0
0.0
0.0
0.0
0.5
0.0
0.0
0.0
0.0
0.0
0.0
0.5
0.0
0.0
0.0
0.0
0.0
0.0
0.0
0.0
0.0
0.4
0.4
0.571428571429
0.363636363636
0.0
0.0
0.0
0.5
0.0
0.0
0.0
0.0
0.333333333333
0.0
0.285714285714
0.0
0.153846153846
0.0
0.0
0.166666666667
0.0
0.4
0.4
0.0
0.0
0.222222222222
0.0
0.4
0.0
0.0
0.25
0.0
0.666666666667
0.0
0.4
0.0
0.0
0.0
0.0
0.0
0.0
0.0
0.0
0.533333333333
0.333333333333
0.25
0.285714285714
0.25
0.0
0.0
0.285714285714
0.0
0.0
0.0
0.0
0.0
0.0
0.0
0.0
0.0
0.0
0.0
0.0
0.0
0.0
0.4
0.0
0.0
0.0
0.0
0.333333333333
0.0
0.571428571429
0.0
0.333333333333
0.222222222222
0.0
0.0
0.0
0.0
0.0
0.0
0.0
0.0
0.0
0.0
0.0
0.0
0.0
0.133333333333
0.0
0.0
0.0
0.0
0.4
0.285714285714
0.0
0.0
0.0
0.0
0.0
0.333333333333
0.0
0.0
0.0
0.0
0.0
0.0
0.0
0.0
0.0
0.5
0.2
0.0
0.0
0.0
0.0
0.0
0.4
0.0
0.0
0.0
0.0
0.0
0.0
0.0
0.0
0.0
0.0
0.0
0.24
0.0
0.0
0.0
0.0
0.0
0.0
0.0
0.0
0.0
0.0
0.181818181818
0.0
0.0
0.0
0.0
0.0
0.0
0.0
0.0
0.0
0.0
0.0
0.0
0.0
0.0
0.0
0.0
0.0
0.0
0.0
0.0
0.25
0.0
0.0
0.0
0.0
0.0
0.181818181818
0.0
0.0
0.0
0.0
0.0
0.0
0.0
0.0
0.0
0.0
0.0
0.0
0.0
0.25
0.0
0.285714285714
0.0
0.0
0.0
0.5
0.0
0.0
0.222222222222
0.8
0.0
0.0
0.25
0.0
0.0
0.5
0.2
0.0
0.0
0.0
0.0
0.0
0.0
0.0
0.0
0.0
0.0
0.25
0.0
0.0
0.0
0.0
0.0
0.0
0.0
0.181818181818
0.0
0.0
0.0
0.333333333333
0.0
0.0
0.0
0.0
0.0
0.0
0.0
0.0
0.0
0.0
0.0
0.0
0.0
0.0
0.0
0.0
0.0
0.0
0.0
0.0
0.25
0.0
0.0
0.0
0.0
0.0
0.0
0.0
0.0
0.0
0.0
0.0
0.0
0.0
0.0
0.0
0.0
0.0
0.0
0.0
0.0
0.0
0.0
0.0
0.333333333333
0.222222222222
0.0
0.0
0.0
0.0
0.0
0.0
0.0
0.0
0.117647058824
0.4
0.0
0.0
0.0
0.0
0.0
0.4
0.4
0.0
0.2
0.0
0.25
0.0
0.0
0.2
0.0
0.0
0.0
0.0
0.0
0.0
0.0
0.0
0.0
0.0
0.0
0.0
0.0
0.0
0.444444444444
0.125
0.0
0.0
0.0
0.0
0.0
0.0
0.0
0.0
0.0
0.0
0.0
0.0
0.0
0.0
0.0
0.142857142857
0.0
0.0
0.0
0.0
0.0
0.0
0.0
0.0
0.0
0.0
0.0
0.0
0.0
0.0
0.0
0.0
0.0
0.0
0.0
0.0
0.0
0.0
0.0
0.0
0.0
0.307692307692
0.0
0.0
0.0
0.0
0.0
0.0
0.0
0.0
0.0
0.0
0.0
0.0
0.0
