1.0
1.0
0.645161290323
0.868
1.0
0.735849056604
1.0
0.777777777778
1.0
0.694029850746
1.0
0.555555555556
1.0
0.883720930233
0.833333333333
0.75
1.0
0.777777777778
1.0
0.723684210526
0.8125
0.777777777778
0.888888888889
0.909090909091
1.0
0.722222222222
1.0
0.877192982456
1.0
0.611111111111
0.75
0.75
0.75
0.75
1.0
0.888888888889
0.609719058466
0.925373134328
1.0
1.0
1.0
0.777777777778
0.833333333333
0.722222222222
0.722222222222
0.722222222222
0.777777777778
0.777777777778
0.722222222222
0.722222222222
0.896551724138
0.833333333333
0.816568047337
0.95652173913
1.0
0.833333333333
0.718232044199
0.833333333333
0.75
0.777777777778
0.708333333333
1.0
1.0
1.0
0.777777777778
0.498297740638
0.777777777778
1.0
0.875
0.909090909091
0.666666666667
0.625
1.0
1.0
0.722222222222
0.566395663957
0.947368421053
0.888888888889
0.896551724138
0.833333333333
0.666666666667
0.666666666667
0.9
0.75
0.598807749627
0.950819672131
0.717948717949
1.0
0.777777777778
1.0
0.833333333333
0.611111111111
0.777777777778
0.780141843972
0.90243902439
0.727337110482
0.681818181818
1.0
0.780918727915
0.826781857451
0.491525423729
0.591549295775
0.669983416252
0.909090909091
0.5
0.673527730132
0.714285714286
0.777777777778
0.765765765766
0.625
0.789473684211
0.818181818182
0.849673202614
0.74
0.562962962963
0.866666666667
1.0
0.857142857143
0.826377295492
0.777777777778
0.58064516129
0.597014925373
0.225
0.666666666667
0.6
0.625
0.6
0.825214899713
0.492957746479
0.777777777778
0.513513513514
0.492957746479
1.0
0.921348314607
0.733333333333
0.808510638298
0.75
0.722222222222
0.582010582011
0.527777777778
0.555555555556
0.722222222222
0.6125
0.875
0.888888888889
0.777777777778
0.787878787879
1.0
0.682698730795
0.787878787879
0.586666666667
1.0
0.645161290323
0.266666666667
0.6
0.8
1.0
1.0
0.70260557053
0.744680851064
0.744680851064
0.75
0.493882646692
0.705691056911
0.780141843972
0.5
0.833333333333
0.877192982456
0.833333333333
0.488636363636
0.787878787879
0.777777777778
0.752066115702
0.85
0.827956989247
1.0
0.777777777778
0.585365853659
0.842592592593
0.666666666667
0.5
0.519310754605
0.577625570776
0.733333333333
0.780141843972
0.589147286822
0.625
0.625
0.266666666667
0.625
0.86231884058
0.828125
0.877192982456
0.731221719457
0.705691056911
0.909090909091
0.234534534535
0.722222222222
0.846153846154
0.266666666667
0.625
0.857142857143
0.642857142857
0.909090909091
1.0
0.804597701149
0.780141843972
0.654926624738
0.777777777778
0.625
0.698162729659
0.6875
0.511111111111
0.722222222222
1.0
0.504504504505
1.0
0.701320132013
0.590909090909
0.5
0.787878787879
0.892307692308
0.833333333333
0.833333333333
0.777777777778
0.866666666667
0.711111111111
0.849673202614
0.714285714286
0.833333333333
0.833333333333
0.896551724138
1.0
0.75
0.555555555556
0.614406779661
0.611111111111
0.896551724138
0.666666666667
0.765217391304
0.666666666667
0.746256239601
0.84236453202
0.827956989247
0.875
0.506088280061
0.561056105611
0.645390070922
0.659393939394
0.777777777778
0.454545454545
0.796460176991
0.562248995984
0.570181818182
0.777777777778
0.705882352941
0.628571428571
0.733333333333
0.66265060241
0.728173374613
0.527777777778
0.767123287671
0.668727460072
0.467169600447
0.437389770723
0.556655665567
0.527777777778
0.40479599141
1.0
0.838709677419
0.898305084746
0.833333333333
0.493882646692
0.748971193416
0.75
0.470501474926
0.844970414201
0.482040229885
0.464285714286
0.918918918919
0.830570902394
0.741573033708
0.626822157434
0.678336980306
0.705882352941
0.84236453202
0.844970414201
0.633027522936
0.6
0.833333333333
0.777777777778
0.485714285714
0.433070866142
0.479130434783
0.733333333333
0.760869565217
0.57037037037
0.717948717949
0.46511627907
0.315691111609
0.777777777778
0.781527531083
0.875
0.686616791355
0.669230769231
0.933333333333
0.642857142857
0.450495049505
0.399953084682
0.532407407407
0.45291283399
0.857142857143
0.495689655172
0.69696969697
0.323993144816
0.554793381558
0.833333333333
0.824242424242
0.806201550388
0.722222222222
0.45291283399
0.698162729659
0.666666666667
0.47591522158
0.503978779841
0.291666666667
0.291666666667
0.477262693157
0.555555555556
0.490566037736
0.331473733147
0.429246251797
0.612994350282
0.5
0.674311926606
0.835978835979
0.694964028777
0.501231104878
0.857142857143
0.63768115942
0.445828390668
0.75
0.555555555556
0.633027522936
0.730158730159
0.674603174603
0.695970695971
0.432145305003
0.478260869565
0.525
0.532786885246
0.660048324404
0.425079187628
0.6
0.541310541311
0.505494505495
0.240761904762
0.436664415935
0.404637896825
0.745960165351
0.782608695652
0.705128205128
0.787878787879
0.583333333333
0.611111111111
0.290163934426
0.333333333333
0.669230769231
0.215019439329
0.722222222222
0.30303030303
0.539341917024
0.24194308501
0.251572327044
0.765765765766
0.537154989384
0.733333333333
0.469019607843
0.253813696852
0.5
0.5
0.7
0.381818181818
0.470588235294
0.220125786164
0.562248995984
0.717948717949
0.626931567329
0.690647482014
0.827956989247
0.492957746479
0.218181818182
0.541310541311
0.683544303797
0.465505029041
0.436507936508
0.385081585082
0.682926829268
0.823529411765
0.60612244898
0.764790764791
0.619504396483
0.695906432749
0.545112781955
0.896551724138
0.666666666667
0.411603721949
0.681818181818
0.753424657534
0.888888888889
0.69776119403
0.674074074074
0.611111111111
0.753424657534
0.65564738292
0.639784946237
0.723270440252
0.562372188139
0.838709677419
0.754901960784
0.679674796748
0.44511627907
0.360375050958
0.552845528455
0.207990964281
0.361904761905
0.545112781955
0.280329799764
0.218253968254
0.857142857143
0.666666666667
0.841584158416
0.803986710963
0.562248995984
0.5168
0.5
0.928571428571
0.796568627451
0.633333333333
0.563636363636
0.65564738292
0.253623188406
0.371290944123
0.428659286593
0.698162729659
0.501406469761
0.492063492063
0.190977187606
0.271312872975
0.296296296296
0.298245614035
0.75
0.477262693157
0.537974683544
0.418738898757
0.8
0.708333333333
0.567847674138
0.770609318996
0.909090909091
0.537209302326
0.527095835606
0.485407725322
0.431812865497
0.526315789474
0.494683310217
0.698412698413
0.44511627907
0.611111111111
0.440219092332
0.549494949495
0.360550233358
0.215416666667
0.5
0.496834264432
0.687572590012
0.1868173258
0.491149937193
0.251707650273
0.263859649123
0.675628986534
0.598290598291
0.255434782609
0.597701149425
0.595477181811
0.445137805512
0.438461538462
0.775510204082
0.399489795918
0.460834762722
0.40723155588
0.215384615385
0.55479071061
0.223798266351
0.39785802797
0.428274967575
0.589985961628
0.798856053384
0.636363636364
0.63829787234
0.473684210526
0.473317161916
0.746256239601
0.612817089453
0.642533936652
0.456752655539
0.44250363901
0.616104868914
0.525423728814
0.428719313812
0.300230946882
0.420195439739
0.646258503401
0.559934318555
0.853658536585
0.506543494996
0.780411667154
0.141018907563
0.47619047619
0.30303030303
0.211040676175
0.478260869565
0.377823408624
0.378417526707
0.471032745592
0.736399326977
0.344499668655
0.69652710159
0.589147286822
0.823529411765
0.523222748815
0.355412270418
0.452232435982
0.384671179884
0.478260869565
0.42562432139
0.457207207207
0.353184394798
0.426377597109
0.618686868687
0.444074567244
0.17045045045
0.264560099133
0.277777777778
0.460843373494
0.249615975422
0.563636363636
0.25
0.675645342312
0.281590413943
0.233428844317
0.53452685422
0.495495495495
0.294274509804
0.619900497512
0.833333333333
0.373466918589
0.483357108892
0.490610328638
0.25
0.442264752791
0.695480631277
0.643274853801
0.933333333333
0.202074074074
0.645161290323
0.53288217942
0.603665521191
0.807692307692
0.455284552846
0.928571428571
0.234491661433
0.55
0.537313432836
0.833333333333
0.52
0.574095532381
0.697421981004
0.896551724138
0.447004608295
0.497237569061
0.546875
0.4730713246
0.422695830996
0.777777777778
0.667166416792
0.573591253154
0.531045751634
0.153195985209
0.38985368778
0.341274817137
0.622222222222
0.546379413525
0.30612244898
0.175882352941
0.560830860534
0.619713261649
0.462769234561
0.572322749516
0.595283742331
0.217351598174
0.503567787971
0.527777777778
0.220754716981
0.651651651652
0.405523255814
0.372745490982
0.562414266118
0.588235294118
0.239016236867
0.329664570231
0.640243902439
0.456752655539
0.246722846442
0.251226778829
0.20625
0.48765934364
0.318093654752
0.261111111111
0.583000317158
0.459957173448
1.0
0.265813788202
0.209236298293
0.510204081633
0.287148594378
0.170847717683
0.481481481481
0.354940379891
0.747727272727
0.429835747032
0.4875
0.537315875614
0.237003058104
0.243445692884
0.201509186352
0.750442477876
0.313069016153
0.176329588015
0.279569892473
0.151351351351
0.625368731563
0.514541387025
0.357142857143
0.476245766812
0.239289145053
0.26706231454
0.63829787234
0.314459161148
0.267702936097
0.483785220627
0.498456790123
0.394202898551
0.666666666667
0.543424096814
0.65625
0.291005291005
0.572289156627
0.213636363636
0.324786324786
0.597142857143
0.206704980843
0.366989768444
0.702324768397
0.630136986301
0.248888888889
0.537313432836
0.232471713298
0.26065428824
0.537467700258
0.669257340242
0.769230769231
0.442708333333
0.648854961832
0.614173228346
1.0
0.473515981735
0.441860465116
0.623727735369
0.468965517241
0.388307984791
0.267666666667
0.609725942716
0.269230769231
0.260869565217
0.386590424936
0.291532690247
0.406435816719
0.6125
0.279056047198
0.439393939394
0.625
0.515926424406
0.71686746988
0.494300518135
0.197731239092
0.265522875817
0.60593220339
0.775510204082
0.292102966841
0.612612612613
0.669076671791
0.552989130435
0.488355167394
0.156862745098
0.631880873917
0.608187134503
0.509933774834
0.466666666667
0.438202247191
0.629198152813
0.27183908046
0.249350649351
0.169898430286
0.490610328638
0.543006134969
0.2907716786
0.284552845528
0.38358677287
0.188709677419
0.258693808312
0.223691460055
0.532894736842
0.257510729614
0.228542612204
0.518439716312
0.495495495495
0.438871473354
0.382663771263
0.280193236715
0.386991869919
0.39188712522
0.359553123575
0.233335044095
0.186004825922
0.19458168643
0.549118387909
0.65552407932
0.801857585139
0.635738831615
0.436507936508
0.27345276873
0.43746031746
0.301379310345
0.490897677338
0.289608177172
0.246913580247
0.325396825397
0.457207207207
0.502521008403
