0.716805355117
0.973668089001
0.575566225179
0.783337935142
0.745346294787
0.711252106416
0.720689322793
0.730078851937
0.615954504763
0.737057683124
0.860783564448
0.53817291092
0.890681350049
0.52554621738
0.739329890974
0.797376321423
0.965933032988
0.772362373238
0.965933032988
0.701636173751
0.791582123747
0.75658738732
0.92093960958
0.92696311834
0.798533030936
0.701311206133
0.637772991992
0.855567863545
0.694328153277
0.559919477121
0.808452480294
0.801912399207
0.74379962486
0.808452480294
0.680665827071
0.853143167049
0.658665106668
0.524798378819
0.690120912918
0.682344125986
0.636523446265
0.581182882702
0.817906703321
0.709645449006
0.709645449006
0.709645449006
0.721247537894
0.721247537894
0.709645449006
0.709645449006
0.861838894653
0.775332277738
0.837601276691
0.875000425728
0.864826398792
0.817548555622
0.709229672169
0.808450058987
0.594815484405
0.735547093472
0.703427754639
0.581730033097
0.711849215353
0.872447023549
0.592325090297
0.533935768475
0.681984111245
0.691739715136
0.871724071801
0.834955302119
0.625309949035
0.591219517634
0.871797008014
0.680229552404
0.454688394404
0.528922778627
0.89191184154
0.873162612472
0.844643673682
0.697992071732
0.576149380437
0.622567003416
0.773356801101
0.731327846396
0.607795151597
0.799182732752
0.722266609172
0.627079260359
0.744551748001
0.3668336031
0.815039421403
0.574684768251
0.718049671127
0.705258256134
0.705549566429
0.783381336869
0.687002709805
0.657923463087
0.797859721443
0.59063017868
0.587250554298
0.468253835352
0.612694417857
0.877210258418
0.530223985988
0.643513710248
0.723474316155
0.637042594513
0.410609174641
0.712069641942
0.651732139976
0.701457276016
0.745375643878
0.632433423582
0.579098582851
0.83400911877
0.685398753625
0.547023007538
0.596654406781
0.67186482266
0.586299457955
0.601464541054
0.296378821871
0.610930191129
0.598655739208
0.61447539092
0.598655739208
0.694018692706
0.455916670742
0.471124497954
0.415751103756
0.455916670742
0.5767547188
0.714939392754
0.419521835865
0.814297155034
0.655572205065
0.643958031173
0.557221741573
0.473018182486
0.563744558381
0.662770451757
0.511852811248
0.423669091395
0.79323964667
0.722474287388
0.855659916751
0.730081428521
0.632579571459
0.855659916751
0.670442749944
0.84665403259
0.589132698636
0.317118319611
0.679828561178
0.67701325978
0.654563627167
0.310569960546
0.663873914559
0.49974103674
0.49974103674
0.738188437365
0.451542535564
0.677931973478
0.66181751599
0.528424466568
0.716064113975
0.529881808439
0.750533285924
0.474788970401
0.785626006525
0.714534364216
0.669806432506
0.529143726063
0.668045774547
0.620926145374
0.68757632239
0.581030205799
0.796920467677
0.682037752972
0.497553577253
0.423471000515
0.522181596253
0.682709215929
0.708423528893
0.586073385416
0.610238626341
0.610238626341
0.290033506499
0.614815050821
0.722216593285
0.814255523076
0.820314981347
0.719977658464
0.637700367137
0.617046938695
0.293337431871
0.67789056017
0.738992110881
0.302270050225
0.551945100595
0.578063726252
0.649221960799
0.826463595607
0.59842413282
0.396271612555
0.657354248941
0.658175692187
0.449115660181
0.603994509576
0.54183491676
0.612148207631
0.567123108309
0.656594355193
0.552626942304
0.534020856025
0.52201251389
0.581836276444
0.503402225944
0.513956535585
0.78734956517
0.747263239082
0.738462029752
0.72377778886
0.422229151411
0.641447319707
0.63294019552
0.537213201711
0.619803566196
0.714669018726
0.293597970707
0.592671711807
0.414421312186
0.471713271516
0.448020112584
0.523466414548
0.400429737083
0.730773021841
0.586422019801
0.562143528171
0.679362881422
0.552072716011
0.691267345435
0.60595139643
0.647129362966
0.488559471461
0.487997268616
0.350244237308
0.473732416436
0.477273939972
0.348361343779
0.644366393811
0.510227888655
0.515684082792
0.639776358039
0.580557990904
0.570881621361
0.449936191249
0.636439318675
0.720386189995
0.392849514089
0.676421070108
0.262941540781
0.40744693089
0.496827272658
0.444749248034
0.476921330306
0.393312076852
0.64900705506
0.755738773641
0.535744381356
0.484688788883
0.493843932332
0.683317148332
0.636038957977
0.391462940691
0.688583388505
0.422506043358
0.462771195466
0.596365871478
0.40935108043
0.600498293112
0.633167127903
0.644428299608
0.565861998516
0.711016537894
0.533072268303
0.553790020317
0.479238810801
0.642228412801
0.472123974067
0.45824156536
0.405582451694
0.340879004956
0.587171008794
0.680546031728
0.522166059388
0.626634256567
0.40623041324
0.189037844293
0.417631581556
0.583468769771
0.537281928987
0.550240003163
0.639154089573
0.69067939132
0.59327294066
0.36053927064
0.342906860909
0.474738387573
0.353567115158
0.736345585446
0.49855008522
0.580107269269
0.295007066376
0.48198534812
0.672206796834
0.418505200627
0.397194484644
0.540550585787
0.384326608776
0.56957684921
0.323476833589
0.406969819256
0.439591157966
0.312538184178
0.312538184178
0.49064033065
0.395078764935
0.403643350336
0.211797055684
0.383699899204
0.450955497851
0.413955342247
0.557445498746
0.405227105008
0.648467951693
0.445281233597
0.591150704304
0.55526943134
0.434499604679
0.368619992776
0.51335598787
0.54159090096
0.723104814278
0.679135298818
0.575816650244
0.351068205984
0.4267922745
0.500376984778
0.480665652616
0.453649837179
0.361524297833
0.414160562794
0.41598579468
0.486149378957
0.229059114311
0.377534548925
0.363854001728
0.510798165382
0.705541684614
0.57998727785
0.70626346906
0.479468116531
0.455153306699
0.285628942792
0.311479089436
0.311328319675
0.201714721161
0.403570938486
0.208570217742
0.397166373079
0.19443100787
0.285136823992
0.448980193002
0.402547765325
0.546715742578
0.377963304849
0.182084390415
0.441907510563
0.429175317985
0.731855672482
0.198786434249
0.423945062347
0.22791902301
0.490317245312
0.5795690244
0.61751550009
0.461377728274
0.545130948848
0.425220745612
0.295153718985
0.386919907372
0.731568647705
0.36991918685
0.340554436222
0.341484160959
0.589054160046
0.701590197161
0.547002759328
0.638265987374
0.428112613807
0.534405544222
0.387339964116
0.340021574702
0.436109273393
0.420153002135
0.558436484236
0.651559917574
0.57624502267
0.434387057582
0.417009618243
0.38378996605
0.351463344123
0.459665822918
0.527474491074
0.428185393219
0.406900841479
0.356821059075
0.418138812386
0.339458255746
0.415331222735
0.451213263156
0.44487708986
0.203989163491
0.368650885316
0.5167661918
0.272505891643
0.102531819482
0.580630675824
0.628324249275
0.401029182913
0.666416489
0.430820447605
0.391233138966
0.481173372066
0.625491142573
0.517208705967
0.542721989455
0.474196751441
0.544022274407
0.212619273317
0.308865134187
0.370471061489
0.433401353162
0.380615834463
0.497722429201
0.189771119979
0.272949040577
0.191837250491
0.305183631906
0.455626691566
0.412420617529
0.403185746471
0.383833247505
0.567961347684
0.230103604687
0.423099687945
0.407207138807
0.221857249288
0.25070787155
0.403508951297
0.44341685604
0.361032569986
0.350689378236
0.402151887436
0.20119173573
0.365518126553
0.383295469409
0.363566589158
0.51083091797
0.332737431401
0.191611013162
0.467680455433
0.299087775336
0.588012031077
0.16283035103
0.383341771784
0.153265179796
0.268965916766
0.599208101274
0.503827045526
0.174695588846
0.426320974266
0.563319323188
0.419124732335
0.36125085824
0.392998169526
0.251490425119
0.319970877501
0.471974257449
0.282600975207
0.443491714266
0.238505978705
0.273760481472
0.264041145986
0.314521528425
0.588677263573
0.275694433358
0.335668363131
0.320720094441
0.343130536044
0.620426304511
0.437486778068
0.703569978931
0.34633739421
0.511156912414
0.64253056777
0.408690805354
0.337477886346
0.198452462318
0.369276324026
0.547597120575
0.304974856519
0.346119704638
0.431833094935
0.596603977611
0.279983812599
0.413734692958
0.2151967251
0.197760519481
0.469209237036
0.320739520377
0.327771649551
0.457373507078
0.464402565988
0.372875006486
0.449315627535
0.492671807655
0.503926923301
0.404826491994
0.234460999001
0.218231437255
0.331167367069
0.287442637649
0.397757153894
0.331933247786
0.215832276104
0.341598628828
0.314265691331
0.295368318424
0.224192419421
0.174593082338
0.150790695825
0.372854760577
0.165390091998
0.385581190856
0.279973136702
0.605097638133
0.284982434701
0.211426327912
0.358952452999
0.457501826027
0.253625850309
0.362861741133
0.616978582859
0.308579068813
0.40205504105
0.320781537161
0.106494886338
0.372780586162
0.451175177191
0.251183204691
0.420824496858
0.0
0.300563108467
0.22400774894
0.310670105327
0.32944672762
0.342539059463
0.631744853888
0.326089546727
0.363082348526
0.33007678051
0.200313597155
0.131816776874
0.54897636526
0.540145865884
0.204680094964
0.408766601186
0.390729722824
0.447894933277
0.324024742616
0.33699626935
0.29924907066
0.469851702639
0.424484653431
0.325914629889
0.163831867439
0.38272389801
0.270094930263
0.385295116245
0.372345184134
0.167299526919
0.0687131996373
0.333155485675
0.36164346163
0.295181187082
0.370828009002
0.338532037056
0.176590199369
0.311416016713
0.31275879891
0.253851801226
0.314139846975
0.344616451434
0.231930814061
0.291694194942
0.225760768963
0.143038109108
0.153645757052
0.580710428789
0.264358895985
0.15945036014
0.277905135323
0.102663262941
0.399098867646
0.214326737859
0.205765336278
0.458324760389
0.275801828016
0.740140863122
0.144411450772
0.218695002646
0.0683694155802
0.270063959994
0.278579982
0.131272059159
0.280771881246
0.343502033323
0.379014806303
0.111236090208
0.202853587958
0.170286975714
0.187246133362
0.195699987524
0.417857742738
0.184652543982
0.235115920279
0.189662064821
0.269929083012
0.286917162733
0.314949815229
0.303183547847
0.415500888161
0.174427945701
0.219666556299
0.210035345139
0.290525353158
0.244456381762
0.265712218941
0.38931255095
0.233948206496
0.288147793917
0.426411113466
0.287643323928
0.190150814882
0.352335072242
0.238387976086
0.219094118104
0.522514928367
0.201386745354
0.266888228125
0.367681470284
0.242798987519
0.116432747448
0.496627862339
0.0893050557948
0.156064688855
0.337525697128
0.388552771518
0.349060232407
0.321166180384
0.424993132465
0.327470792155
0.499553653265
0.244375610028
0.290978659222
0.145756779196
0.369074426781
0.269265264097
0.258531540602
0.236353583654
0.21115391343
0.0987723748757
0.224162522812
0.0567990436058
0.216656176421
0.261291514719
0.144511420218
0.262535574609
0.377805155266
0.345598914533
0.385167642025
0.397224104413
0.178117106617
0.221307920881
0.206261532873
0.3219570821
0.167695997284
0.361861745306
0.16181536621
0.279659749826
0.294877118389
0.121757700362
0.378660771049
0.295457394268
0.352670545647
0.120739707864
0.323002003475
0.479780784794
0.113307835378
0.174082938456
0.231119890324
0.0
0.114640187001
0.196998133631
0.27284235468
0.140232275574
0.203722535962
0.218575244453
0.197461646498
0.427074217486
0.0790584572118
0.165086425613
0.390274160079
0.274717972381
0.170653630359
0.26937234879
0.24105039338
0.406386660682
0.27683872685
0.217624547577
0.135644791552
0.192998712647
0.0610574010446
0.504674223435
0.334762440729
0.248566327848
0.372232233196
0.0
0.145065385537
0.25481564755
0.172953596932
0.0
0.0
0.184933561643
0.100359269956
0.252770598355
0.0929935240509
