0.974584642669
0.99999999904
0.456421894255
0.810019950545
0.820627587325
0.838627221429
0.783332727666
0.892267352576
0.99999999914
0.647643748221
0.999999998395
0.803397759472
0.999999998992
0.999999999049
0.783136823926
0.800313960859
0.999999999097
0.796905974485
0.999999999097
0.867094449339
0.833981249299
0.758096120779
0.926453938496
0.934186793577
0.999999999351
0.562559355788
0.999999999211
0.81266659798
0.999999998899
0.737100058875
0.800313960859
0.787806575499
0.661023678505
0.800313960859
0.999999999007
0.932802074826
0.804947163884
0.950489145931
0.99999999883
0.999999998886
0.999999998642
0.598913360247
0.764316950172
0.562559355788
0.562559355788
0.562559355788
0.53586131423
0.53586131423
0.562559355788
0.562559355788
0.798568116355
0.886575579916
0.850390012295
0.929023382058
0.99999999882
0.860652653408
0.923900130711
0.80769740118
0.728661281001
0.79842365914
0.665970386177
0.999999997306
0.999999998888
0.999999998886
0.903828814141
0.729295040519
0.878225852103
0.999999998886
0.890619682454
0.916474197882
0.753614145488
0.336044964013
0.999999998834
0.999999998746
0.263996633854
0.547814446404
0.876683744521
0.930021428309
0.943337489771
0.853875070093
0.793566183854
0.731857430002
0.850189315304
0.76360447429
0.452306346694
0.862942789919
0.848236939572
0.999999998776
0.852266436855
0.829413504968
0.861004874943
0.597803074456
0.7493777801
0.768774122531
0.8657455444
0.840348365971
0.743620525708
0.999999999135
0.856903154343
0.748694583276
0.392183623625
0.4134799415
0.412856343609
0.934066439773
0.45761732726
0.557351481629
0.951168956873
0.583959723036
0.641264838985
0.584747363262
0.55938438991
0.889674721129
0.9210656439
0.704528396786
0.710828440641
0.87665164696
0.999999998981
0.883882432136
0.685643026033
0.579089168321
0.343850764849
0.379322426374
0.000751692452167
0.354505318059
0.343999473368
0.348657445222
0.343999473368
0.806057471832
0.757611796524
0.750000972449
0.770301432731
0.757611796524
0.999999998847
0.888431641757
0.285338775708
0.887535132467
0.941760118883
0.562559355788
0.619026363115
0.893813515068
0.811263762159
0.893240653538
0.486601782985
0.872422116922
0.825911419148
0.785895882322
0.8369400025
0.910152715268
0.817301323245
0.8369400025
0.586617069288
0.949512818236
0.354125169243
0.138525808271
0.65096976409
0.567092244713
0.999999998755
0.999999998677
0.551788772305
0.226210587822
0.226210587822
0.854308486354
0.179702460553
0.585379213668
0.911955755425
0.640025697157
0.786667971676
0.773406705418
0.73708037196
0.128524544636
0.734995143194
0.756493641966
0.848208997323
0.77795376967
0.861888891202
0.999999998886
0.730687450198
0.624936015679
0.836665400674
0.887462778589
0.42806936591
0.758069385578
0.406168345854
0.540897060947
0.897776933781
0.655749718157
0.344447766278
0.344447766278
0.201960508628
0.445438020422
0.813615642259
0.882210732508
0.886343061951
0.91066970604
0.722265569941
0.942994081227
0.123573547367
0.915644406052
0.755101885643
0.289806525228
0.640668353135
0.9555443692
0.75987074499
0.745038760596
0.999999998871
0.817875453924
0.768774122531
0.5228596799
0.89365736653
0.4358340774
0.617231685218
0.667701662315
0.566224508261
0.565113434332
0.999999998542
0.479650621609
0.831984792212
0.516494290949
0.597678658825
0.325920723851
0.841666900671
0.836073437116
0.919881701318
0.772256268205
0.892267352576
0.851978456375
0.740848457398
0.551855193507
0.7406406477
0.778438874337
0.876164082557
0.891223485119
0.882073602123
0.695471925138
0.447447877193
0.591386928965
0.575102979511
0.881184954455
0.600037882206
0.700320107756
0.83433373986
0.782737755455
0.752526601009
0.796619614159
0.906826685002
0.251965680376
0.644000437299
0.674745775652
0.638737343966
0.775705874239
0.276833152891
0.801281569853
0.505940631346
0.666229890308
0.649835735526
0.548598957577
0.523365309853
0.642813758711
0.733466365868
0.657086850748
0.33688176523
0.721234778183
0.83043734788
0.527514772361
0.0194118475492
0.299293219168
0.473917358107
0.313822757858
0.796245514608
0.807961201517
0.854413746684
0.762740203452
0.398472285741
0.832209504872
0.800313960859
0.232119402864
0.75138607484
0.419531358522
0.190602023347
0.874239161396
0.767328653083
0.561574442733
0.684929971505
0.499044361476
0.582353273091
0.881372750101
0.894479150599
0.346050164451
0.838040611139
0.754198653389
0.613449473989
0.318221221993
0.441193046133
0.212372146678
0.802852386054
0.702257743706
0.539337054398
0.63304786361
0.704981867795
0.0767517573377
0.685037022973
0.689789760144
0.767556221603
0.878019163233
0.914898112421
0.819462081459
0.576239443168
0.262871633741
0.508828705494
0.380576713542
0.196326245089
0.783990613732
0.295932796449
0.746654067352
0.335757071098
0.232745230869
0.76730251271
0.82977778553
0.551180422381
0.441294476221
0.196326245089
0.746175501501
0.655040618814
0.323552649651
0.296999456102
0.206023146965
0.206023146965
0.384041736094
0.215538658746
0.22880101175
0.103718701634
0.270674055038
0.521874198935
0.523563775236
0.676210316003
0.65951073545
0.916344583984
0.525217646758
0.958009643627
0.535517008363
0.30738391343
0.606934820004
0.827850519757
0.319970445253
0.815352371156
0.725246417093
0.777036744038
0.162749079522
0.168290254301
0.264114033663
0.241574261742
0.57326213164
0.320006208208
0.631784338083
0.230921906218
0.226032288225
0.117452228436
0.227458834968
0.241924061095
0.490631787542
0.768111433379
0.817612520823
0.8369400025
0.635920843461
0.41910198267
0.0102838743693
0.0202759666794
0.640809523274
0.0742148182606
0.893240653538
0.219657715734
0.245905941338
0.105571933807
0.0134871822833
0.585760206503
0.504121033404
0.540897060947
0.241494360827
0.170970576085
0.688872550289
0.567335969387
0.847837131562
0.133021356894
0.372966805131
0.0449906955414
0.23042109246
0.702810452331
0.718141454846
0.702524066805
0.695328826671
0.246519071215
0.551846646791
0.384586875974
0.758132200248
0.177247874448
0.125661350596
0.182601150691
0.640668030659
0.773598557909
0.554979751102
0.740351692849
0.711128886099
0.645407426818
0.373592908263
0.74850114
0.695757389794
0.384724078564
0.765904428359
0.652155140589
0.747091126558
0.527680232739
0.718108364186
0.624585362191
0.655910645256
0.58094335282
0.786855136768
0.814436705937
0.409517923439
0.827244460341
0.654186196224
0.778098073258
0.240932547406
0.329544563638
0.55870573656
0.0823170764113
0.236907778905
0.338250968099
0.164253005019
0.138613979136
0.902954457475
0.675541237982
0.789517269291
0.778499326998
0.280852527809
0.393860149485
0.647900377777
0.894291833397
0.848816290456
0.776225644155
0.451272279811
0.562017431639
0.00935980319574
0.172711058285
0.161172069961
0.734577642088
0.229510697142
0.541125823665
0.135808346836
0.170404736977
0.0640164114692
0.0859958282439
0.854704247047
0.150974881422
0.622218367445
0.161243887254
0.747524417233
0.896256426181
0.609622072488
0.713603640454
0.679378979046
0.673154974177
0.527427994739
0.495084196716
0.278665846448
0.288365568158
0.245832920064
0.266520450723
0.218221098036
0.361491565206
0.225167724299
0.254709839928
0.241019403408
0.0304148354548
0.508722453749
0.248827050391
0.657299160032
0.197231797194
0.196179974571
0.0938091137482
0.182381536112
0.787722718709
0.638245586068
0.0492699536349
0.32086251463
0.462209288479
0.440091448542
0.692962231081
0.858384930983
0.173969955128
0.144894349466
0.307075181227
0.0275889742204
0.705778042196
0.100716636273
0.611606528632
0.313573066393
0.446696959345
0.932981660261
0.838988164432
0.751706486436
0.0535540381155
0.333915777179
0.786784168433
0.585671182342
0.801737123918
0.187615866172
0.558686087369
0.777716558915
0.624644655204
0.254285515429
0.0980560667198
0.251260921375
0.829244038084
0.535154081121
0.667667873312
0.234269662726
0.69756548186
0.00959066050281
0.144174795598
0.271721075678
0.218601368931
0.386724974364
0.486444441649
0.223338529151
0.367092743146
0.833342105383
0.201876130597
0.508812168974
0.394281931779
0.866838008324
0.348622095249
0.350272191392
0.0319229924542
0.235548013919
0.310176865476
0.185986299518
0.102741573414
0.176678321695
0.412369800944
0.614359806214
0.15925100297
0.0104653076282
0.166808931888
0.055246441747
0.41053616011
0.0585899050389
0.590959861834
0.0143820432098
0.686664876606
0.22215163054
0.29230728447
0.21320364433
0.277326754466
0.0156299066138
0.551906655764
0.733097705527
0.663991031527
0.410726853215
0.21398440337
0.0500271608499
0.759743956142
0.725247460881
0.581460235968
0.668350051809
0.107917410264
0.572015299294
0.566310780389
0.295503391395
0.749835401935
0.375437241772
0.913453627931
0.0250050118174
0.358420439125
0.272300916804
0.754198653389
0.4283729023
0.618127503794
0.793665379753
0.919716069932
0.232164257869
0.549689569286
0.673095876901
0.246565025201
0.148203029157
0.88946109765
0.668531112374
0.263963963539
0.483902381522
0.0672902985271
0.417585928744
0.212917128222
0.606122761711
0.482085428025
0.0898228165081
0.0636929207179
0.253595791663
0.518539774744
0.68681328224
0.366663328612
0.569314574637
0.236969076666
0.550925430828
0.250133081752
0.0173395550361
0.666703140029
0.684176650515
0.12607278948
0.412639387406
0.726893499308
0.118766168805
0.176518315245
0.69532222171
0.366398904183
0.143894224712
0.0751073918356
0.10885647321
0.189426262256
0.0221059964105
0.173893700507
0.525305311352
0.326438316103
0.918768196958
0.105568424652
0.467504886544
0.118940794664
0.0178505240243
0.0174088915763
0.407645558705
0.10609506978
0.564385347622
0.0579695270482
0.472037518447
0.358065019627
0.0671984726201
0.0682992768108
0.0190747755638
0.881656430739
0.00324845873785
0.0217883827969
0.208865114623
0.0325040403616
0.652251169697
0.504819546794
0.429923342705
0.158366124848
0.000165899198296
0.208716215896
0.485721882986
0.0165018012832
0.121435650281
0.193012630065
0.227998335329
0.333177062881
0.795578508106
0.570314230568
0.490796468834
0.104984779447
0.457795262459
0.00556982610637
0.0316004012409
0.627760005699
0.0525869935623
0.102123154287
0.714468112949
0.543773853165
0.0110714165062
0.489486534178
0.0309465276295
0.142552872011
0.350524371504
0.473971083056
0.516059267636
0.304738886127
0.383485843109
0.362672762199
0.931297899232
0.373918310724
0.210825760142
0.501119975785
0.416747884165
0.225411085066
0.0342268686771
0.549562677234
0.0217882911085
0.208091126465
0.192225080462
0.0274203430026
0.154723326279
0.579605342373
0.186943234684
0.106291463431
0.462701613045
0.189662062387
0.617783276419
0.534761355268
0.0542924532832
0.0061100488998
0.604236676936
0.342347887081
0.335179247225
0.384896181946
0.422958006332
0.278314893446
0.566238290087
0.0585247189606
0.605917539534
0.296459632808
0.440954775985
0.352691155252
0.493713642651
0.64554174396
0.105026141195
0.0980178949699
0.0530138930268
0.406689955691
0.433029137216
0.128779630863
0.0673262897929
0.395686663976
0.202088480062
0.0648615471954
0.0222595068193
0.600882721662
0.0888005726096
0.657426641237
0.707096570914
0.0315595965736
0.0535897083566
0.110215248646
0.0680639016418
0.42320655731
0.213457039746
0.488224818275
0.106986160205
0.0675326926212
0.0636283957749
0.755928809525
0.496848877626
0.461876507488
0.557412562939
0.479591715826
0.185080817125
0.204709036681
0.0131918482874
0.00429263395908
0.127720118931
0.211104287872
0.0444426662148
0.159942189553
0.273080797854
