0.592916106877
1.0
0.483919228452
0.765988588133
0.663100927772
0.800415586826
0.679814386487
0.726271882906
1.0
0.581112316495
1.0
0.311640659061
1.0
1.0
0.745098530228
0.716635674981
1.0
0.670301055074
1.0
0.760011872855
0.83438154567
0.668746622514
0.888192102846
0.892134585349
1.0
0.566121994832
1.0
0.79200459663
1.0
0.494372868329
0.716635674981
0.704238585255
0.632158767881
0.716635674981
1.0
0.871416338115
0.524508649001
0.890117528318
1.0
1.0
1.0
0.408647198816
0.619819686072
0.566121994832
0.566121994832
0.566121994832
0.580065365655
0.580065365655
0.566121994832
0.566121994832
0.811257382485
0.752736716537
0.767204016401
0.911143627861
1.0
0.768456424683
0.626184330282
0.712294504524
0.430321555607
0.659318414886
0.624557498872
1.0
1.0
1.0
0.552661934998
0.457363468043
0.623288548538
1.0
0.837882264231
0.892817799649
0.593595862997
0.405402134559
1.0
1.0
0.261348121485
0.301947045564
0.813159050443
0.888877822197
0.906470905638
0.649878054394
0.564774053043
0.533462541543
0.799451078646
0.692910427577
0.434559615482
0.844864358057
0.62691632811
1.0
0.728828014763
0.663384222183
0.744443119442
0.391183829614
0.708870851148
0.576153755026
0.641706552407
0.674142719814
0.568908301586
1.0
0.766244906394
0.498021824763
0.320425176341
0.434407582663
0.409405985054
0.891829819856
0.303049083084
0.534247471395
0.595795379692
0.610214418049
0.616447727935
0.532195324986
0.584668586144
0.658464565811
0.891232079626
0.521247193627
0.561125380041
0.811244827728
1.0
0.855778412664
0.541471026097
0.60880932521
0.410008263906
0.42593961919
0.0
0.43128063784
0.408792670244
0.424627874681
0.408792670244
0.673524558281
0.321896882418
0.27517624137
0.3437729481
0.321896882418
1.0
0.884361821844
0.250215432111
0.786313343173
0.580751618175
0.566121994832
0.35932021447
0.373830341076
0.368277543681
0.630630084499
0.437456013369
0.680887160964
0.822458073953
0.715240489746
0.796198909221
0.658537695008
0.617504820654
0.796198909221
0.510682084306
0.576243517381
0.432672175861
0.0
0.523612681338
0.582847817673
1.0
1.0
0.606861199867
0.270024562122
0.270024562122
0.613505604712
0.235864963646
0.557102770943
0.61016632158
0.382963952504
0.705476060926
0.542628897051
0.602802606534
0.272584410116
0.682057463797
0.703729546447
0.836998421373
0.511261283663
0.7821371198
1.0
0.658668546646
0.612870681215
0.723418964774
0.556299127699
0.315260376047
0.252180132468
0.321297112343
0.570874232633
0.564666599648
0.4652079002
0.428248640008
0.428248640008
0.0
0.443795268312
0.738404923264
0.794290555847
0.84755061888
0.651171936999
0.647989711186
0.902621512114
0.0
0.657587779086
0.761806305932
0.0
0.619684034952
0.910940440913
0.726400444102
0.742736478655
1.0
0.626985128261
0.576153755026
0.55179526908
0.718952898483
0.464308000259
0.492796182145
0.527014179256
0.0
0.603204252316
1.0
0.338067956206
0.737574938325
0.577691018293
0.499079075954
0.323041553942
0.803180896291
0.79240250001
0.797009634826
0.713361711557
0.726271882906
0.78079452061
0.683048640246
0.454709687809
0.654826823488
0.704158160402
0.82113086603
0.852527419612
0.732900009297
0.275679897423
0.310347253848
0.504341587336
0.282685025152
0.842233160864
0.518387431476
0.59389204788
0.624036929243
0.758812024301
0.664543507399
0.684620577391
0.848199568068
0.292374973502
0.484044967709
0.623606374977
0.550824686499
0.696449972912
0.329252950114
0.602140640531
0.459075283226
0.392339756652
0.592983592983
0.476239842768
0.519860520219
0.252564568428
0.524235022703
0.668315754936
0.269663313094
0.677947816544
0.657962541446
0.270043724716
0.0
0.303926756608
0.301016655538
0.376331544794
0.644011576203
0.792355693926
0.858713045155
0.695536960267
0.373307825002
0.613376015968
0.716635674981
0.2844443897
0.606219369877
0.244968255928
0.246659103123
0.870852377518
0.562188187212
0.609650969955
0.597508448972
0.530297592054
0.424356756439
0.683801577251
0.735134343527
0.368336199183
0.656796131942
0.595753503444
0.599179851895
0.311570210627
0.351375994591
0.252777500357
0.789327634705
0.644604289466
0.338644588632
0.605569538502
0.244016681644
0.0
0.27143787459
0.702453049578
0.731130222572
0.550814515794
0.517235803306
0.641428181758
0.509750793592
0.259856169458
0.259998395536
0.33498906685
0.308009443039
0.761974964982
0.338730329828
0.569778470391
0.215897998496
0.379984426513
0.669674513249
0.448563468193
0.374309320396
0.251148787109
0.308009443039
0.595894997927
0.352517395898
0.241871175038
0.391045004751
0.0
0.0
0.369494885624
0.277716257548
0.303693820849
0.0
0.291184166155
0.290587046268
0.260595954391
0.503021762815
0.613093412529
0.808267300045
0.325968667533
0.916576059461
0.357501445229
0.301122882304
0.269669076122
0.382681070601
0.356954256452
0.674423433456
0.533200541162
0.538219494504
0.242526537677
0.260159175788
0.334928986126
0.328044179872
0.462701511954
0.198188270916
0.35809174237
0.284845568402
0.25197586822
0.0
0.233771883456
0.256516595178
0.313454003684
0.719650916976
0.545386464466
0.796198909221
0.318028805675
0.330446986739
0.0
0.0
0.288914688602
0.0
0.630630084499
0.0
0.235961993302
0.0
0.0
0.381512789231
0.270092361136
0.570874232633
0.249096394657
0.0
0.30414466814
0.363169054142
0.790694478242
0.0
0.233051893479
0.0
0.316011759148
0.633134520308
0.591165096968
0.660056692735
0.595594622503
0.29422975405
0.0
0.289434282116
0.699868295233
0.243537145743
0.229478247507
0.224458780192
0.584516193445
0.660379279014
0.4524669113
0.649102654985
0.483746369658
0.479458223351
0.366876421725
0.674204619071
0.578892383082
0.264474498855
0.485432450458
0.584267338947
0.573503632267
0.444251155189
0.468607601354
0.507712830789
0.497085671944
0.476372286769
0.647039469185
0.614458670466
0.203700712509
0.807484973749
0.273123464718
0.641803743299
0.275705001912
0.182287842528
0.582264353194
0.0
0.300996274752
0.335125690001
0.0
0.0
0.739442929127
0.423508459583
0.59368446295
0.685056685413
0.36863092726
0.36627491597
0.379016028706
0.886043672826
0.759350711657
0.644348571232
0.422470154523
0.496421554297
0.0
0.199722379934
0.203261689824
0.592477025053
0.290172425742
0.345872255999
0.0
0.0
0.0
0.0
0.728024768162
0.250383025375
0.353665688969
0.220224074655
0.54171779761
0.516322188076
0.536048811862
0.660871132655
0.62160591416
0.557729506622
0.39386293935
0.296384149129
0.262650642902
0.261549466018
0.257857083952
0.212522845101
0.230595885769
0.305580328497
0.215449484361
0.0
0.276658533483
0.0
0.289797795024
0.248498936514
0.557873315607
0.0
0.202678894961
0.0
0.0
0.493235103495
0.483154222261
0.0
0.293596309272
0.411717642102
0.29903315502
0.284529086994
0.771124832876
0.149078676047
0.194300506623
0.277332087975
0.0
0.194782746757
0.0
0.237967591708
0.185318340994
0.245102875885
0.672766215307
0.460855434529
0.673930759442
0.195505266419
0.279574270263
0.752973041348
0.546101832049
0.691971081766
0.224938839793
0.336132367223
0.572061419417
0.33024678379
0.225677516498
0.0
0.247633895467
0.44638347979
0.250812326575
0.53417590475
0.370685259545
0.593107372229
0.0
0.210765193687
0.0
0.0
0.313310970412
0.219124663567
0.236169474033
0.227488103441
0.49187462615
0.197420126064
0.474264037944
0.367682230994
0.522629112891
0.283249244442
0.187837403266
0.0
0.266932033817
0.257898030022
0.247011325834
0.198386091331
0.179110104981
0.212347863717
0.320559461106
0.212197908755
0.0
0.0
0.0
0.23851969125
0.0
0.453999924941
0.0
0.627105274548
0.0
0.0
0.186391449596
0.244544876498
0.0
0.397489399112
0.672271573505
0.162114586692
0.261675425611
0.203733463255
0.0
0.295666004893
0.481362851788
0.183549816857
0.648640624424
0.0
0.258717488262
0.122791220452
0.164538860578
0.596760229994
0.0
0.881141591523
0.0
0.23201639649
0.228179103537
0.595753503444
0.385135097268
0.527758185727
0.666598665476
0.877463378661
0.243085844355
0.305024373843
0.494268469299
0.17041516259
0.19449726662
0.615797683754
0.578708490441
0.231783263115
0.214672626994
0.0
0.3538304205
0.18165461362
0.366182972804
0.276775506062
0.0
0.0
0.217128695689
0.407099404991
0.403765978589
0.32624077275
0.467333851079
0.0
0.267866989388
0.315551957796
0.0
0.481095462851
0.273784218276
0.164420601381
0.178980909052
0.571149683036
0.0
0.0
0.563215203746
0.303367035436
0.0
0.0
0.0
0.269355688437
0.0
0.0
0.404696662023
0.268139694032
0.789523597761
0.0
0.0
0.0
0.0
0.0
0.286542981793
0.199574656066
0.390051582059
0.0
0.361123092389
0.275285198657
0.0
0.0
0.0
0.621197113596
0.0
0.0
0.0
0.0
0.395037540026
0.311437963554
0.268622459814
0.214560205157
0.0
0.0
0.273006306408
0.0
0.0
0.305343656174
0.259470542609
0.194136836582
0.53684960089
0.344302844965
0.441368931991
0.0
0.418463255358
0.0
0.0
0.425768502586
0.0
0.18410165374
0.555972697196
0.444619979917
0.0
0.329072520332
0.0
0.0
0.306388911623
0.519746425342
0.504261489595
0.250972411859
0.42702619165
0.287768271357
0.734503469051
0.224143798782
0.247389527819
0.340402047969
0.301711427214
0.159882377969
0.0
0.431487374194
0.0
0.0
0.142461121387
0.0
0.277747312545
0.224548351818
0.0
0.175528221994
0.298017801559
0.215808372909
0.522668611763
0.334565261973
0.0
0.0
0.471891311913
0.273696534783
0.0
0.220925394479
0.186468855769
0.277572552705
0.326499266539
0.0
0.454449471047
0.152080647948
0.357604935797
0.319272326435
0.308131213433
0.499070046811
0.0
0.0
0.0
0.301506911572
0.185957070534
0.0
0.0
0.191129128326
0.0
0.0
0.0
0.487735099395
0.0
0.0
0.267192806643
0.0
0.0
0.157469780577
0.0
0.216205852287
0.198313578012
0.193333855042
0.0
0.0
0.0
0.454050189981
0.105763817553
0.437031443834
0.267043697804
0.277970801589
0.0
0.215957259274
0.0
0.0
0.0
0.0
0.0
0.209066363117
0.277081558704
