0.963368897422
0.999999999071
0.495047849088
0.840899474944
0.86826079528
0.814004793077
0.855999939514
0.909594487003
0.999999999215
0.757234042873
0.999999998291
0.843162130873
0.999999999032
0.999999999039
0.827830743868
0.850275153098
0.999999999056
0.923773852083
0.999999999056
0.837476797097
0.84336627483
0.844334809352
0.939983345284
0.936473598749
0.999999999362
0.485290592579
0.999999999341
0.788290013279
0.999999998887
0.785683670655
0.850275153098
0.874823771308
0.703318576964
0.850275153098
0.999999998933
0.927674275712
0.776391791673
0.986187852184
0.999999998853
0.99999999881
0.999999998634
0.692327686593
0.7515265144
0.485290592579
0.485290592579
0.485290592579
0.478155746528
0.478155746528
0.485290592579
0.485290592579
0.872763976275
0.897656466974
0.84866039949
0.933211548213
0.999999998873
0.846660562269
0.953044449809
0.856742216206
0.762755918601
0.885142604846
0.959151836406
0.999999997306
0.99999999895
0.99999999881
0.659658762398
0.745386466556
0.937845151636
0.99999999881
0.927633317954
0.928480996863
0.769805120123
0.289834670358
0.999999998815
0.999999998706
0.276610529599
0.440444121349
0.887932585234
0.941377806932
0.947746638398
0.910081049784
0.846994043208
0.835676227862
0.939738233008
0.796299732919
0.547472664856
0.920231059177
0.86157896222
0.999999998804
0.872614951172
0.845284951877
0.910853229977
0.735430397893
0.76278806502
0.903368486801
0.933256469095
0.742785351821
0.722876878357
0.999999999147
0.862227422485
0.711433806548
0.521801400785
0.533195118631
0.619747108417
0.931975509637
0.403782716769
0.465031142262
0.871533093252
0.520893464055
0.705367673021
0.689867226828
0.938101849
0.868396984562
0.918116772205
0.803182710169
0.79620731948
0.911284966833
0.999999999005
0.886998055794
0.722495689514
0.549419975673
0.383168580361
0.373222018569
0.0253768202565
0.337898704256
0.32399635376
0.318116772206
0.32399635376
0.871864968512
0.788624556905
0.759007698899
0.792954395292
0.788624556905
0.999999998927
0.932712382351
0.101517276767
0.944936551812
0.961424226829
0.485290592579
0.679963293569
0.82580924214
0.90133301218
0.863913348725
0.430816739688
0.93199762509
0.866115648401
0.758574245401
0.880831447774
0.858518690121
0.796796173403
0.880831447774
0.679792869912
0.878621803891
0.346035269652
0.192277644221
0.579090631759
0.732593189593
0.99999999897
0.999999998675
0.58333546106
0.365329712358
0.365329712358
0.841747544649
0.226354789431
0.648116191871
0.812225110576
0.732879260604
0.881472701604
0.772313569852
0.718916976863
0.116114124093
0.839237123135
0.750627099137
0.889481792449
0.837521694112
0.876974283889
0.99999999881
0.80902442373
0.707537640698
0.843914783636
0.901740554485
0.580903391521
0.423778566372
0.393246719796
0.59596317102
0.610982167488
0.719126751899
0.428284967637
0.428284967637
0.280453247509
0.340703028276
0.86432798933
0.90765706617
0.948682095549
0.837594174674
0.679856358806
0.946015002812
0.105818025963
0.688656021564
0.778642879234
0.367527827685
0.595273670058
0.957355170972
0.790334100729
0.76851029295
0.999999998872
0.858114735466
0.903368486801
0.477575976044
0.926631662386
0.454044222371
0.778586324676
0.668458163549
0.551512223361
0.659979551191
0.99999999855
0.598726457926
0.954493208685
0.558303577526
0.748281841996
0.367759914209
0.876721872622
0.847532106534
0.892489316392
0.815971162592
0.909594487003
0.939610467486
0.840893045549
0.641488920211
0.761840343464
0.867016477121
0.887058953301
0.924933645068
0.923210601682
0.617147755676
0.397724717017
0.686068676207
0.633899693215
0.884117785233
0.563210054676
0.708490654324
0.838171081954
0.855243461776
0.743916497661
0.787613006047
0.903215753375
0.23392597218
0.642572975003
0.710977008106
0.690193224545
0.777980802502
0.262599598129
0.876021317229
0.631376072313
0.763200972054
0.585256632511
0.4869992144
0.597491894878
0.615463029082
0.865690494083
0.743205867535
0.381523357054
0.820945161087
0.848743422045
0.478620263703
0.11805610543
0.198353025809
0.875928977316
0.421497352675
0.825629314477
0.796219112886
0.892351681786
0.854192922766
0.426591035724
0.838595586468
0.850275153098
0.245385301344
0.750880881103
0.592400981781
0.402690785197
0.915347608198
0.800377798713
0.626636121172
0.726534131185
0.54667402634
0.593047847334
0.888612974723
0.85176783835
0.444881249721
0.761675478658
0.820421553211
0.618196102395
0.416645407266
0.539509687032
0.114048935222
0.777972333968
0.729892354461
0.676047008749
0.672775307463
0.688335933314
0.0348269671547
0.730422636953
0.703252601463
0.832047672621
0.909730293665
0.940928799429
0.824583348624
0.700490773395
0.193595399508
0.82349229761
0.324775821393
0.206750942978
0.824118705147
0.265682770752
0.858095171519
0.344239184566
0.241114337183
0.821057952154
0.886929952253
0.587678642521
0.453635679647
0.206750942978
0.763672896896
0.838747843578
0.428918867429
0.312884269427
0.254837461346
0.254837461346
0.433427853656
0.175836361516
0.223781954875
0.108436414638
0.224540572626
0.626665207252
0.555906038117
0.792802383655
0.685166036012
0.881229778556
0.662833883944
0.961209090869
0.53299795434
0.630488013143
0.816507855166
0.884579319454
0.375698103841
0.875414345095
0.742393162051
0.749051948224
0.133493948019
0.153009258286
0.282600912886
0.230302884549
0.765419318174
0.34109618938
0.723358633195
0.260081810084
0.372555030241
0.143085672683
0.147499184583
0.271510100851
0.610107181865
0.771380904806
0.873969759476
0.880831447774
0.698274400346
0.493413831907
0.0931647645312
0.100505700937
0.757254109055
0.0859215414955
0.863913348725
0.299658046525
0.316783195211
0.0903722708703
0.108000875026
0.632913808978
0.64714332063
0.59596317102
0.321285393863
0.251037244283
0.587998913751
0.639032470881
0.859370688032
0.293589858608
0.208288460301
0.0424032621432
0.148946524169
0.819104163733
0.759337163941
0.814783905454
0.839590351534
0.196000772595
0.495951386833
0.271094805574
0.771913684196
0.139511635219
0.119224408542
0.289758022721
0.634157567886
0.77983604189
0.745085148506
0.575812547672
0.855347209122
0.760382246797
0.680870714974
0.732871365981
0.840695912671
0.279253548362
0.717313268646
0.743001197197
0.772612050797
0.63606733489
0.622782755844
0.676853464176
0.636065639754
0.697240210118
0.772731240979
0.738772078915
0.351835561121
0.831377208305
0.707017438611
0.836016514591
0.156649284384
0.360144355709
0.535842095654
0.0926021479073
0.260305306175
0.347270442497
0.189424433685
0.333588908059
0.950551097205
0.690792706931
0.917360300793
0.796460657286
0.332402774343
0.442916375477
0.688894192978
0.903012899155
0.861084360782
0.774829963974
0.488155556205
0.548253327951
0.0899793130416
0.265751317213
0.0781901945611
0.697126603356
0.333740340149
0.781044191112
0.328242617685
0.157378519117
0.0560922797203
0.0829705844103
0.874394442446
0.137045713781
0.326242441974
0.149362993676
0.749992274439
0.858578776229
0.860578981734
0.817201859741
0.764934328442
0.708520703724
0.60756707041
0.728661193346
0.251853872822
0.21725438152
0.412441230136
0.511141608186
0.457650360287
0.319314660578
0.125878930926
0.525136782748
0.176263563348
0.0550727396774
0.541122993914
0.278381465047
0.856603136188
0.179956805645
0.185849624127
0.0305545575794
0.18115054439
0.843585071191
0.82221635309
0.12633323425
0.374157983845
0.357189197501
0.496783647069
0.807893505394
0.900783852636
0.147375256971
0.185593795695
0.385580992846
0.0125651328117
0.767513884945
0.0934440465641
0.340109778147
0.268819939624
0.539471345953
0.935444629621
0.827046327942
0.757411076104
0.09229487553
0.377081643005
0.862869441806
0.633405210311
0.841888667257
0.0176272817818
0.584139814126
0.747131502674
0.775813676656
0.217393745979
0.0649464165631
0.167449030336
0.831150956587
0.463613272382
0.810654657508
0.163434943218
0.81729783619
0.151779315973
0.20118264996
0.198290409049
0.429923067017
0.565075904097
0.549578451631
0.177564710393
0.521940565904
0.785670906906
0.0876427712236
0.526917122141
0.584414187949
0.774196120244
0.398356425846
0.34984449243
0.141824728573
0.0568420517354
0.339695414068
0.10003383015
0.0690842765696
0.203971154583
0.543959532522
0.668937460543
0.156772837621
0.0641925903539
0.303244743822
0.0875501812089
0.6013571691
0.0454208886133
0.701236129508
0.0334842515869
0.724764928881
0.255594135145
0.198260947514
0.480789312832
0.295805503251
0.0822058352443
0.528031836461
0.806117162044
0.649609043281
0.469220966265
0.201392943967
0.0183555833819
0.643942053646
0.663939248799
0.550769391183
0.642236836709
0.172506526896
0.793211468654
0.541059472911
0.627754565897
0.779604501957
0.683512194796
0.927971069763
0.0302457086774
0.331247590324
0.51910891149
0.820421553211
0.586903726849
0.69374519298
0.792949680257
0.9318870448
0.184513922484
0.63413118904
0.759571804148
0.412388552466
0.0970117043977
0.893289351435
0.802775839475
0.47844498476
0.596076437005
0.33582945999
0.462524035181
0.221472273394
0.800968527138
0.722836001559
0.0866011742687
0.0454889233348
0.397469683583
0.731440375252
0.674297749752
0.470332768413
0.686677955706
0.31509059232
0.471037212543
0.217411818465
0.0600552213687
0.764751388919
0.733703869454
0.00895744201009
0.510496378481
0.703008036197
0.0867459364835
0.277628353256
0.697350463102
0.413265517241
0.076965613009
0.0119384162861
0.176813156139
0.258131438715
0.0849261172092
0.081808350189
0.55902625292
0.247348901302
0.95807159969
0.101309733447
0.61652245914
0.255730836472
0.149286998512
0.0508715104984
0.406326995599
0.165416607545
0.76020766738
0.0332346540077
0.511363040634
0.390147401585
0.154776458088
0.087035525175
0.02256149829
0.936336479446
0.0137551766514
0.0413501793996
0.456437318628
0.108331005675
0.799501610863
0.460328093348
0.390127852885
0.359185528912
0.110823543654
0.0814396379113
0.690650517438
0.0716788601965
0.155130441559
0.208413983916
0.243817398308
0.463742679904
0.801070341462
0.707633253642
0.526391431068
0.205857885795
0.41028642949
0.0737473212745
0.251319154666
0.768859420813
0.226298058941
0.126664107722
0.791559658152
0.522581131106
0.149647631472
0.697281614566
0.326802947144
0.158902699455
0.682446253342
0.623647480974
0.655426367505
0.504302924912
0.403528409396
0.697103016799
0.937820434274
0.345878276615
0.278819129948
0.54688209024
0.447374387707
0.221625447273
0.00849468861007
0.596757383019
0.0693132363126
0.253778152428
0.324776228121
0.225796107298
0.350908355364
0.582612315231
0.134838599306
0.287515279302
0.635637094463
0.237756569552
0.779779047244
0.698769542606
0.0785826356945
0.0539037418316
0.769073244348
0.311504319533
0.430043517831
0.458338412107
0.716719332814
0.475390196701
0.652021444369
0.00680377887093
0.74026388665
0.539165798933
0.479402405138
0.42674857466
0.613954911372
0.79020041485
0.115358093515
0.342239390888
0.0755150259033
0.605244495142
0.347755083441
0.317373545149
0.04997813075
0.300205149495
0.485756106655
0.109962290577
0.0894086620714
0.620522922639
0.216727915064
0.656524353598
0.473558256577
0.340761655647
0.0644162416022
0.145338686474
0.0878155423966
0.387254855382
0.329446211375
0.268833381338
0.0939628310059
0.123583367811
0.158050345962
0.75803630509
0.486906533594
0.507784779846
0.741844625242
0.58981991413
0.350778030257
0.295813270871
0.211550305749
0.110232797442
0.266922158105
0.340360072675
0.0123632866332
0.103386208347
0.417940966533
