0.9989307130413775
0.7707325308941129
0.6200175635186712
0.6396777994508855
0.9989442678323066
0.6572905524489892
0.9988606224089591
0.8207582743600526
0.9985338262604817
0.5641567348554315
0.9070457727338896
0.6216553776012557
0.9697953834665216
0.8183240949560975
0.9184672853344301
0.5925402851495789
0.9168230638127579
0.6399403529096839
0.9168230638127579
0.7139788772655542
0.6384585858401015
0.7798295641988274
0.4593962894700882
0.832464300923351
0.9983996956674814
0.6090124373961445
0.8951025987706085
0.861117668258625
0.8408438209202627
0.678950037663264
0.842119625102602
0.9121012376095183
0.7741106895418137
0.842119625102602
0.9969169473208463
0.4384366356138211
0.5949094701667417
0.7446974323456599
0.9935848086950784
0.7955226556946318
0.9943195724789236
0.9613315083391178
0.8754558682955969
0.745161817536277
0.745161817536277
0.745161817536277
0.7479457002678851
0.7479457002678851
0.745161817536277
0.745161817536277
0.8375373135849744
0.8449288394230385
0.6921727987486541
0.8193975463958952
0.9393105531271462
0.9019239346469614
0.8009952482883597
0.8857276876399185
0.8078961385246846
0.9338476464689096
0.6880536765161913
0.9987352267886924
0.6292823509937895
0.8283909573366487
0.6971990035894834
0.6513707712458111
0.6482056620159645
0.9912720464797014
0.8137439837678413
0.7022648081705893
0.7215043710047204
0.3962647536275217
0.8741998400581233
0.8054919628297075
0.5936735034661892
0.7201134100236622
0.7994556578894546
0.8688532275308027
0.8489590952964183
0.78791245107519
0.7486094283460459
0.8367110523323663
0.7314547328917858
0.7880947674983294
0.6056984319105227
0.7474613042973317
0.7990676887938217
0.9145098741529012
0.7258128514615234
0.9988538491115004
0.9254558695571847
0.8395488146483783
0.7368967843561778
0.6040006309463917
0.8734048825442772
0.6459003767585564
0.7131394463786864
0.9949853554600416
0.762770326250607
0.6206181484043345
0.45336169378913516
0.5193028437537777
0.6363718941269029
0.818142329281029
0.6692826630935256
0.54825928712288
0.7841021134854447
0.8231436830735093
0.8009467451913277
0.8462953937664583
0.855666014356985
0.4783474612011722
0.4600562161231543
0.7407615424857079
0.5742089682236471
0.6293406308414804
0.7785622840717737
0.7709878711123901
0.5920427271612312
0.8229387141515836
0.24911870783216591
0.27261565360263473
0.45831256174956614
0.6056907578105187
0.2868588834418387
0.31035582921230753
0.2868588834418387
0.5764026528615007
0.4189424082909745
0.6581878886303154
0.5415655052319468
0.4189424082909745
0.9972902440595897
0.8841182034398525
0.6015769913870052
0.8268222230853259
0.7095099970414771
0.7436061046316575
0.6759520613689476
0.6573722517725876
0.6756977153397685
0.688186488839527
0.4817995461871338
0.6910491837887511
0.7223246602227348
0.6941308368008379
0.720614016920489
0.9993723480831541
0.7270451704408751
0.720614016920489
0.6011672483797222
0.9916828289661903
0.3055254233849053
0.1242117922364377
0.6146555298772214
0.68052673944516
0.9954831337958718
0.9955999541016585
0.8268013938077798
0.8105086415658365
0.8105086415658365
0.6857888182038097
0.35255336077931676
0.6010073458836913
0.7217218653174161
0.4180005052644694
0.8539307418002706
0.823895585336542
0.7854858732123395
0.6095691372290883
0.8854481905481901
0.2277141266920995
0.6907377938999446
0.7025515148398422
0.6372763682371383
0.9911679138134551
0.7117902557862483
0.4955843766828487
0.7824090700818216
0.5888734775337106
0.4580951446584518
0.18406630060483725
0.3909503405056879
0.6000054240467918
0.7668358692633122
0.7468946499577847
0.2642880219061596
0.2642880219061596
0.21418700863387008
0.3134571218407535
0.5213179827891739
0.7417560748620705
0.7633444790377315
0.7006464538529682
0.8786307662086167
0.8479121241666376
0.28351336338131417
0.6135605477039272
0.7652986144636471
0.41332586987372943
0.47288551651373906
0.5842189773129522
0.5923051924681351
0.6954134618732785
0.9262309767477928
0.8531469377214098
0.6790295277487408
0.5571104795608119
0.9429568355797299
0.7466793473587782
0.6636959743282054
0.7238457759789134
0.5977205648873658
0.6536244632655641
0.9524029765545363
0.49909636557896453
0.7852265605095156
0.29971037776182885
0.6472594772404747
0.7197915349475953
0.6399137585521836
0.8553433855442165
0.6914914398390481
0.6643124104886229
0.8942304666741638
0.8256945863923413
0.5007003198279667
0.7577016256133698
0.7633166192469962
0.8143716107150263
0.5323718930757921
0.8996191428055934
0.9404113361326434
0.7133183042437873
0.6114176269855314
0.27309198238294524
0.505625308116244
0.8311605723804097
0.6067031683407949
0.41779098558402117
0.7421980371161945
0.5852022463979412
0.5883487802985443
0.6073519194030745
0.8684348117170506
0.36926640024150864
0.5903857291348353
0.6710598363758402
0.6919036098450609
0.4731332222413779
0.3816299360082893
0.7913025557137916
0.5057104920649765
0.24352637852077413
0.7082150716980383
0.6964503212648743
0.48117453933082904
0.7004044946708619
0.5722399306189119
0.35383321836408593
0.5738041803956809
0.7816226548661123
0.5892963548234249
0.5325449609850743
0.6381779713587517
0.5790031413009816
0.6836565691505652
0.2711973606218385
0.9930356945196537
0.6979425675113051
0.8730847721380569
0.834825373075126
0.28362886126653036
0.7808747289159383
0.7364712587654181
0.41887128909580373
0.7354030676216512
0.6426098123460198
0.46500361051624095
0.7446719573000752
0.6498603880475924
0.5161190467861112
0.6786994354097051
0.5478415280842255
0.8003179248447416
0.6784456305321666
0.5003231693096111
0.668301259194907
0.5064009048031615
0.9516824395150012
0.45827882445187335
0.28528501367732784
0.4031017549046182
0.35610608532986443
0.3208666881965505
0.6790980323677314
0.792942987581329
0.6136694254078261
0.5668534507552674
0.2477214951260763
0.6882206074419432
0.6969040401796213
0.9497903907494096
0.6651829400045098
0.5191238710674841
0.927846785956155
0.5914730278067086
0.31985435471633755
0.38689133933013264
0.577613105075019
0.26224918313603396
0.7681726929066854
0.33242893841316595
0.7074670871589089
0.2282211390627742
0.16684299960799137
0.7521522746924576
0.6743899688119002
0.6928742907603594
0.6602955560947218
0.3965308447620922
0.7159949238894472
0.7913506343001746
0.39064653198619353
0.31072510546403126
0.6237302452996343
0.6237302452996343
0.3906914661546062
0.40501058335045925
0.33570290904769506
0.2390454175376457
0.3533738056029795
0.6407937982662096
0.5769468668716466
0.5670549679828636
0.7079965676779801
0.6582345709135764
0.48478638898399473
0.7798698814698501
0.6307957871098449
0.3252248434997873
0.7323034737999137
0.5481520396489836
0.6527268651958981
0.7650142936789617
0.6686880443412266
0.5086643450665871
0.4134926238338479
0.3045018914727977
0.41264156814677344
0.4429517333432218
0.4472726587136889
0.5034026440690531
0.6275996531947697
0.3785436078608068
0.3366403879247168
0.11560088119282486
0.26969896524474923
0.3185431303103975
0.5884147107190751
0.4787485409191816
0.5302703567945775
0.6693481909889328
0.5852118525885611
0.7394897717265043
0.40850966428962154
0.46968021104463886
0.8326217031699549
0.2476385114297432
0.6827952318799766
0.5193175366494893
0.4926436919761852
0.320555488026809
0.29093141288161084
0.8201157516590107
0.5513478709215839
0.5204212245803874
0.30139556662556255
0.391652092818809
0.46569763000754794
0.5362606746743961
0.514204738439336
0.3743282348973369
0.2395797001558746
0.25297495833838857
0.5117544905268847
0.8072693525873907
0.5841003959555384
0.65801820827239
0.6360486897813002
0.4841832050539068
0.35524324617752784
0.21159715049433275
0.8026536155017177
0.34829243627579143
0.4492704621932276
0.24470843129315173
0.6748204698429747
0.7674794287593141
0.5988734872311923
0.587462381884355
0.50114913639149
0.6043233564842936
0.4205444225675824
0.8641146576459365
0.4967077385705564
0.23303167292346194
0.49816829733197765
0.7107657915503218
0.8723810643854518
0.46370891718060947
0.5317644280090883
0.501426025631442
0.6752944979299527
0.6385937504407864
0.5684191587436109
0.6858092310239516
0.36129514499019244
0.7540334799110218
0.7022382507906867
0.7981846277893379
0.37385431776095224
0.33324081140681133
0.4890404665091559
0.23904569533027423
0.48045020948723993
0.32648162076951276
0.21033437148351616
0.27209554356436627
0.721321282030402
0.8312456787114798
0.6254005168554952
0.7738602897348623
0.45172592950184587
0.45481339905490065
0.6033520530836424
0.8439277183224765
0.7587310161712679
0.6658285188835953
0.35788980666023107
0.6860598998088439
0.2061920384850801
0.21217714310735586
0.3116139381213013
0.6706876138763627
0.45470616838062894
0.5614327195111488
0.20298259417993525
0.4266577065148317
0.3021035211654805
0.5384195781382393
0.6957867098295503
0.30018345992172035
0.2525212489519724
0.4201547902139274
0.8810462736226349
0.5795787829619377
0.4877112628867546
0.822992328455489
0.8059883568978252
0.5318334096996857
0.5073308286582079
0.5119210088016727
0.24009937343127524
0.43385873751165394
0.3292511473570978
0.6009572052712102
0.3743428036510464
0.5042557856005156
0.4314206471448311
0.6101091587356122
0.3075796078490827
0.2959044462958289
0.5402580092429462
0.3390137131367266
0.6167794312163258
0.31232378691476537
0.5172500082635427
0.30663423595324824
0.19835823889907978
0.5979387513967228
0.48625462517741264
0.2676934527543656
0.28432993277054275
0.7280388929191415
0.3755717044576097
0.5297223793147011
0.8024654759481404
0.38996954110923376
0.38047744444783915
0.30084863817762225
0.1802532130596245
0.6976840031449738
0.29204730230123166
0.38667588867203023
0.3752669245779532
0.492223455129929
0.689761805817272
0.5638394416307335
0.6462210593518157
0.3489923624968942
0.42478914664205025
0.6390752443141596
0.4579123635477756
0.7571101742492935
0.29641960561814557
0.18800778908438265
0.631921355859647
0.5233845242546014
0.4191912848032686
0.3206084844407352
0.4378427777005236
0.5935004824318451
0.5699007241320011
0.8737153686894206
0.28624404292113237
0.7432798895505573
0.18094672611459492
0.24173477634889684
0.4575021303710309
0.40828126495456796
0.3566911087037693
0.35494909122526586
0.19671869823375424
0.46864889096704604
0.6656449239732747
0.35575007580877704
0.545180031842612
0.6263635631797282
0.6692967486208843
0.5371923154439551
0.46214792533532156
0.46897708261816873
0.30725891615899004
0.36398418787486597
0.19096201375419458
0.4588468844888305
0.3252032004030828
0.47448619487142285
0.6599652503950537
0.2865027589497089
0.27483130262841704
0.4219168161057286
0.3342499597211319
0.5137980521342509
0.3796136325678874
0.49252292673531084
0.42387436996551753
0.538919592853287
0.5536063884895073
0.28951373234822797
0.4604184817070882
0.4912877840124633
0.21156081960710915
0.6330467798121927
0.6988217158989276
0.4124386803059874
0.411846751648968
0.36079135512034377
0.3475385027828035
0.37833782603295096
0.6107899867326831
0.5529899447582604
0.7557498207379691
0.2556537821092102
0.5425788028386314
0.4517963728264607
0.4327922098717387
0.47910647501705306
0.3281151833100099
0.9359921257829074
0.40280410227207575
0.4465488170019988
0.4362407900020571
0.9016426556660861
0.45415528980067665
0.7564762364725017
0.7284049508589514
0.7063014587961859
0.5053734757045192
0.4279686542620236
0.3567874762877511
0.49540232615927815
0.3328606118854456
0.7774303459969489
0.7349937463481572
0.5621362545529304
0.35210795183514454
0.23848013923745842
0.4422605241068104
0.2843163412439739
0.5035810295537065
0.6411314105246432
0.41817007133812667
0.23424612827281038
0.4612551289680197
0.28053546862234324
0.4537507025666279
0.39484384588058075
0.6381819179846768
0.2670118667634166
0.5565892632805953
0.3101923573414682
0.21876003652401052
0.6177628946374185
0.5315198885408502
0.19338230777591373
0.38254465070639065
0.49041150859493404
0.22248302998765102
0.3083955354055655
0.6485110353024393
0.3079828448874767
0.23777840204485384
0.3949987820209355
0.3443006920411292
0.4259323622111086
0.24799236757986065
0.38618103254790537
0.6257197493254093
0.38712156499936756
0.6488264258437579
0.3508244989147507
0.27589285917156475
0.2575073798098191
0.48449625630364357
0.2342278102469118
0.5128777680590242
0.29632172424413367
0.44768679644423615
0.33640240309726555
0.5153866475618827
0.5768057856073228
0.20073860190954934
0.3682900993267528
0.2480943341157633
0.5513556984325012
0.22361180386459817
0.17913990857899814
0.3737602128995341
0.2711498921597645
0.5529690664421603
0.5885203144306377
0.20159916199231345
0.31287405314559336
0.34508729754393297
0.31607486219291103
0.6174887775056295
0.3876773366755247
0.4543515386156199
0.2509273218381968
0.2199036593140803
0.17262208483301678
0.4324483958671804
0.45563159329929626
0.7127874819783047
0.26407297243272243
0.26433885025546877
0.33562067166859844
0.358296428061446
0.665510133578513
0.48098248255937803
0.25078112269068076
0.6582473820651515
0.7189498730188872
0.23004045250422528
0.6105521272413585
0.3769319793185383
0.4413107430280191
0.41070083592914286
0.883047143648052
0.6598618708728337
0.29407748745382956
0.4962632731658886
0.5250463822417839
0.70881077918668
0.24100996330511743
0.35727693659881166
0.5942602975759759
0.3194324442853558
0.2935716730718053
0.34226970959784175
0.4789073189549695
0.4332976165593777
0.2496237235667657
0.4072162992115601
0.2121426112598704
0.1555613985094803
0.4428013072917869
0.26956573606162604
0.23820604428517236
0.8114178025209245
0.39484085283840287
0.7620169951596911
0.5701962264886818
0.1647516453986595
0.3628788846302645
0.5724322222458578
0.7982977704137472
0.40777883871971754
0.6177941154137684
0.4557306499563428
0.6082421838669879
0.48727801572444673
0.11592244711754608
0.42588730658571333
0.5273683417763692
0.619305811886743
0.47522363480108143
0.4727761771188502
0.6351835947314984
0.4711899969032677
0.2715639546327541
0.21421131459816634
0.24192728328142818
0.4694205409623365
0.27145098118412825
0.486613722631975
0.28528303756470985
0.2463096925166887
0.26198855020637063
0.4207669516872679
0.5222952884097787
0.2712621105744269
0.3489460072254076
0.5243310717644748
0.2583721426834391
0.4462103911924092
0.37553656882421216
0.3788397261076021
0.2922844003666662
0.2752604554089556
0.38473913436924223
0.2962493462643003
0.281817072313715
0.23844736662789567
0.6755119280033872
0.5268107875162206
0.9021892446781647
0.7254206959157632
0.4009785186853907
0.2561216189446866
0.4014643997309347
0.3384888784069324
0.34967622200577386
0.29022329210449926
0.27898503935416497
0.20395161832975675
0.3869214545251328
0.5487776544907729
