0.5
0.21428571428571427
0.2
0.5833333333333334
0.5
0.42857142857142855
0.42857142857142855
0.2
0.4444444444444444
0.5
0.6
0.2
0.36363636363636365
0.3
0.42857142857142855
0.5
0.375
0.5
0.375
0.5
0.6363636363636364
0.42857142857142855
0.3
0.625
0.4444444444444444
0.5
0.3076923076923077
0.3333333333333333
0.375
0.2
0.5
0.5
0.5
0.5
0.375
0.5454545454545454
0.2727272727272727
0.35714285714285715
0.375
0.375
0.375
0.2
0.42857142857142855
0.5
0.5
0.5
0.5
0.5
0.5
0.5
0.625
0.5714285714285714
0.6
0.7272727272727273
0.4
0.42857142857142855
0.42857142857142855
0.5
0.3333333333333333
0.42857142857142855
0.42857142857142855
0.3333333333333333
0.09090909090909091
0.375
0.3333333333333333
0.2
0.375
0.375
0.75
0.5
0.2727272727272727
0.3333333333333333
0.375
0.4444444444444444
0.2
0.2
0.625
0.3333333333333333
0.375
0.4444444444444444
0.3333333333333333
0.4
0.3333333333333333
0.2222222222222222
0.3333333333333333
0.5384615384615384
0.3
0.25
0.2222222222222222
0.2222222222222222
0.5
0.2
0.5
0.5
0.3
0.5833333333333334
0.4444444444444444
0.375
0.5833333333333334
0.3333333333333333
0.16666666666666666
0.14285714285714285
0.2727272727272727
0.4
0.2
0.375
0.5
0.2857142857142857
0.09090909090909091
0.3333333333333333
0.375
0.2857142857142857
0.3076923076923077
0.45454545454545453
0.14285714285714285
0.3333333333333333
0.3
0.3
0.3076923076923077
0.375
0.3333333333333333
0.3333333333333333
0.0
0.3333333333333333
0.3333333333333333
0.3333333333333333
0.3333333333333333
0.4166666666666667
0.2
0.2
0.1111111111111111
0.2
0.16666666666666666
0.14285714285714285
0.16666666666666666
0.5
0.375
0.375
0.2
0.09090909090909091
0.2
0.375
0.2
0.09090909090909091
0.5
0.2
0.5555555555555556
0.5
0.18181818181818182
0.5555555555555556
0.3333333333333333
0.2
0.3333333333333333
0.0
0.3333333333333333
0.35714285714285715
0.375
0.125
0.3333333333333333
0.2
0.2
0.5
0.2
0.4444444444444444
0.375
0.1111111111111111
0.2
0.2222222222222222
0.5
0.2
0.4444444444444444
0.09090909090909091
0.4166666666666667
0.3333333333333333
0.35294117647058826
0.25
0.2727272727272727
0.3333333333333333
0.4
0.4444444444444444
0.18181818181818182
0.2
0.2
0.42857142857142855
0.5
0.4
0.3333333333333333
0.3333333333333333
0.0
0.3333333333333333
0.35714285714285715
0.5
0.5
0.3
0.3
0.25
0.0
0.2857142857142857
0.375
0.0
0.3333333333333333
0.2222222222222222
0.375
0.36363636363636365
0.2222222222222222
0.1
0.375
0.4
0.2222222222222222
0.3333333333333333
0.16666666666666666
0.5
0.2
0.375
0.2222222222222222
0.2
0.1875
0.3
0.2727272727272727
0.08333333333333333
0.2727272727272727
0.3076923076923077
0.2857142857142857
0.25
0.1111111111111111
0.25
0.3333333333333333
0.18181818181818182
0.2222222222222222
0.2
0.1
0.2
0.1111111111111111
0.2
0.09090909090909091
0.2
0.1
0.3
0.23076923076923078
0.2
0.2
0.2857142857142857
0.26666666666666666
0.38461538461538464
0.2
0.2
0.2222222222222222
0.2
0.15384615384615385
0.0
0.14285714285714285
0.11764705882352941
0.3076923076923077
0.07692307692307693
0.2727272727272727
0.25
0.3
0.2
0.375
0.38461538461538464
0.0
0.18181818181818182
0.09090909090909091
0.16666666666666666
0.16666666666666666
0.1111111111111111
0.1111111111111111
0.2222222222222222
0.375
0.375
0.08333333333333333
0.3
0.18181818181818182
0.2222222222222222
0.2
0.2
0.23076923076923078
0.07142857142857142
0.2
0.14285714285714285
0.1111111111111111
0.3
0.2
0.375
0.25
0.23076923076923078
0.21428571428571427
0.125
0.14285714285714285
0.375
0.18181818181818182
0.18181818181818182
0.2
0.15384615384615385
0.2857142857142857
0.45454545454545453
0.1
0.3333333333333333
0.09090909090909091
0.0
0.25
0.3076923076923077
0.36363636363636365
0.2727272727272727
0.3
0.09090909090909091
0.3333333333333333
0.18181818181818182
0.2
0.2222222222222222
0.2
0.375
0.25
0.13333333333333333
0.14285714285714285
0.25
0.09090909090909091
0.15384615384615385
0.0
0.1
0.2222222222222222
0.25
0.18181818181818182
0.16666666666666666
0.25
0.0
0.0
0.2
0.2
0.2
0.0
0.2
0.07692307692307693
0.15384615384615385
0.3
0.07692307692307693
0.4166666666666667
0.05555555555555555
0.1
0.2
0.18181818181818182
0.2
0.1
0.125
0.45454545454545453
0.45454545454545453
0.14285714285714285
0.2
0.25
0.2857142857142857
0.2857142857142857
0.2222222222222222
0.06666666666666667
0.2857142857142857
0.2222222222222222
0.2
0.0
0.2
0.16666666666666666
0.26666666666666666
0.2727272727272727
0.26666666666666666
0.16666666666666666
0.18181818181818182
0.1
0.0
0.0
0.07692307692307693
0.0
0.0
0.0
0.2222222222222222
0.0
0.0
0.09090909090909091
0.08333333333333333
0.2222222222222222
0.2
0.0
0.09090909090909091
0.08333333333333333
0.14285714285714285
0.0
0.18181818181818182
0.09090909090909091
0.2857142857142857
0.2
0.3
0.09090909090909091
0.25
0.2222222222222222
0.0
0.18181818181818182
0.375
0.2
0.2
0.16666666666666666
0.14285714285714285
0.23076923076923078
0.21428571428571427
0.3076923076923077
0.13333333333333333
0.18181818181818182
0.14285714285714285
0.125
0.16666666666666666
0.2
0.3
0.25
0.2222222222222222
0.13333333333333333
0.07142857142857142
0.06666666666666667
0.09090909090909091
0.18181818181818182
0.23076923076923078
0.13333333333333333
0.18181818181818182
0.1111111111111111
0.25
0.14285714285714285
0.16666666666666666
0.1875
0.25
0.0
0.2
0.2857142857142857
0.0
0.0
0.22727272727272727
0.23076923076923078
0.0
0.14285714285714285
0.23076923076923078
0.07692307692307693
0.08333333333333333
0.07142857142857142
0.07692307692307693
0.15384615384615385
0.25
0.2222222222222222
0.0
0.16666666666666666
0.15384615384615385
0.09090909090909091
0.07692307692307693
0.1111111111111111
0.0
0.0
0.0
0.0
0.0
0.1111111111111111
0.125
0.15384615384615385
0.18181818181818182
0.07692307692307693
0.15384615384615385
0.07692307692307693
0.07692307692307693
0.0
0.125
0.15384615384615385
0.2222222222222222
0.16666666666666666
0.2222222222222222
0.0
0.2
0.1111111111111111
0.2222222222222222
0.1
0.16666666666666666
0.07142857142857142
0.2
0.125
0.15789473684210525
0.0
0.15384615384615385
0.0
0.0
0.23529411764705882
0.08333333333333333
0.0
0.09090909090909091
0.2857142857142857
0.2222222222222222
0.0
0.1
0.047619047619047616
0.18181818181818182
0.16666666666666666
0.0
0.11764705882352941
0.0
0.09090909090909091
0.15384615384615385
0.05263157894736842
0.2857142857142857
0.047619047619047616
0.07692307692307693
0.18181818181818182
0.1111111111111111
0.1875
0.07142857142857142
0.3333333333333333
0.2
0.1111111111111111
0.14285714285714285
0.16666666666666666
0.18181818181818182
0.0
0.2
0.25
0.08333333333333333
0.18181818181818182
0.25
0.10526315789473684
0.0
0.08333333333333333
0.0
0.0
0.15384615384615385
0.16666666666666666
0.2
0.13333333333333333
0.07692307692307693
0.15384615384615385
0.25
0.25
0.2
0.14285714285714285
0.0
0.0
0.13333333333333333
0.09090909090909091
0.2222222222222222
0.2
0.07692307692307693
0.058823529411764705
0.1
0.14285714285714285
0.0
0.0
0.0
0.2222222222222222
0.0
0.05
0.0
0.2
0.0
0.0
0.15384615384615385
0.07692307692307693
0.0
0.0
0.1111111111111111
0.13333333333333333
0.09090909090909091
0.2
0.0
0.2222222222222222
0.15789473684210525
0.06666666666666667
0.15384615384615385
0.0
0.2
0.0
0.125
0.07142857142857142
0.0
0.06666666666666667
0.07142857142857142
0.2
0.16666666666666666
0.0
0.0
0.23076923076923078
0.13333333333333333
0.0
0.15384615384615385
0.0
0.08333333333333333
0.0
0.0625
0.0
0.16666666666666666
0.125
0.08333333333333333
0.0
0.14285714285714285
0.14285714285714285
0.08695652173913043
0.09090909090909091
0.0
0.0
0.16666666666666666
0.11764705882352941
0.05263157894736842
0.15
0.07142857142857142
0.08333333333333333
0.1111111111111111
0.0
0.0
0.05263157894736842
0.2
0.07692307692307693
0.14285714285714285
0.07692307692307693
0.0
0.0
0.16666666666666666
0.09090909090909091
0.0
0.0
0.0
0.2
0.0
0.0
0.0
0.09090909090909091
0.08333333333333333
0.0
0.0
0.0
0.0
0.0
0.0
0.15384615384615385
0.18181818181818182
0.07142857142857142
0.0
0.07692307692307693
0.0
0.0
0.0
0.08333333333333333
0.0
0.0
0.0
0.0
0.0
0.09090909090909091
0.18181818181818182
0.18181818181818182
0.0
0.0
0.0
0.06666666666666667
0.07692307692307693
0.09090909090909091
0.1
0.07142857142857142
0.0
0.1875
0.0
0.0
0.1111111111111111
0.0
0.0
0.0625
0.09090909090909091
0.14285714285714285
0.041666666666666664
0.0
0.0
0.0
0.0
0.0
0.058823529411764705
0.1
0.08333333333333333
0.08333333333333333
0.06666666666666667
0.06666666666666667
0.07142857142857142
0.07692307692307693
0.1
0.0
0.09090909090909091
0.07142857142857142
0.0
0.0
0.0
0.0
0.05555555555555555
0.0
0.09090909090909091
0.09090909090909091
0.0
0.058823529411764705
0.07692307692307693
0.2
0.0
0.07407407407407407
0.0
0.0
0.058823529411764705
0.125
0.0
0.0625
0.0
0.2
0.08333333333333333
0.0
0.029411764705882353
0.043478260869565216
0.09090909090909091
0.0
0.0
0.09090909090909091
0.0
0.0
0.0
0.0
0.0
0.0
0.0
0.0
0.0
0.0
0.0
0.07692307692307693
0.0
0.0
0.07692307692307693
0.0
0.0
0.07142857142857142
0.0
0.15384615384615385
0.0
0.07692307692307693
0.0
0.0
0.0
0.21052631578947367
0.1111111111111111
0.0
0.07142857142857142
0.0
0.0
0.0
0.0
0.0
0.0
0.0
0.0
0.1
0.0
