0.8333333333333334
0.9
0.75
0.8888888888888888
0.8571428571428571
0.8333333333333334
0.8333333333333334
0.8333333333333334
0.75
0.75
0.8
0.6666666666666666
0.875
0.5714285714285714
0.8333333333333334
0.8333333333333334
0.8571428571428571
0.8333333333333334
0.8571428571428571
0.8333333333333334
0.875
0.8333333333333334
0.8333333333333334
1.0
0.7142857142857143
0.8571428571428571
0.75
1.0
0.8333333333333334
0.7142857142857143
0.8333333333333334
0.8571428571428571
0.8333333333333334
0.8333333333333334
0.7142857142857143
1.0
0.75
0.6
0.6666666666666666
0.8333333333333334
0.6666666666666666
0.6666666666666666
0.8333333333333334
0.8333333333333334
0.8333333333333334
0.8333333333333334
0.8333333333333334
0.8333333333333334
0.8333333333333334
0.8333333333333334
1.0
0.8333333333333334
0.7777777777777778
0.9
0.8571428571428571
0.8
0.8333333333333334
0.8333333333333334
0.8
0.8333333333333334
0.8333333333333334
0.8
0.5
0.8333333333333334
0.7142857142857143
0.6666666666666666
0.8333333333333334
0.8
1.0
0.7777777777777778
0.75
0.8
0.8333333333333334
0.8333333333333334
0.6666666666666666
0.6666666666666666
1.0
0.8571428571428571
0.8333333333333334
0.8571428571428571
0.6
0.75
0.7777777777777778
0.8333333333333334
0.7777777777777778
0.8888888888888888
0.75
0.6666666666666666
0.7142857142857143
0.6666666666666666
0.8333333333333334
0.7142857142857143
0.7142857142857143
0.8571428571428571
0.75
0.8888888888888888
0.8333333333333334
0.7142857142857143
0.8
0.75
0.7142857142857143
0.6
0.75
0.8571428571428571
0.6666666666666666
0.7142857142857143
0.8333333333333334
0.6666666666666666
0.5714285714285714
0.8
0.8333333333333334
0.7
0.5555555555555556
0.7777777777777778
0.625
0.8571428571428571
0.7142857142857143
0.6666666666666666
0.7
0.8333333333333334
0.8
0.8
0.6
0.8
0.8
0.8
0.8
0.7777777777777778
0.6666666666666666
0.6666666666666666
0.6666666666666666
0.6666666666666666
0.75
0.7
0.7142857142857143
1.0
0.8333333333333334
0.8333333333333334
0.6666666666666666
0.5714285714285714
0.6666666666666666
0.7142857142857143
0.7142857142857143
0.5714285714285714
0.75
0.7142857142857143
1.0
0.8571428571428571
0.8333333333333334
0.75
0.875
0.6
0.8
0.6
0.8
0.8
0.6666666666666666
0.5
0.8
0.6666666666666666
0.6666666666666666
0.8333333333333334
0.6666666666666666
0.7142857142857143
0.7142857142857143
0.6666666666666666
0.7142857142857143
0.6666666666666666
0.8333333333333334
0.6666666666666666
0.75
0.5714285714285714
0.8571428571428571
0.75
0.6363636363636364
0.6666666666666666
0.7142857142857143
0.8
0.8571428571428571
0.8333333333333334
0.6666666666666666
0.6666666666666666
0.6666666666666666
0.8333333333333334
0.8333333333333334
0.6
0.8
0.8
0.6
0.8
0.6666666666666666
1.0
0.6666666666666666
0.75
0.7142857142857143
0.6666666666666666
0.5
0.6666666666666666
0.7142857142857143
0.6
0.8
0.6666666666666666
0.7142857142857143
1.0
0.8
0.5
0.7142857142857143
0.75
0.5
0.8
0.7142857142857143
0.7142857142857143
0.6666666666666666
0.7142857142857143
0.5714285714285714
0.6666666666666666
0.6666666666666666
0.8333333333333334
0.625
0.7142857142857143
0.75
0.7
0.8
0.8
0.6
0.7142857142857143
0.7142857142857143
0.625
0.6666666666666666
0.7142857142857143
0.5
0.5714285714285714
0.5
0.6666666666666666
0.5714285714285714
0.7142857142857143
0.6
0.625
0.625
0.5714285714285714
0.7142857142857143
0.625
0.8
0.6666666666666666
0.8333333333333334
0.6666666666666666
0.6666666666666666
0.5714285714285714
0.5714285714285714
0.375
0.6
0.6
0.625
0.42857142857142855
0.7142857142857143
0.8333333333333334
0.625
0.6666666666666666
0.8333333333333334
0.8
0.6
1.0
0.42857142857142855
0.5
0.7142857142857143
0.6666666666666666
0.6666666666666666
0.6666666666666666
0.8
0.625
0.6666666666666666
0.7142857142857143
0.6666666666666666
0.7142857142857143
0.6666666666666666
0.5714285714285714
0.75
0.5
0.6666666666666666
0.5555555555555556
0.5
0.7142857142857143
0.6666666666666666
0.7142857142857143
0.625
0.6666666666666666
0.6666666666666666
0.6666666666666666
0.6
0.8333333333333334
0.5714285714285714
0.6666666666666666
0.5714285714285714
0.5
0.8
0.8571428571428571
0.6666666666666666
0.8
0.5
0.5
0.6666666666666666
0.7
0.625
0.7142857142857143
0.75
0.7142857142857143
0.8333333333333334
0.5
0.6666666666666666
0.6666666666666666
0.6666666666666666
0.625
0.8
0.5714285714285714
0.4444444444444444
0.625
0.42857142857142855
0.4444444444444444
0.4444444444444444
0.6666666666666666
0.6666666666666666
0.7142857142857143
0.42857142857142855
0.625
0.6666666666666666
0.6
0.6
0.6666666666666666
0.6666666666666666
0.6666666666666666
0.5
0.5714285714285714
0.5714285714285714
0.625
0.625
0.5
0.75
0.5555555555555556
0.6666666666666666
0.6666666666666666
0.5714285714285714
0.5714285714285714
0.6666666666666666
0.8
1.0
0.8571428571428571
0.5
0.5714285714285714
0.6666666666666666
0.6666666666666666
0.8
0.5333333333333333
0.5
0.5
0.6666666666666666
0.6666666666666666
0.5
0.6666666666666666
0.5
0.6
0.8571428571428571
0.75
0.625
0.5714285714285714
0.6666666666666666
0.5
0.6
0.375
0.5
0.42857142857142855
0.5
0.6666666666666666
0.42857142857142855
0.6
0.5714285714285714
0.5
0.6666666666666666
0.5714285714285714
0.5
0.5714285714285714
0.5714285714285714
0.75
0.5
0.5714285714285714
0.5
0.6666666666666666
0.8
0.5555555555555556
0.5
0.75
0.6666666666666666
0.5
0.6666666666666666
1.0
0.5714285714285714
0.6666666666666666
0.5714285714285714
0.7142857142857143
0.8571428571428571
0.6666666666666666
0.6666666666666666
0.7142857142857143
0.5
0.6
0.5
0.5454545454545454
0.6666666666666666
0.7142857142857143
0.8333333333333334
0.8
0.625
0.5714285714285714
0.375
0.6
0.5
0.6666666666666666
0.625
0.5714285714285714
0.5
0.6666666666666666
0.4
0.6666666666666666
0.625
0.8
0.5
0.5714285714285714
0.6666666666666666
0.5
0.3333333333333333
0.5333333333333333
0.8333333333333334
0.45454545454545453
0.8571428571428571
0.7142857142857143
0.5714285714285714
0.5714285714285714
0.625
0.5
0.5
0.625
0.6666666666666666
0.5
0.5
0.5
0.6
0.5
0.6666666666666666
0.42857142857142855
0.5
0.5
0.5
0.5
0.6666666666666666
0.5
0.5714285714285714
0.8
0.375
0.4444444444444444
0.6666666666666666
0.2857142857142857
0.3333333333333333
0.5555555555555556
0.5
0.6666666666666666
0.5714285714285714
0.6666666666666666
0.5
0.5714285714285714
0.42857142857142855
0.6666666666666666
0.6666666666666666
0.5
0.42857142857142855
0.5555555555555556
0.5
0.875
0.5
0.5
0.375
0.6
0.5384615384615384
0.5
0.5
0.5714285714285714
0.6
0.6
0.5714285714285714
0.42857142857142855
0.45454545454545453
0.6666666666666666
0.5
0.5
0.625
0.5
0.42857142857142855
0.5
0.45454545454545453
0.5263157894736842
0.4444444444444444
0.375
0.6666666666666666
0.6
0.625
0.6666666666666666
0.5555555555555556
0.5714285714285714
0.6
0.5555555555555556
0.45454545454545453
0.5
0.42857142857142855
0.5714285714285714
0.8333333333333334
0.42857142857142855
0.5714285714285714
0.6666666666666666
0.5
0.5714285714285714
0.6666666666666666
0.42857142857142855
0.5
0.4444444444444444
0.4444444444444444
0.6666666666666666
0.625
0.4444444444444444
0.5714285714285714
0.625
0.75
0.5
0.5
0.375
0.375
0.5
0.375
0.6666666666666666
0.5714285714285714
0.42857142857142855
0.4444444444444444
0.5
0.5
0.6
0.4
0.3333333333333333
0.6666666666666666
0.3333333333333333
0.4166666666666667
0.6
0.6
0.42857142857142855
0.5
0.4444444444444444
0.6666666666666666
0.5
0.42857142857142855
0.5714285714285714
0.5
0.5
0.5714285714285714
0.3333333333333333
0.6666666666666666
0.38461538461538464
0.4
0.5
0.14285714285714285
0.5
0.4
0.5
0.5714285714285714
0.5
0.625
0.5714285714285714
0.5
0.4444444444444444
0.4
0.25
0.5555555555555556
0.8333333333333334
0.25
0.4444444444444444
0.5714285714285714
0.375
0.4444444444444444
0.625
0.6
0.75
0.5
0.5
0.42857142857142855
0.4
0.4444444444444444
0.42857142857142855
0.5
0.3333333333333333
0.2857142857142857
0.5
0.3
0.42857142857142855
0.625
0.6666666666666666
0.375
0.5
0.5
0.5
0.4444444444444444
0.4
0.375
0.4444444444444444
0.25
0.3333333333333333
0.42857142857142855
0.7142857142857143
0.5
0.42857142857142855
0.5
0.2857142857142857
0.5714285714285714
0.5
0.5
0.625
0.42857142857142855
0.5714285714285714
0.25
0.3333333333333333
0.2857142857142857
0.5
0.5
0.2857142857142857
0.4444444444444444
0.5
0.5714285714285714
0.25
0.2857142857142857
0.375
0.42857142857142855
0.5
0.5714285714285714
0.375
0.42857142857142855
0.42857142857142855
0.5
0.375
0.42857142857142855
0.375
0.6666666666666666
0.5
0.42857142857142855
0.25
0.5
0.5
0.42857142857142855
0.5
0.5
0.3333333333333333
0.45454545454545453
0.2857142857142857
0.2857142857142857
0.6
0.42857142857142855
0.5
0.5555555555555556
0.5
0.4444444444444444
0.45454545454545453
0.25
0.4
0.5555555555555556
0.2857142857142857
0.42857142857142855
0.4444444444444444
0.6666666666666666
0.42857142857142855
0.42857142857142855
0.7142857142857143
0.4444444444444444
0.625
0.3333333333333333
0.5
0.25
0.42857142857142855
0.5
0.5
0.23076923076923078
0.6
0.2222222222222222
0.4444444444444444
0.3333333333333333
0.375
0.5
0.3333333333333333
0.36363636363636365
0.4444444444444444
0.6666666666666666
0.5714285714285714
0.5
0.42857142857142855
0.375
0.25
0.6
0.375
0.5
0.3333333333333333
0.3333333333333333
0.375
0.4
0.5
0.36363636363636365
0.375
0.3333333333333333
0.42857142857142855
0.5
0.25
0.375
0.5
0.16666666666666666
0.2857142857142857
0.3333333333333333
0.5
0.2
0.6
0.42857142857142855
0.5
0.8
0.25
0.5
0.4444444444444444
0.2857142857142857
0.42857142857142855
0.5714285714285714
0.375
0.6666666666666666
0.4444444444444444
0.3
0.2727272727272727
0.25
0.18181818181818182
0.375
0.4166666666666667
0.375
0.5714285714285714
0.125
0.42857142857142855
0.42857142857142855
0.42857142857142855
0.16666666666666666
0.16666666666666666
0.375
0.2857142857142857
0.5
0.3333333333333333
