0.7142857142857143
0.9
0.6
0.7272727272727273
0.75
0.7142857142857143
0.7142857142857143
0.625
0.6666666666666666
0.6666666666666666
0.6666666666666666
0.5
0.7777777777777778
0.4444444444444444
0.7142857142857143
0.7142857142857143
0.8571428571428571
0.7142857142857143
0.8571428571428571
0.7142857142857143
0.7777777777777778
0.7142857142857143
0.625
0.875
0.625
0.75
0.5454545454545454
0.8571428571428571
0.625
0.5555555555555556
0.7142857142857143
0.75
0.7142857142857143
0.7142857142857143
0.625
0.8
0.6
0.46153846153846156
0.5714285714285714
0.625
0.5714285714285714
0.5
0.7142857142857143
0.7142857142857143
0.7142857142857143
0.7142857142857143
0.7142857142857143
0.7142857142857143
0.7142857142857143
0.7142857142857143
0.875
0.7142857142857143
0.7777777777777778
0.9
0.75
0.6666666666666666
0.7142857142857143
0.7142857142857143
0.6666666666666666
0.7142857142857143
0.7142857142857143
0.6666666666666666
0.4
0.7142857142857143
0.625
0.5
0.7142857142857143
0.5714285714285714
0.8
0.7777777777777778
0.6
0.6666666666666666
0.7142857142857143
0.625
0.5
0.5
0.8571428571428571
0.8571428571428571
0.625
0.75
0.42857142857142855
0.5
0.6363636363636364
0.7142857142857143
0.6363636363636364
0.7272727272727273
0.6666666666666666
0.5714285714285714
0.625
0.5
0.7142857142857143
0.5555555555555556
0.625
0.75
0.6666666666666666
0.7272727272727273
0.625
0.625
0.7272727272727273
0.6
0.5555555555555556
0.42857142857142855
0.6
0.75
0.5
0.625
0.7142857142857143
0.5714285714285714
0.4444444444444444
0.6666666666666666
0.7142857142857143
0.6363636363636364
0.45454545454545453
0.6363636363636364
0.45454545454545453
0.75
0.5555555555555556
0.4444444444444444
0.5833333333333334
0.7142857142857143
0.6666666666666666
0.6666666666666666
0.42857142857142855
0.6666666666666666
0.6666666666666666
0.6666666666666666
0.6666666666666666
0.6363636363636364
0.5
0.5
0.5
0.5
0.5
0.6363636363636364
0.5
0.6666666666666666
0.7142857142857143
0.7142857142857143
0.5
0.4444444444444444
0.5
0.625
0.5555555555555556
0.4444444444444444
0.75
0.625
0.75
0.75
0.5555555555555556
0.75
0.6363636363636364
0.6
0.6666666666666666
0.42857142857142855
0.6666666666666666
0.6666666666666666
0.5714285714285714
0.375
0.6666666666666666
0.5
0.5
0.7142857142857143
0.5
0.625
0.625
0.5
0.625
0.5
0.625
0.5
0.75
0.4444444444444444
0.6666666666666666
0.5454545454545454
0.5
0.5714285714285714
0.5555555555555556
0.6666666666666666
0.75
0.625
0.4444444444444444
0.5
0.5
0.7142857142857143
0.7142857142857143
0.5
0.6666666666666666
0.6666666666666666
0.42857142857142855
0.6666666666666666
0.6
0.75
0.6666666666666666
0.6666666666666666
0.625
0.5
0.3333333333333333
0.5714285714285714
0.7142857142857143
0.42857142857142855
0.6666666666666666
0.5
0.625
0.7
0.5
0.375
0.625
0.6
0.375
0.6666666666666666
0.5
0.5555555555555556
0.5
0.625
0.4444444444444444
0.5
0.46153846153846156
0.5555555555555556
0.45454545454545453
0.5555555555555556
0.6666666666666666
0.6363636363636364
0.5714285714285714
0.5
0.375
0.5
0.45454545454545453
0.5
0.4444444444444444
0.625
0.3
0.5
0.3333333333333333
0.5
0.4444444444444444
0.5555555555555556
0.375
0.5555555555555556
0.45454545454545453
0.4444444444444444
0.625
0.45454545454545453
0.6666666666666666
0.5
0.625
0.5
0.5
0.4
0.36363636363636365
0.23076923076923078
0.42857142857142855
0.46153846153846156
0.4166666666666667
0.2727272727272727
0.5555555555555556
0.5555555555555556
0.5555555555555556
0.5
0.625
0.7272727272727273
0.42857142857142855
0.5
0.2727272727272727
0.4
0.5
0.5
0.5
0.4444444444444444
0.5714285714285714
0.625
0.4444444444444444
0.5
0.4444444444444444
0.625
0.5
0.4444444444444444
0.6
0.36363636363636365
0.5
0.45454545454545453
0.4
0.5555555555555556
0.5
0.625
0.5
0.5454545454545454
0.5
0.5714285714285714
0.42857142857142855
0.7142857142857143
0.4444444444444444
0.4444444444444444
0.4
0.3333333333333333
0.5714285714285714
0.6
0.4444444444444444
0.5
0.4
0.3
0.5
0.5833333333333334
0.5
0.5
0.6666666666666666
0.625
0.625
0.4
0.4444444444444444
0.5
0.4444444444444444
0.625
0.5
0.3076923076923077
0.3076923076923077
0.5
0.3333333333333333
0.3076923076923077
0.3076923076923077
0.5
0.5
0.45454545454545453
0.2727272727272727
0.5
0.5714285714285714
0.42857142857142855
0.42857142857142855
0.5
0.4
0.4444444444444444
0.3333333333333333
0.4444444444444444
0.4
0.45454545454545453
0.5
0.3
0.5454545454545454
0.35714285714285715
0.4444444444444444
0.5
0.4444444444444444
0.4444444444444444
0.5
0.5714285714285714
0.6666666666666666
0.6
0.375
0.4
0.5
0.5714285714285714
0.5714285714285714
0.4
0.3333333333333333
0.375
0.5
0.5
0.375
0.4
0.3333333333333333
0.5
0.6
0.5
0.5555555555555556
0.4444444444444444
0.5
0.3333333333333333
0.42857142857142855
0.25
0.3333333333333333
0.3333333333333333
0.3
0.4444444444444444
0.3
0.42857142857142855
0.4
0.4
0.5
0.4444444444444444
0.3
0.4444444444444444
0.4
0.5
0.3
0.4444444444444444
0.3333333333333333
0.5714285714285714
0.4
0.5
0.4
0.42857142857142855
0.5
0.3333333333333333
0.4
0.7142857142857143
0.4
0.4444444444444444
0.36363636363636365
0.45454545454545453
0.5454545454545454
0.5
0.5454545454545454
0.4166666666666667
0.3888888888888889
0.42857142857142855
0.375
0.35294117647058826
0.5
0.5555555555555556
0.5
0.5
0.4166666666666667
0.36363636363636365
0.23076923076923078
0.3333333333333333
0.4
0.4
0.38461538461538464
0.4444444444444444
0.375
0.5
0.25
0.4
0.4166666666666667
0.5714285714285714
0.3333333333333333
0.4
0.5714285714285714
0.375
0.2
0.5
0.5
0.3333333333333333
0.5454545454545454
0.4166666666666667
0.4
0.36363636363636365
0.5
0.4
0.36363636363636365
0.45454545454545453
0.4444444444444444
0.2727272727272727
0.36363636363636365
0.4
0.3333333333333333
0.3333333333333333
0.5
0.3
0.3
0.2727272727272727
0.3333333333333333
0.3076923076923077
0.5
0.375
0.36363636363636365
0.4444444444444444
0.25
0.3333333333333333
0.36363636363636365
0.15384615384615385
0.2
0.35714285714285715
0.4
0.4444444444444444
0.36363636363636365
0.4444444444444444
0.3076923076923077
0.4444444444444444
0.3333333333333333
0.4444444444444444
0.4444444444444444
0.36363636363636365
0.25
0.4166666666666667
0.375
0.4666666666666667
0.2727272727272727
0.4
0.25
0.375
0.5
0.4
0.3
0.4
0.5454545454545454
0.3333333333333333
0.3333333333333333
0.3333333333333333
0.29411764705882354
0.4
0.4
0.3333333333333333
0.38461538461538464
0.3333333333333333
0.3
0.3076923076923077
0.3125
0.5
0.23529411764705882
0.2727272727272727
0.4
0.3333333333333333
0.45454545454545453
0.3333333333333333
0.5555555555555556
0.4
0.42857142857142855
0.45454545454545453
0.3125
0.4
0.2727272727272727
0.4
0.5
0.25
0.4
0.5714285714285714
0.37037037037037035
0.36363636363636365
0.4444444444444444
0.3
0.3
0.36363636363636365
0.36363636363636365
0.4
0.4166666666666667
0.36363636363636365
0.36363636363636365
0.35714285714285715
0.46153846153846156
0.4166666666666667
0.3333333333333333
0.23076923076923078
0.23076923076923078
0.3333333333333333
0.2727272727272727
0.4444444444444444
0.4444444444444444
0.25
0.3076923076923077
0.3
0.3333333333333333
0.3333333333333333
0.2222222222222222
0.2222222222222222
0.5
0.18181818181818182
0.3125
0.42857142857142855
0.5
0.3
0.3
0.36363636363636365
0.4
0.3
0.21428571428571427
0.5
0.3333333333333333
0.4
0.4
0.18181818181818182
0.4444444444444444
0.3125
0.2857142857142857
0.4
0.07142857142857142
0.3
0.2857142857142857
0.3076923076923077
0.36363636363636365
0.4
0.5
0.36363636363636365
0.4
0.3333333333333333
0.25
0.14285714285714285
0.45454545454545453
0.38461538461538464
0.16666666666666666
0.36363636363636365
0.36363636363636365
0.25
0.3076923076923077
0.38461538461538464
0.3333333333333333
0.42857142857142855
0.38461538461538464
0.3
0.25
0.3076923076923077
0.2857142857142857
0.3333333333333333
0.3333333333333333
0.23076923076923078
0.18181818181818182
0.36363636363636365
0.1875
0.2
0.29411764705882354
0.3333333333333333
0.2727272727272727
0.375
0.375
0.375
0.2222222222222222
0.26666666666666666
0.2727272727272727
0.3076923076923077
0.16666666666666666
0.23076923076923078
0.23076923076923078
0.5
0.3
0.2727272727272727
0.3333333333333333
0.16666666666666666
0.4444444444444444
0.3333333333333333
0.3
0.38461538461538464
0.3333333333333333
0.36363636363636365
0.16666666666666666
0.25
0.16666666666666666
0.3
0.3333333333333333
0.15384615384615385
0.3333333333333333
0.25
0.3076923076923077
0.16666666666666666
0.16666666666666666
0.2727272727272727
0.2727272727272727
0.3333333333333333
0.4
0.2727272727272727
0.3333333333333333
0.3
0.3
0.1875
0.3
0.2727272727272727
0.4444444444444444
0.2727272727272727
0.23076923076923078
0.14285714285714285
0.3333333333333333
0.2727272727272727
0.3
0.375
0.21428571428571427
0.18181818181818182
0.38461538461538464
0.2
0.2
0.375
0.3333333333333333
0.3333333333333333
0.4166666666666667
0.3
0.3076923076923077
0.2631578947368421
0.18181818181818182
0.2
0.45454545454545453
0.18181818181818182
0.2727272727272727
0.3076923076923077
0.4444444444444444
0.3
0.3
0.38461538461538464
0.3333333333333333
0.45454545454545453
0.25
0.3333333333333333
0.1875
0.2727272727272727
0.25
0.3333333333333333
0.16666666666666666
0.3333333333333333
0.14285714285714285
0.23529411764705882
0.16666666666666666
0.3
0.3
0.23076923076923078
0.26666666666666666
0.36363636363636365
0.4444444444444444
0.26666666666666666
0.2857142857142857
0.25
0.23076923076923078
0.125
0.375
0.2727272727272727
0.3333333333333333
0.16666666666666666
0.2777777777777778
0.2727272727272727
0.2222222222222222
0.3181818181818182
0.23529411764705882
0.3
0.18181818181818182
0.25
0.3888888888888889
0.18181818181818182
0.2727272727272727
0.2727272727272727
0.07692307692307693
0.16666666666666666
0.21428571428571427
0.375
0.11764705882352941
0.3
0.3
0.3333333333333333
0.36363636363636365
0.18181818181818182
0.2727272727272727
0.36363636363636365
0.16666666666666666
0.25
0.3333333333333333
0.2727272727272727
0.36363636363636365
0.3076923076923077
0.23076923076923078
0.1875
0.2
0.11764705882352941
0.375
0.3333333333333333
0.25
0.3076923076923077
0.07142857142857142
0.25
0.2727272727272727
0.25
0.09090909090909091
0.1
0.25
0.2
0.3333333333333333
0.2
