0.6666666666666666
0.3333333333333333
0.3333333333333333
0.7777777777777778
0.6666666666666666
0.6
0.6
0.3333333333333333
0.5714285714285714
0.625
0.75
0.3333333333333333
0.5714285714285714
0.42857142857142855
0.6
0.6666666666666666
0.5
0.6666666666666666
0.5
0.6666666666666666
0.7777777777777778
0.6
0.5
0.8333333333333334
0.5714285714285714
0.6666666666666666
0.5
0.5
0.6
0.3333333333333333
0.6666666666666666
0.6666666666666666
0.6666666666666666
0.6666666666666666
0.5
0.8571428571428571
0.42857142857142855
0.5
0.5
0.6
0.5
0.3333333333333333
0.6
0.6666666666666666
0.6666666666666666
0.6666666666666666
0.6666666666666666
0.6666666666666666
0.6666666666666666
0.6666666666666666
0.8333333333333334
0.8
0.6666666666666666
0.7272727272727273
0.5714285714285714
0.6
0.6
0.6666666666666666
0.5
0.6
0.6
0.5
0.14285714285714285
0.5
0.5
0.3333333333333333
0.5
0.6
1.0
0.5555555555555556
0.42857142857142855
0.5
0.5
0.6666666666666666
0.3333333333333333
0.3333333333333333
0.8333333333333334
0.42857142857142855
0.6
0.5714285714285714
0.5
0.6666666666666666
0.5
0.4
0.5
0.7777777777777778
0.42857142857142855
0.4
0.3333333333333333
0.3333333333333333
0.6666666666666666
0.3333333333333333
0.6666666666666666
0.6666666666666666
0.42857142857142855
0.7777777777777778
0.6666666666666666
0.5
0.7
0.5
0.2857142857142857
0.25
0.42857142857142855
0.5714285714285714
0.3333333333333333
0.5
0.6666666666666666
0.4
0.16666666666666666
0.5
0.5
0.4
0.4
0.625
0.25
0.5
0.5
0.5
0.4444444444444444
0.6
0.5
0.5
0.0
0.5
0.5
0.5
0.5
0.5555555555555556
0.3333333333333333
0.3333333333333333
0.2
0.3333333333333333
0.3333333333333333
0.2222222222222222
0.2857142857142857
0.8333333333333334
0.6
0.5
0.3333333333333333
0.16666666666666666
0.3333333333333333
0.5
0.3333333333333333
0.16666666666666666
0.5555555555555556
0.3333333333333333
0.8333333333333334
0.6666666666666666
0.3333333333333333
0.625
0.5714285714285714
0.25
0.5
0.0
0.5
0.5
0.5
0.2
0.5
0.3333333333333333
0.3333333333333333
0.6666666666666666
0.3333333333333333
0.5714285714285714
0.5
0.2
0.3333333333333333
0.4
0.6666666666666666
0.3333333333333333
0.5
0.16666666666666666
0.625
0.5
0.5
0.4
0.42857142857142855
0.5
0.5714285714285714
0.6666666666666666
0.3333333333333333
0.3333333333333333
0.3333333333333333
0.6
0.6666666666666666
0.5
0.5
0.5
0.0
0.5
0.45454545454545453
0.8333333333333334
0.5555555555555556
0.42857142857142855
0.42857142857142855
0.4
0.0
0.4
0.42857142857142855
0.0
0.5
0.3333333333333333
0.5
0.6666666666666666
0.4
0.16666666666666666
0.5
0.5714285714285714
0.3333333333333333
0.5
0.3333333333333333
0.7142857142857143
0.3333333333333333
0.5
0.3333333333333333
0.3333333333333333
0.3333333333333333
0.5
0.42857142857142855
0.16666666666666666
0.375
0.4
0.5
0.5
0.2
0.42857142857142855
0.5714285714285714
0.2857142857142857
0.4
0.3333333333333333
0.2
0.2857142857142857
0.2
0.3333333333333333
0.16666666666666666
0.3333333333333333
0.2
0.375
0.375
0.3333333333333333
0.3333333333333333
0.4444444444444444
0.4
0.5555555555555556
0.3333333333333333
0.3333333333333333
0.3333333333333333
0.3333333333333333
0.2857142857142857
0.0
0.25
0.2
0.5
0.14285714285714285
0.42857142857142855
0.5
0.42857142857142855
0.3333333333333333
0.6
0.5
0.0
0.5
0.16666666666666666
0.25
0.2857142857142857
0.2
0.2
0.4
0.6
0.42857142857142855
0.16666666666666666
0.5
0.3333333333333333
0.3333333333333333
0.3333333333333333
0.2857142857142857
0.375
0.125
0.3333333333333333
0.2
0.18181818181818182
0.5
0.3333333333333333
0.5
0.375
0.375
0.375
0.2
0.25
0.6
0.2857142857142857
0.3333333333333333
0.3333333333333333
0.2857142857142857
0.5
0.7142857142857143
0.2
0.6
0.14285714285714285
0.0
0.4
0.4444444444444444
0.5
0.5
0.42857142857142855
0.14285714285714285
0.5
0.2857142857142857
0.4
0.4
0.3333333333333333
0.42857142857142855
0.5
0.2857142857142857
0.25
0.375
0.14285714285714285
0.25
0.0
0.2
0.4
0.5
0.3333333333333333
0.2857142857142857
0.3333333333333333
0.0
0.0
0.3333333333333333
0.4
0.4
0.0
0.3333333333333333
0.14285714285714285
0.25
0.42857142857142855
0.14285714285714285
0.625
0.1111111111111111
0.2
0.3333333333333333
0.2857142857142857
0.3333333333333333
0.2
0.25
0.8333333333333334
0.7142857142857143
0.23076923076923078
0.3333333333333333
0.4
0.4
0.5
0.3157894736842105
0.125
0.4
0.4
0.3333333333333333
0.0
0.4
0.2857142857142857
0.36363636363636365
0.5
0.4444444444444444
0.25
0.2857142857142857
0.16666666666666666
0.0
0.0
0.14285714285714285
0.0
0.0
0.0
0.4
0.0
0.0
0.16666666666666666
0.125
0.3333333333333333
0.3333333333333333
0.0
0.16666666666666666
0.14285714285714285
0.2857142857142857
0.0
0.2857142857142857
0.16666666666666666
0.4
0.5
0.375
0.14285714285714285
0.5
0.4
0.0
0.3333333333333333
0.75
0.3333333333333333
0.3333333333333333
0.2857142857142857
0.2857142857142857
0.42857142857142855
0.375
0.4444444444444444
0.3333333333333333
0.2857142857142857
0.25
0.2
0.3
0.3333333333333333
0.5
0.5
0.5
0.25
0.14285714285714285
0.125
0.2
0.25
0.5
0.2857142857142857
0.2857142857142857
0.16666666666666666
0.4
0.25
0.3333333333333333
0.3333333333333333
0.5
0.0
0.3333333333333333
0.4
0.0
0.0
0.2777777777777778
0.5
0.0
0.3333333333333333
0.5
0.14285714285714285
0.16666666666666666
0.125
0.1111111111111111
0.25
0.42857142857142855
0.4
0.0
0.2857142857142857
0.2222222222222222
0.2
0.14285714285714285
0.2
0.0
0.0
0.0
0.0
0.0
0.2
0.2
0.2857142857142857
0.4
0.125
0.25
0.2
0.14285714285714285
0.0
0.25
0.2222222222222222
0.4
0.2857142857142857
0.4
0.0
0.2857142857142857
0.16666666666666666
0.4
0.2
0.2857142857142857
0.14285714285714285
0.3
0.2
0.375
0.0
0.2222222222222222
0.0
0.0
0.3076923076923077
0.125
0.0
0.16666666666666666
0.36363636363636365
0.5
0.0
0.14285714285714285
0.08333333333333333
0.4
0.25
0.0
0.2222222222222222
0.0
0.14285714285714285
0.2857142857142857
0.09090909090909091
0.3333333333333333
0.1
0.125
0.3333333333333333
0.25
0.3
0.16666666666666666
0.375
0.3333333333333333
0.2
0.2222222222222222
0.2727272727272727
0.25
0.0
0.3333333333333333
0.5
0.16666666666666666
0.3333333333333333
0.3333333333333333
0.18181818181818182
0.0
0.16666666666666666
0.0
0.0
0.2222222222222222
0.25
0.4
0.25
0.1111111111111111
0.2857142857142857
0.5
0.5
0.2727272727272727
0.25
0.0
0.0
0.25
0.14285714285714285
0.4
0.3333333333333333
0.14285714285714285
0.1111111111111111
0.2
0.2222222222222222
0.0
0.0
0.0
0.3333333333333333
0.0
0.08333333333333333
0.0
0.2727272727272727
0.0
0.0
0.2222222222222222
0.16666666666666666
0.0
0.0
0.16666666666666666
0.25
0.14285714285714285
0.3333333333333333
0.0
0.4
0.23076923076923078
0.1111111111111111
0.2222222222222222
0.0
0.3333333333333333
0.0
0.25
0.14285714285714285
0.0
0.1111111111111111
0.14285714285714285
0.2857142857142857
0.25
0.0
0.0
0.3333333333333333
0.4
0.0
0.2222222222222222
0.0
0.14285714285714285
0.0
0.14285714285714285
0.0
0.375
0.2
0.16666666666666666
0.0
0.2222222222222222
0.25
0.13333333333333333
0.16666666666666666
0.0
0.0
0.25
0.18181818181818182
0.14285714285714285
0.3333333333333333
0.16666666666666666
0.14285714285714285
0.2
0.0
0.0
0.125
0.3333333333333333
0.125
0.2222222222222222
0.125
0.0
0.0
0.3333333333333333
0.2
0.0
0.0
0.0
0.3333333333333333
0.0
0.0
0.0
0.125
0.16666666666666666
0.0
0.0
0.0
0.0
0.0
0.0
0.2222222222222222
0.4
0.16666666666666666
0.0
0.14285714285714285
0.0
0.0
0.0
0.14285714285714285
0.0
0.0
0.0
0.0
0.0
0.14285714285714285
0.25
0.3333333333333333
0.0
0.0
0.0
0.125
0.16666666666666666
0.16666666666666666
0.16666666666666666
0.2
0.0
0.25
0.0
0.0
0.25
0.0
0.0
0.1111111111111111
0.16666666666666666
0.25
0.08333333333333333
0.0
0.0
0.0
0.0
0.0
0.1111111111111111
0.2
0.14285714285714285
0.14285714285714285
0.16666666666666666
0.1111111111111111
0.14285714285714285
0.125
0.2
0.0
0.16666666666666666
0.16666666666666666
0.0
0.0
0.0
0.0
0.125
0.0
0.14285714285714285
0.16666666666666666
0.0
0.09090909090909091
0.1111111111111111
0.4
0.0
0.16666666666666666
0.0
0.0
0.125
0.25
0.0
0.125
0.0
0.23529411764705882
0.14285714285714285
0.0
0.058823529411764705
0.08333333333333333
0.14285714285714285
0.0
0.0
0.14285714285714285
0.0
0.0
0.0
0.0
0.0
0.0
0.0
0.0
0.0
0.0
0.0
0.25
0.0
0.0
0.1111111111111111
0.0
0.0
0.14285714285714285
0.0
0.3333333333333333
0.0
0.1111111111111111
0.0
0.0
0.0
0.23529411764705882
0.16666666666666666
0.0
0.16666666666666666
0.0
0.0
0.0
0.0
0.0
0.0
0.0
0.0
0.2
0.0
