0.3333333333333333
0.0
0.0
0.25
0.0
0.0
0.0
0.0
0.125
0.375
0.3333333333333333
0.0
0.0
0.0
0.0
0.3333333333333333
0.0
0.3333333333333333
0.0
0.0
0.2727272727272727
0.2
0.125
0.125
0.1
0.3333333333333333
0.0
0.0
0.0
0.0
0.3333333333333333
0.3333333333333333
0.3333333333333333
0.3333333333333333
0.0
0.4444444444444444
0.0
0.15384615384615385
0.0
0.0
0.0
0.0
0.2
0.3333333333333333
0.3333333333333333
0.3333333333333333
0.3333333333333333
0.3333333333333333
0.3333333333333333
0.3333333333333333
0.125
0.4
0.3333333333333333
0.6666666666666666
0.1111111111111111
0.2
0.2
0.3333333333333333
0.0
0.2
0.2
0.0
0.0
0.0
0.14285714285714285
0.0
0.16666666666666666
0.0
0.5
0.375
0.0
0.0
0.0
0.125
0.0
0.0
0.2857142857142857
0.0
0.0
0.2857142857142857
0.0
0.0
0.0
0.0
0.2
0.23076923076923078
0.0
0.0
0.0
0.0
0.3333333333333333
0.0
0.3333333333333333
0.3333333333333333
0.125
0.25
0.2857142857142857
0.0
0.25
0.0
0.0
0.0
0.0
0.0
0.0
0.16666666666666666
0.3333333333333333
0.0
0.0
0.0
0.16666666666666666
0.0
0.08333333333333333
0.3333333333333333
0.0
0.0
0.125
0.0
0.08333333333333333
0.16666666666666666
0.0
0.0
0.0
0.0
0.0
0.0
0.0
0.08333333333333333
0.0
0.0
0.0
0.0
0.0
0.0
0.0
0.1
0.16666666666666666
0.16666666666666666
0.0
0.0
0.0
0.16666666666666666
0.0
0.0
0.375
0.0
0.42857142857142855
0.3333333333333333
0.0
0.42857142857142855
0.09090909090909091
0.0
0.0
0.0
0.0
0.25
0.0
0.0
0.0
0.0
0.0
0.3333333333333333
0.0
0.0
0.16666666666666666
0.0
0.0
0.0
0.3333333333333333
0.0
0.2857142857142857
0.0
0.08333333333333333
0.0
0.1875
0.0
0.1111111111111111
0.0
0.25
0.2857142857142857
0.0
0.0
0.0
0.2
0.3333333333333333
0.0
0.0
0.0
0.0
0.0
0.07142857142857142
0.375
0.375
0.125
0.0
0.0
0.0
0.0
0.16666666666666666
0.0
0.0
0.0
0.0
0.2222222222222222
0.0
0.0
0.16666666666666666
0.25
0.0
0.0
0.0
0.375
0.0
0.16666666666666666
0.0
0.0
0.07142857142857142
0.125
0.0
0.0
0.1111111111111111
0.18181818181818182
0.0
0.0
0.0
0.0
0.09090909090909091
0.0
0.0
0.0
0.0
0.0
0.0
0.0
0.0
0.0
0.0
0.0
0.0
0.0
0.0
0.0
0.0
0.2727272727272727
0.0
0.0
0.0
0.0
0.0
0.0
0.0
0.0
0.0
0.0
0.1111111111111111
0.0
0.125
0.0
0.16666666666666666
0.07692307692307693
0.0
0.0
0.0
0.0
0.0
0.0
0.0
0.0
0.0
0.16666666666666666
0.0
0.125
0.0
0.0
0.0
0.0
0.0
0.0
0.0
0.0
0.0
0.0
0.0
0.16666666666666666
0.1
0.0
0.08333333333333333
0.0
0.0
0.16666666666666666
0.0
0.0
0.0
0.0
0.0
0.09090909090909091
0.0
0.0
0.0
0.0
0.0
0.08333333333333333
0.2222222222222222
0.1111111111111111
0.0
0.0
0.14285714285714285
0.0
0.0
0.0
0.0
0.16666666666666666
0.0
0.0
0.0
0.0
0.0
0.0
0.0
0.0
0.0
0.1
0.0
0.0
0.0
0.0
0.0
0.0
0.0
0.0
0.0
0.0
0.0
0.0
0.125
0.0
0.18181818181818182
0.0
0.0
0.0
0.0
0.0
0.0
0.0
0.3333333333333333
0.09090909090909091
0.0
0.0
0.0
0.0
0.0
0.07407407407407407
0.0
0.0
0.0
0.0
0.0
0.0
0.0
0.07142857142857142
0.1111111111111111
0.15384615384615385
0.0
0.0
0.0
0.0
0.0
0.0
0.0
0.0
0.0
0.0
0.0
0.0
0.0
0.0
0.0
0.0
0.0
0.0
0.0
0.0
0.0
0.0
0.0
0.0
0.0
0.125
0.0
0.06666666666666667
0.0
0.0
0.0
0.16666666666666666
0.0
0.0
0.0
0.0
0.09090909090909091
0.0
0.08333333333333333
0.0
0.0
0.0
0.0
0.0625
0.0
0.125
0.1
0.0
0.0
0.0
0.0
0.0
0.0
0.0
0.0
0.0
0.0
0.0
0.0
0.0
0.0
0.0
0.0
0.0
0.0
0.0
0.0
0.045454545454545456
0.09090909090909091
0.0
0.0
0.09090909090909091
0.0
0.0
0.0
0.0
0.0
0.0
0.0
0.0
0.0
0.0
0.0
0.0
0.0
0.0
0.0
0.0
0.0
0.0
0.0
0.0
0.0
0.0
0.0
0.0
0.0
0.0
0.0
0.0
0.0
0.0
0.0
0.0
0.0
0.0
0.0
0.0
0.0
0.0
0.0
0.07692307692307693
0.0
0.0
0.0
0.0
0.0
0.0
0.13333333333333333
0.0
0.0
0.0
0.0
0.0
0.0
0.0
0.0
0.0
0.0
0.0
0.0
0.0
0.0
0.0
0.0
0.14285714285714285
0.0
0.0
0.0
0.0
0.0
0.0
0.14285714285714285
0.0
0.0
0.0
0.0
0.0
0.0
0.0
0.0
0.0
0.0
0.0
0.02702702702702703
0.0
0.0
0.0
0.0
0.0
0.0
0.0
0.0
0.0
0.0
0.06666666666666667
0.0
0.07692307692307693
0.0
0.0
0.0
0.0
0.0
0.0
0.0
0.0
0.0
0.0
0.0
0.0
0.0
0.0
0.0
0.0
0.0
0.0
0.07692307692307693
0.0
0.0
0.0
0.0
0.0
0.0
0.0
0.0
0.0
0.0
0.0
0.0
0.0
0.0
0.0
0.0
0.0
0.0
0.0
0.0
0.0
0.0
0.0
0.0
0.0
0.0
0.0
0.0
0.0
0.0
0.0
0.0
0.0
0.0
0.0
0.0
0.0625
0.0
0.0
0.0
0.0
0.0
0.0
0.0
0.0
0.0
0.0
0.0
0.0
0.0
0.0
0.0
0.0
0.0
0.0
0.0
0.07692307692307693
0.0
0.0
0.0
0.0
0.0
0.0
0.0
0.0
0.0
0.0
0.0
0.0
0.0
0.0
0.0
0.0
0.0
0.0
0.0
0.0
0.0
0.0
0.0
0.0
0.0
0.0
0.0
0.0
0.0
0.0
0.0
0.0
0.0
0.0
0.0
0.0
0.0
0.0
0.0
0.0
0.0
0.0
0.0
0.0
0.0
0.0
0.0
0.0
0.0
0.0
0.0
0.0
0.0
0.0
0.0
0.0
0.0
0.0
0.0
0.0
0.0
0.0
0.0
0.0
0.0
0.0
0.0
0.0
0.0
0.0
0.0
0.0
0.0
0.0
0.0
0.0
0.0
0.0
0.0
0.0
0.0
0.0
0.0
0.0
0.0
0.0
0.0
0.0
0.0
0.0
0.0
0.0
0.0
0.0
0.0
0.0
0.0
0.0
0.0
0.0
0.0
0.0
0.0
0.0
0.0
0.0
0.0
0.0
0.0
0.0
0.0
0.0
0.0
0.0
0.0
0.0
0.0
0.0
0.0
0.0
0.0
0.0
0.0
0.0
0.0
0.0
0.0
0.0
0.0
0.0
0.11764705882352941
0.0
0.0
0.0
0.0
0.0
0.0
0.0
0.0
0.0
0.0
0.0
0.0
0.0
