0.6443852671210263
0.5137325689137983
0.506691123223425
0.8360665599073419
0.22780214316422545
0.07852769959816774
0.38107104722240953
0.5690017693769949
0.6357411795590648
0.3589669361984561
0.46480778691878194
0.8752801712452946
0.7444389030118275
0.8320721365464393
0.72273264073471
0.551148550863096
0.6322412716438321
0.3548602857766434
0.4502210163358931
0.7609647485779791
0.6528954416329098
0.2938498387236121
0.27077249748407956
0.09226331494092119
0.24140355382805917
0.8338265346742892
0.5394937738652095
0.5535316944252606
0.6572092641005162
0.6287866374047714
0.43001134765591964
0.5246557757318363
0.6109252587762763
0.7832742958640655
0.2593898167988754
0.3743272496053084
0.4055238016705355
0.38022143192012076
0.7582805648803214
0.35278070547489326
0.5429525845462025
0.2657172742843503
0.6439420117743523
0.39146631111480584
0.5971535002100672
0.37282871918268023
0.7949368678792982
0.451370722663491
0.816966570817189
0.7438364438080874
0.6795262924137159
0.6959582829889293
0.7618917048623669
0.3544046248562655
0.5448443332920839
0.42930771045578947
0.3471615140812317
0.3637926177035856
0.5509186287560441
0.43321465815150906
0.5270739809305403
0.6384761650152909
0.6908183790554867
0.29417915809788003
0.4300056104779821
0.8584354446932791
0.613034414387843
0.47824806377195705
0.6720239848975184
0.7349830891183948
0.6350360149772243
0.37195850486245713
0.3866828188954903
0.44686205421207686
0.5039057648655341
0.7078096269040328
0.7325124652332907
0.42351708041304403
0.44101620206410247
0.5763852909539049
0.7553515214535415
0.5930169944230913
0.5538180938796619
0.4537173606307577
0.7946909693972339
0.3975520526545217
0.35109453466464574
0.3301173279352699
0.506337510116765
0.5680266130516612
0.7053764299933645
0.5550879581735685
0.41991075206298495
0.5570660062093261
0.3350338560229213
0.7509087478301177
0.5525260298941881
0.5093881184231633
0.5932331244025858
0.7459959571251602
0.30964597063238397
0.3981212226815613
0.4423236850081043
0.46596944108172217
0.8502765468747305
0.5950302580889251
0.5760213127845628
0.6138498306319242
0.4113364241798239
0.7831655954168951
0.6987253107062348
0.5110887396269743
0.444309102670041
0.3222358739678552
0.4201095358058115
0.6437413694711596
0.723973515695531
0.42469808027556494
0.4776044726451722
0.5782103338387342
0.14152173991874462
0.7235545422391378
0.2667070078475933
0.43723530704248204
0.5012161030097022
0.4249656178433758
0.5633771890953507
0.6635072193460212
0.7004631103428781
0.18892513656103768
0.772905274752145
0.6355912150576828
0.5900094470619108
0.8858912912982861
0.46902070066577267
0.41270908739209
0.49775689297380216
0.613670221430832
0.6196158486568112
0.4410512945535889
0.4401917323620051
0.41380818857281676
0.4998781232779615
0.7243589814867032
0.5444141303188252
0.48287470032602
0.6580793974796663
0.5208616062929218
0.46593213924381044
0.6430632383006802
0.7166262402523678
0.6016932568448691
0.8175210805088599
0.9244067386004222
0.6421170981698142
0.41785418506331484
0.5071030845843357
0.5905667906869124
0.4854791505129539
0.2690996863936003
0.6990774131647708
0.5584020716865996
0.45304546877651086
0.5065512058440749
0.5798724059771289
0.49483534838739646
0.3046166551462331
0.7234252938707051
0.4998994745085166
0.5280754919804265
0.6522626936704483
0.5046838532589689
0.48483517436640033
0.4648765236473023
0.5184067923184277
0.3033424239599249
0.48338108236803495
0.8334856375909832
0.35057860084529663
0.6633495662339608
0.788881649515155
0.4333958144665856
0.5840403158538461
0.679363272122614
0.10341077477683845
0.6884797426230898
0.7674116348592194
0.5716759468593628
0.5238009171932116
0.1900219365010429
0.3397439658391757
0.5469729975190217
0.685332292980605
0.24036850605707277
0.7064555493786078
0.2824730846974806
0.892619745034684
0.11521456243343599
0.7676320690648971
0.4474828823087342
0.6873735177679484
0.9176127898288996
0.2794406751402616
0.29311267628278526
0.3833050901033158
0.2336810860628692
0.7968043105417004
0.7732968519161645
0.3520745727822927
0.6671875663858103
0.2814262577084172
0.5454609021069535
0.6939356575265044
0.612856279629506
0.32275600007226013
0.7320030215520791
0.6087784856370567
0.6877253819305051
0.7591325984114415
0.7462395504986141
0.5542700559613923
0.7895113368615104
0.806109633390199
0.4983192462137369
0.7056834184749736
0.2477709699243715
0.8187963170700857
0.7697814291553546
0.2909065508309854
0.5807848382806006
0.40891973372291945
0.9183987566818409
0.5847233255463443
0.7192020611909491
0.32691661848932674
0.33519040326244315
0.35277230971324436
0.8967611412551612
0.5127928029724004
0.670686425878933
0.5366105694867883
0.4132010802218419
0.7056255456643741
0.6556598516795845
0.5594927225089165
0.4075486572333058
0.7016105183604744
0.4562054431540879
0.5676896994884066
0.5000003985128602
0.7103944621161792
0.9163773512106054
0.5824706329020077
0.19611389493929818
0.8252176432199981
0.48339201362996786
0.5040264487774423
0.5388700989545555
0.5960631640241766
0.6459818642630532
0.6455878462335433
0.5988747366475787
0.609222708858985
0.6049513741947965
0.3666959358331086
0.7591896100041517
0.6437538003096537
0.6902401620057589
0.562050268432211
0.6137253466866529
0.36355072467572247
0.7278763627065296
0.08337792046035425
0.5016926126294521
0.791553505731621
0.3355394425137111
0.5773042319579996
0.2543044954025069
0.6849631891491266
0.3122192326947527
0.6652047337324204
0.5262414155027154
0.46619252370414277
0.43082557380240066
0.7829469132420831
0.5995194921074743
0.3742245921859462
0.6236305078645834
0.6360469627184951
0.5435955457889853
0.7171889444792741
0.3216301421278393
0.6869670017922882
0.36356210793630084
0.5088534795590377
0.7861141333980239
0.3080622365500129
0.7794332250359332
0.44307457994303834
0.624757332634398
0.5626439588921855
0.3839256895903494
0.43622329357601736
0.46905641971050893
0.353674840505882
0.6227798942195815
0.5886498632313675
0.5679077400939966
0.7210086296590972
0.5384491164580152
0.8022616442196988
0.784206549962077
0.5929334895255414
0.4990585225231189
0.5770949225232811
0.544174903643192
0.5540458004189451
0.6490058365218814
0.3650326701367174
0.6129530882048794
0.2636035890854755
0.5409822979244325
0.8114163237302763
0.46582619250334734
0.5946795372813831
0.37451774087737705
0.26995013355948183
0.619398493606668
0.46865046859324516
0.30451179226986774
0.5696404171675766
0.687125769746088
0.5674357042316318
0.4155982258207784
0.3817804577317378
0.19434846349570606
0.1069665762523694
0.4084579783042494
0.6669038045673219
0.4660308417140528
0.5665982309066836
0.5728899038284333
0.34938670844572195
0.07701609768471722
0.43074936564831556
0.4983001232329236
0.36877406446531474
0.6296412829967766
0.6214396551033974
0.7416986600796727
0.5864077443328778
0.2879695982297108
0.34603839372613154
0.47612522109432076
0.41051958273421274
0.6371303651084433
0.33530410557702117
0.8095554750854914
0.7226649281139413
0.7925852446853106
0.4571112641458253
0.6121806885183434
0.5160451126296675
0.8678651393713441
0.14275801173416938
0.43576259971094916
0.6495839269697063
0.5247017410582375
0.6600376723676586
0.7340321707398404
0.6558883641274835
0.5827819999642038
0.45174561059109075
0.7842461792307364
0.40765118963554015
0.7699714602944356
0.44383564322380015
0.8056247767320229
0.4373153278452155
0.4232238644250466
0.609103410471379
0.3661818955698624
0.33485042464900666
0.14768580267325526
0.6949301230718371
0.6729197939771238
0.333699735465077
0.4918774011564833
0.9605063102054194
0.49139345584078986
0.620142612900523
0.7007546330552071
0.5471545263141565
0.38282832509717657
0.5497942688538529
0.6320715879778138
0.6845869347293005
0.1827345373205756
0.7430780839497299
0.4489562020067917
0.5617039182612367
0.19967189448621053
0.4980784894626649
0.3277783085138113
0.39440626113892663
0.44071061971396763
0.5751033802568657
0.3684613323930369
0.38288183918352287
0.5314728885121071
0.7662774437855531
0.5729804899050457
0.8561800789481202
0.764805564909792
0.24343096038026518
0.3578305593510051
0.4815454510770718
0.8910103323933688
0.5341278911763095
0.6016775451830372
0.6056293998420892
0.08840822115266236
0.2901759197162532
0.39204617165004696
0.7633991561763851
0.8063134877900251
0.44940796019346396
0.36864424603499185
0.3496553544087736
0.22375244386173107
0.6224501010529768
0.7169536245217779
0.46598976459528285
0.656139805069416
0.5299466465030911
1.0
0.40790832325786186
0.5968418812837983
0.5528854707764166
0.7074789484599738
0.4714195208724399
0.7317468134102593
0.8995026205008022
0.3252801417505438
0.4650726292783576
0.3210523213737912
0.31125073502801687
0.09250229864317108
0.6536229108891188
0.8255703919617592
0.7928313076052674
0.7129862824542837
0.5140425142483701
0.6835502031453087
0.4613872533911735
0.6880296713224736
0.6246253767859428
0.5508836105333724
0.5253660766249934
0.7606960022057346
0.612126812555585
0.3213240811214954
0.5476108261066879
0.8296515723368711
0.3299010049338765
0.823295270003608
0.09710300169604803
0.7558494924358444
0.710271887337323
0.5195220647686081
0.474900637508329
0.24668558183097453
0.1455186883028382
0.5970924233000684
0.44039387919270556
0.0977536020871207
0.8231710600637292
0.39131331345046616
0.6205508099215411
0.44696093962797945
0.32315905401534506
0.3124539002960224
0.5277697299810727
0.3104315936661094
0.43331375872903866
0.5127882693238858
0.7770343458015129
0.6461047210305101
0.47037578638105526
0.4465513855354972
0.6000692400405583
0.6430751409236829
0.2528556575474765
0.5064947564616915
0.2953791599718682
0.4553131809095376
0.46029605449803274
0.7135548933583433
0.2739550231978228
0.3305414898172629
0.7714926591823197
0.5984289413499952
0.8255493212007864
0.3480619248592418
0.7374591002437735
0.6619408348442257
0.4487810251859923
0.5979171068966375
0.6569907215713131
0.38594274508899323
0.42651877212966616
0.5899982035183305
0.29389000847155655
0.5618905895464396
0.5326002819889595
0.7086656915270583
0.32684344566935414
0.5784133355408094
0.6689679531289991
0.4545560200612795
0.42161811260814586
0.3201044093317424
0.5436577256556017
0.4293600265274836
0.7484842628566056
0.40392338781760107
0.33243590231131626
0.4600734999272617
0.40709503067371355
0.4614557664847299
0.07877728490437375
0.6379957137474225
0.6831679278843368
0.7952831460474278
0.5109788437820415
0.37420024349031245
0.5551432225022678
0.7249465615234377
0.6759884724949792
0.7555865788613195
0.12815968881892206
0.3724709131413677
0.39971919342846396
0.7793229432278319
0.24255207463848835
0.5723875159767821
0.5496314755669011
0.3570678783469575
0.46204952022438317
0.5175625776952321
0.7530647424464887
0.7512538474641248
0.7931617197346105
0.506329958957814
0.7768001749224949
0.46991552565078615
0.6300711772225561
0.6240656636086149
0.5189520818730438
0.6772578306780705
0.738652253252077
0.7641049049542507
0.2327226578861792
0.4296488517376373
0.6932736262025802
0.6672883596196468
0.510363871086084
0.7793636841985678
0.5460852866928082
0.4834482624757451
0.5941684116884609
0.504575476300829
0.6336824267255264
0.6038558205937965
0.4504077546714315
0.376810919595747
0.37128947592187234
0.4677873358946317
0.6260865879427603
0.812979173911764
0.18190541555908318
0.39351135615154065
0.5480104000432152
0.29468288948129334
0.4380403999479144
0.7882587323633761
0.6959214533566438
0.6343118877025423
0.5911294302626411
0.4788381605452968
0.3743019419989089
0.3067080575859327
0.4420186335648662
0.7326919667476229
0.5299708503967986
0.5234353187062317
0.35198675594367135
0.45096912480139967
0.41771424581403666
0.6395104615013231
0.6241482926891359
0.4969988218374409
0.3107440258144184
0.6826610066204911
0.7722294633707492
0.6835361743047415
0.5878392905196025
0.4858679805922114
0.7002158676372668
0.4151157137917346
0.30676125902382995
0.40079750555013843
0.6707721893368684
0.5268098152313903
0.5713304419732069
0.5330549585354906
0.32585858047469024
0.6206289288018397
0.46189453874442216
0.38666895412722874
0.7645674338963934
0.6873159578406947
0.07788103980306482
0.7783006707891682
0.6658406934097589
0.4906058318562528
0.49631163893518543
0.4920725787217856
0.46313153629250065
0.493502075895735
0.3260344889480529
0.3730331992714077
0.2639214009264888
0.7157586021608874
0.5706252185467054
0.18910658252727985
0.3594071997892966
0.7164189846226827
0.8869510595150909
0.7231552151406587
0.6868978754264934
0.16757889600294276
0.22625850925998917
0.25451938479838765
0.7501500908406571
0.5812707508759266
0.7834797025397037
0.53406955402558
0.6395461694253683
0.36621779409758737
0.35683224222788784
0.5453052089884712
0.2023856136507589
0.5212267240732741
0.38235852566888606
0.6624855346871618
0.7785085522882088
0.7748289616790185
0.4209030955979642
0.5033680218317635
0.5719509346539428
0.5763288379551408
0.3674210593584533
0.41354352203274014
0.756726872076251
0.5101496119524498
0.36954084122952674
0.590307964394504
0.6141803770551091
0.45792212036003793
0.8348694368129296
0.4207810784399028
0.826133294975249
0.06739394180471096
0.7479440521297926
0.5463515304746717
0.6155997844137381
0.5324412061879287
0.7229575184072046
0.6133963147674617
0.3799928444211929
0.30037107332726737
0.42222424083169363
0.32012441093750216
0.7267260553007373
0.4776636735098109
0.6762563299612562
0.6450094033906913
0.4138709908321366
0.4460158637971993
0.7998755379738656
0.16792262501881813
0.589802361013517
0.5623023415036935
0.35610579520067165
0.4083664253857137
0.6277525103020912
0.3760038982518572
0.40766206002785993
0.38359128182379804
0.4570174882302227
0.5073930943119738
0.6594732014624067
0.49699206550208197
0.270018814897769
0.6910494749961528
0.5531465500497197
0.18014476433125093
0.5902608006476824
0.37326514019181584
0.7946294578215642
0.0885754509271208
0.5660087875591725
0.7010631502286836
0.7819457584303241
0.5319084227281307
0.4546992181204859
0.6919342368479421
0.4620630886972558
0.5951154906680923
0.5173161913800528
0.7665905660721563
0.4413158034829126
0.6629636956787319
0.8075406009198537
0.618870394556295
0.4687213122566988
0.8114285488860837
0.4152862383567262
0.291798273058283
0.602807306300501
0.34912636856599494
0.6889636558485513
0.2172327360487139
0.47732420970121753
0.33390647734418233
0.7267497504098419
0.343711863216018
0.2344089581288984
0.5919551921356812
0.4097923442914093
0.6097500434081408
0.5878627509553846
0.4812022052806616
0.6607998162085243
0.4566978658248723
0.7234251624862317
0.5159462466431542
0.4619914045064025
0.5824970945657496
