0.7290995527391994
0.6532786722954294
0.42220449997184123
0.8716217204075032
0.3364740022725872
0.08367961047535785
0.5491661313156128
0.6358376775960336
0.5036300682145679
0.2803194467185992
0.542125313187528
0.9422189450046515
0.8376692207650355
0.8153281241760529
0.717011181581557
0.5464250733703274
0.7601067111098609
0.33264373604599806
0.47873697071131444
0.6821688468294489
0.6823051832825551
0.3389036661142434
0.30201955931402635
0.08504539138497424
0.2966341442099438
0.8239391181818814
0.5992742835839368
0.7468138923222148
0.5378641392781278
0.5929544102353315
0.4452059278374795
0.6636393710748414
0.6488803852982548
0.7673636167069428
0.356119764044181
0.3917505973273233
0.41639315706849406
0.3344650884186004
0.7766874143797101
0.49468768615679476
0.5627239476361761
0.24462011432312644
0.7936429292674934
0.344703151367114
0.6639220132984315
0.426928293360753
0.7971729805493155
0.5060292847805155
0.7892990747654882
0.7809142253866971
0.8375890307255335
0.6333907473402898
0.8384093943207632
0.4922867838640957
0.6173939411299039
0.4028999678623357
0.4087618346206228
0.35021291319855485
0.5478080229119686
0.4469273768211836
0.526276013920834
0.7532017181169629
0.7109790097204632
0.3137026441755099
0.484101029519136
0.9120568670073466
0.7658096256933952
0.502525605293624
0.6537783182892627
0.7643549898241095
0.6081462370504023
0.436383447483265
0.5398957193986731
0.4017226888401657
0.5291974058462489
0.836387882411642
0.6471340636574806
0.43296287391240457
0.3589788678793881
0.5729166302701483
0.8121702693051901
0.5057595398568797
0.5799028538248928
0.4743715216590005
0.8242734734748874
0.40340331908766347
0.20419648260598125
0.4853685529339032
0.364097612628865
0.6409676798747886
0.7778613223080127
0.6297629135677344
0.5189670852805301
0.6859379961977556
0.3548202737711175
0.8298686974287541
0.5848177279880087
0.582961624160269
0.5243425654853894
0.8866539242769037
0.26330171710666034
0.46674654284012146
0.5241794908897873
0.5197673886568918
0.8986264819450677
0.564321836884627
0.7377195767422293
0.5927852793015519
0.5122690457174244
0.8844291319548548
0.7840799999833807
0.6729635430878136
0.5585473842630296
0.394138119280849
0.4610139669668701
0.7079545308811984
0.8495773653654008
0.5170630773238692
0.5308601101592495
0.6260473037482969
0.06116934660652979
0.7696912914980539
0.345884087865979
0.4990874513024269
0.4817009883764557
0.5254163852457499
0.5147923480484113
0.5446436809972536
0.727445993987401
0.22519183517946734
0.838322544338117
0.6871120401056121
0.5492281223144639
0.9053993092265276
0.6840170342828027
0.5128159217113323
0.6228552509007212
0.618370047770219
0.5841454221232544
0.3715173086078326
0.42054054215906544
0.6152625191236056
0.6330453577077231
0.7293241377478984
0.6811602443348012
0.5909774162644036
0.7324168431032044
0.6904692998225719
0.47355551492499176
0.6317603140033886
0.8752063716557292
0.6571399710636289
0.8585868046680702
0.934402977284138
0.747406102180438
0.40738662636738454
0.6264018971216592
0.5048049026311601
0.6341253670157848
0.33606983069150037
0.743098110287943
0.5678584474418843
0.39713627931334106
0.5700240048783527
0.6004009110576397
0.5749816310030046
0.3999795590834582
0.8134103049464558
0.5791754652617532
0.5336237426837506
0.7765080940479254
0.579284678833589
0.3836931236648179
0.5311830344164438
0.5174095992166129
0.3814009310334434
0.6588305900201521
0.8665937863397833
0.350248946085304
0.7055867435113444
0.8457946908475731
0.4721257609475043
0.6174142125926722
0.7553469028232239
0.19607332335136374
0.732004678132853
0.7843914294058778
0.7512312795935594
0.5678570615956458
0.223977479932581
0.26220501860023576
0.6877249619246574
0.7104779010855454
0.10874981526843341
0.868605121805773
0.2491711277770156
0.8430732726326834
0.05162813156710236
0.8735431374380447
0.5851820532977683
0.7945940303023782
0.9610911318600805
0.3000756556832863
0.39455342996525494
0.49547584851598514
0.2692740348748768
0.7968585620833197
0.7216481857732696
0.47915520701074354
0.728754815818434
0.27768149515968377
0.7582796376945795
0.6440047039937427
0.6388269486270637
0.476379329940862
0.7233991786626317
0.7252883599548949
0.7377632124280948
0.7767519997113651
0.8103291403203617
0.6692880637012878
0.7984772571365156
0.8468579524729168
0.5879090112872063
0.8559077000176877
0.3631670082345752
0.8401755569375644
0.7662383292330339
0.22884798042492766
0.7081799600823929
0.4043112988927811
0.952534093040691
0.7155373128465812
0.7842314328318664
0.39360790372527055
0.3848527045855484
0.44057302993302644
0.9316898252303765
0.6281200995091043
0.7741954686173773
0.4767285901102984
0.48290682728721623
0.7879633157568087
0.7099503468290087
0.6212609674442375
0.6228521169688894
0.6631074174045531
0.5254164582481562
0.6312977769034694
0.5583512181605395
0.7296737065636124
0.9327421671634388
0.6210005862808107
0.2039898835497392
0.8396846651356117
0.5889178801037532
0.579765390693106
0.6078753952228215
0.6596830801251582
0.7189831560528321
0.6073822816588392
0.6036173275439357
0.6364232983798495
0.6415665457292208
0.41015867188313776
0.8580976946864342
0.6359643573251975
0.6876870452189342
0.5575874659201466
0.6309210059333923
0.4904991908908693
0.7432099816386226
0.1265424979172528
0.5670611107214777
0.8016989883612781
0.37470827623473724
0.6251207063967088
0.32956146823503196
0.7947728314845387
0.4656723382639415
0.7581276181830854
0.725909028716969
0.5540267757719712
0.4777797159587051
0.9030231453813189
0.7555904336386344
0.536175822176144
0.6929227186189227
0.6964750762223989
0.5978432165350128
0.7977032413165033
0.22059989296991797
0.7640304927977895
0.28067531803643386
0.5393779797817071
0.7576033619118834
0.35734733162918636
0.7457908305341248
0.3965750129733403
0.7043776900725789
0.494435623411473
0.406249742818186
0.4115019147938617
0.5470593797724029
0.479132515177943
0.5738148336514229
0.6560973549951293
0.6971490781398584
0.6797736208860199
0.5080983206043697
0.846488172028124
0.8050461707868677
0.6326135025381078
0.41076394012213574
0.694227824403244
0.5589868765206941
0.6216663844264215
0.5377931778898692
0.46771751935433964
0.4988526365596538
0.2338964418362016
0.5666212260531731
0.8697568693740546
0.4811638396874684
0.5744404693201449
0.38636108206481995
0.2982038069256751
0.6616230982885132
0.553566717406045
0.26765069199824565
0.5928468977295844
0.6901980794391406
0.5881935765921728
0.45472457911008113
0.4972227548151821
0.3115749079618189
0.10273982041913472
0.37287726979858293
0.6193676385685268
0.5191302537580811
0.6787264892310819
0.6699762048483242
0.42537313829301965
0.07560585530615059
0.506994657589031
0.36986086864857537
0.25047366720416253
0.7126578568821292
0.4292366262752223
0.7170223590381338
0.789108129318696
0.22707500655546792
0.3203489357573812
0.5636344471447781
0.45193403449591013
0.660003908901807
0.2821269497623689
0.833868658847951
0.8125325401655388
0.8292887080248446
0.5085232506757975
0.6115107359993939
0.7373926814210141
0.9105770040681092
0.22648012805082454
0.5072239574382124
0.6724058468046978
0.5354991081043541
0.745187158651306
0.7875223545048705
0.569907449676129
0.5240358836907512
0.528826183403181
0.8967844649006701
0.45978220941567144
0.679155073260896
0.5574270110049773
0.8268018084125731
0.6739145836935023
0.543870330667769
0.5228065233099353
0.4963751345655828
0.40094104131583647
0.13806465913251045
0.6666918414107105
0.7617402380746953
0.3782929735449558
0.42813855962998254
0.9710913764201196
0.4169687118423419
0.7597259926237897
0.8319557683402767
0.48190566394071066
0.4697657785262064
0.6292293904229662
0.7221126518008467
0.7306596938451421
0.09436555419852546
0.7081149432496924
0.5456516964708085
0.6042794761018911
0.3486457328174953
0.4597593416815832
0.39812349011368225
0.4568271434315538
0.5062763395868402
0.7168856453391973
0.25499090241154576
0.463909246470295
0.5109007675717055
0.8386599161164638
0.6929366935516541
0.8669578449416918
0.6734441973516834
0.2097727055729467
0.47913919154528734
0.5433179769384872
0.9520382095224895
0.6357582766375236
0.6323122950129061
0.7077020399844661
0.17740437103212348
0.3170742224205832
0.3913763347027703
0.8542262500339087
0.7877426224765613
0.4875102151401368
0.3808586133988044
0.41377786902652397
0.2600697616251104
0.6939134809441954
0.7360665069264449
0.5562782505049867
0.7793178687527675
0.5155320292135878
1.0
0.41111371258643087
0.7157093041857207
0.5849569061928773
0.7680393079101588
0.39182459989644863
0.748236966115478
0.9667100552340626
0.3417501174920456
0.5749488223299809
0.26943706911815074
0.4661431232233537
0.16073177889181772
0.7480880391595466
0.8362531358134924
0.8591660523816772
0.6872227285200914
0.7087284817654952
0.7015085879623953
0.4838997011879175
0.49918721286001827
0.579714384787349
0.5972957596229531
0.7297426777163057
0.7807260934451353
0.6423689624547638
0.3744467760102905
0.5306896676359829
0.8382938070959778
0.4425291538539263
0.894545881352744
0.15781176058278124
0.8773059757352623
0.7591075606065039
0.4534968781801741
0.4214067993724545
0.3209697112769236
0.14925645370672883
0.5890274266947474
0.49388030332444005
0.05147351184346538
0.80386914041035
0.34551145081372875
0.7441740962031591
0.45106685594732165
0.33135639673890444
0.2387627093773631
0.595312009260821
0.26167579402581753
0.47467200298097356
0.5706041195362992
0.8632354741438467
0.5624808540744894
0.5612539094629008
0.6602166565919086
0.5333916173531437
0.7119756843075307
0.2236056307193006
0.5902795366456327
0.49456435819200467
0.4806666368803012
0.409313002371207
0.8167080697719542
0.3442258795355105
0.3849432912860952
0.6967358960234648
0.5696973429402516
0.8762768904020233
0.4390867391265373
0.7573928283412029
0.543939880846298
0.4365196706731143
0.42374305596912
0.7828553057861525
0.46239394433657116
0.5344886587999218
0.7469095089528317
0.3090856803432058
0.6808069655396394
0.5635459245324326
0.7494716341466158
0.2542390205640656
0.6201211040591067
0.8035975301373993
0.5127553872664994
0.4128404044234267
0.32341092091838713
0.6713482641508842
0.3518778342269014
0.7360589387353079
0.4850465201239092
0.27313278815100817
0.40594921993070476
0.4799871964266626
0.4076843779862437
0.08633520522828493
0.7739002670495807
0.6936493651761035
0.8508254233834378
0.574068461115801
0.36732588073251465
0.5914114759317883
0.8578254472669986
0.7790541746012966
0.8014170348719348
0.08531359739769814
0.4362512115320549
0.4462615425491217
0.8167421976567537
0.3686976127959731
0.6137757445503286
0.5705541330595645
0.49853295054582497
0.44511436879511607
0.5361115928137038
0.7917171797961494
0.7393440246757832
0.7824140256915797
0.5842650270505332
0.8336823099941145
0.5024230011813964
0.6065124157908882
0.7648763870000181
0.5775464581140041
0.7812469358674652
0.8409804603729945
0.7883745406863538
0.40081983734303617
0.5993528069971015
0.770636187441125
0.5165230859491896
0.5378515846233625
0.7436674439783578
0.5562030316040634
0.4931869340779087
0.6220839282652317
0.5920023343652033
0.7549538508525035
0.6312997719568252
0.5387001186766929
0.48720842916160173
0.3280223764999222
0.38647618818555834
0.7497553267061504
0.8168734020553355
0.2345013181671649
0.5032867325742978
0.6938605503973909
0.27636613642371877
0.4993682076172385
0.8292074790759516
0.7264110224266817
0.7083595628538281
0.6936753669910307
0.4683802102370095
0.4708552579245453
0.40498194663077947
0.5178143268049188
0.738586398437126
0.5893292214628253
0.5422655309018827
0.29001143893350395
0.4758809249025222
0.5796551875071205
0.570741471180225
0.5662845043223508
0.5227391976599346
0.3842124219382521
0.7876870924971345
0.7722921818969899
0.7102275059365691
0.6700186802642799
0.6460800026898738
0.7484107408680623
0.5883616665456205
0.31500787051270823
0.404063030619579
0.7317256985173775
0.6625593477884056
0.5821338750869446
0.6357818132333285
0.40104285065632406
0.6412162806327065
0.472865389291624
0.49149608861561545
0.9055216045209524
0.7262942608495243
0.10462820215835764
0.8269357684115458
0.7392497867945631
0.6577939406878293
0.5956379165917695
0.5783815173252811
0.5092336618987756
0.49872487302590607
0.3786033290732701
0.40330738178044623
0.31646950965856485
0.744560953920825
0.7520757340447208
0.19760989669128792
0.5670946799381206
0.7043014602674029
0.9177628179563221
0.8141682268684709
0.7412216649544889
0.22798882706674212
0.33916006527743536
0.34155949727756607
0.8334229267156334
0.5614380298443329
0.7192596615227973
0.4897618310205365
0.6970358997667714
0.48976515869417914
0.391386449377232
0.5869903269915154
0.24982901406737926
0.5059196003979107
0.5249947985657769
0.6655954591685015
0.8351354590762314
0.747788462634014
0.2817165090782514
0.5227346495685496
0.6185266411548029
0.613936309806728
0.47671298689293706
0.4047709550090472
0.824479496894708
0.6068436328247863
0.42195764587437107
0.6600434411609608
0.6791956926909815
0.44175942843841537
0.9280292013445813
0.486682796012142
0.7548531492998195
0.0809613329037652
0.7612446903265337
0.5343497095021637
0.6802139263229751
0.43145989305494126
0.8022523054568734
0.6244704123084802
0.2656119795914634
0.3845473792096302
0.6494062840953286
0.5795493731280303
0.7621887920837764
0.5377553984353736
0.6677724926401981
0.7032565412074124
0.4229425771067255
0.23175534910997336
0.7830597663296016
0.12808565993171533
0.6924396852032522
0.6408368160056412
0.4646990913827951
0.472825785620335
0.6816075938428388
0.4961810720443804
0.3841950155132418
0.40438379686362896
0.5077923030955144
0.7451745515977126
0.6781430629491737
0.45319882911473913
0.30438252899790613
0.8054939808250667
0.6703884303204445
0.12724838981531675
0.476100986801657
0.41606464815100647
0.8507105851895856
0.07536004595021889
0.4742335536164673
0.7039318920996601
0.8406917095648633
0.45127073493056147
0.561876460859276
0.7120136449188599
0.3771517061236842
0.619937920730243
0.5769452997363348
0.8123033371744852
0.578790761431253
0.6926994728660111
0.7983893898050004
0.6368853414871068
0.4818760548206226
0.7729070870778372
0.39788787120969255
0.33210423073846224
0.7562759670801003
0.46586987770988514
0.7981288465038222
0.12430519887992537
0.6077073085865063
0.3802164877241435
0.7394256204153941
0.5371153267463302
0.2608908687292576
0.589758271898625
0.33407058333495865
0.5903061909574602
0.642707926734739
0.5166757243456874
0.6904993125141682
0.6906998376114694
0.7757622796035972
0.5770395982149777
0.4864287940319113
0.6571561925759619
