0.3783783783783784
0.13636363636363635
0.21428571428571427
0.6
0.027777777777777776
0.029411764705882353
0.10869565217391304
0.3125
0.25925925925925924
0.125
0.2
0.47368421052631576
0.4
0.3488372093023256
0.25
0.32142857142857145
0.25
0.2
0.18181818181818182
0.4
0.23076923076923078
0.13043478260869565
0.13043478260869565
0.12121212121212122
0.10526315789473684
0.6
0.23529411764705882
0.16666666666666666
0.45454545454545453
0.20512820512820512
0.18518518518518517
0.23529411764705882
0.1724137931034483
0.34375
0.21621621621621623
0.1
0.13793103448275862
0.19047619047619047
0.4
0.12121212121212122
0.19230769230769232
0.12121212121212122
0.2
0.2
0.20689655172413793
0.11764705882352941
0.5714285714285714
0.15151515151515152
0.5555555555555556
0.4444444444444444
0.26666666666666666
0.38095238095238093
0.5666666666666667
0.09090909090909091
0.20689655172413793
0.16129032258064516
0.14285714285714285
0.13333333333333333
0.32432432432432434
0.17777777777777778
0.23255813953488372
0.28125
0.4
0.16666666666666666
0.2
0.5769230769230769
0.30303030303030304
0.21621621621621623
0.4166666666666667
0.3076923076923077
0.3055555555555556
0.1724137931034483
0.2
0.16
0.2222222222222222
0.2727272727272727
0.4857142857142857
0.2222222222222222
0.05555555555555555
0.4230769230769231
0.4358974358974359
0.3611111111111111
0.13043478260869565
0.16
0.5333333333333333
0.09375
0.19047619047619047
0.07142857142857142
0.1702127659574468
0.28125
0.47058823529411764
0.2391304347826087
0.2608695652173913
0.23255813953488372
0.047619047619047616
0.3225806451612903
0.30434782608695654
0.22857142857142856
0.2222222222222222
0.42105263157894735
0.1111111111111111
0.13513513513513514
0.08
0.1956521739130435
0.5333333333333333
0.25925925925925924
0.16666666666666666
0.2916666666666667
0.1282051282051282
0.3055555555555556
0.32558139534883723
0.21875
0.16666666666666666
0.07692307692307693
0.14285714285714285
0.35294117647058826
0.43243243243243246
0.1
0.2
0.125
0.10344827586206896
0.46153846153846156
0.041666666666666664
0.05
0.2222222222222222
0.13043478260869565
0.4117647058823529
0.13793103448275862
0.3142857142857143
0.10714285714285714
0.32432432432432434
0.1875
0.20588235294117646
0.6875
0.22580645161290322
0.1111111111111111
0.2903225806451613
0.29545454545454547
0.4583333333333333
0.358974358974359
0.17857142857142858
0.08333333333333333
0.1836734693877551
0.35
0.3142857142857143
0.16129032258064516
0.2857142857142857
0.23076923076923078
0.3333333333333333
0.26666666666666666
0.4090909090909091
0.23809523809523808
0.4594594594594595
0.6060606060606061
0.2777777777777778
0.24
0.21739130434782608
0.22727272727272727
0.30303030303030304
0.10344827586206896
0.45454545454545453
0.30952380952380953
0.25
0.325
0.2916666666666667
0.21739130434782608
0.1875
0.47058823529411764
0.25
0.20588235294117646
0.35
0.21428571428571427
0.2727272727272727
0.2894736842105263
0.07692307692307693
0.19047619047619047
0.17647058823529413
0.46153846153846156
0.125
0.30303030303030304
0.3
0.34375
0.08
0.24390243902439024
0.15625
0.43243243243243246
0.5277777777777778
0.25
0.07407407407407407
0.13333333333333333
0.10344827586206896
0.1875
0.25
0.12121212121212122
0.3684210526315789
0.15217391304347827
0.6785714285714286
0.05555555555555555
0.375
0.15217391304347827
0.4117647058823529
0.6451612903225806
0.038461538461538464
0.0967741935483871
0.15384615384615385
0.0
0.5517241379310345
0.41935483870967744
0.16666666666666666
0.3333333333333333
0.2
0.1724137931034483
0.5666666666666667
0.3548387096774194
0.1590909090909091
0.4482758620689655
0.27586206896551724
0.2631578947368421
0.5161290322580645
0.27906976744186046
0.17391304347826086
0.5675675675675675
0.5217391304347826
0.2222222222222222
0.23333333333333334
0.23333333333333334
0.5789473684210527
0.45161290322580644
0.10526315789473684
0.10256410256410256
0.2727272727272727
0.5483870967741935
0.07692307692307693
0.37209302325581395
0.26666666666666666
0.08
0.13043478260869565
0.6176470588235294
0.21212121212121213
0.3142857142857143
0.16
0.19047619047619047
0.3157894736842105
0.4166666666666667
0.27586206896551724
0.13043478260869565
0.4583333333333333
0.05555555555555555
0.2647058823529412
0.29411764705882354
0.4594594594594595
0.6666666666666666
0.4074074074074074
0.06666666666666667
0.6129032258064516
0.24324324324324326
0.2962962962962963
0.2682926829268293
0.2631578947368421
0.23333333333333334
0.12
0.3225806451612903
0.3448275862068966
0.2222222222222222
0.14285714285714285
0.5428571428571428
0.26666666666666666
0.375
0.16666666666666666
0.37037037037037035
0.07407407407407407
0.4523809523809524
0.1
0.30303030303030304
0.4666666666666667
0.18181818181818182
0.2962962962962963
0.041666666666666664
0.3333333333333333
0.08823529411764706
0.4146341463414634
0.21052631578947367
0.09090909090909091
0.14814814814814814
0.3333333333333333
0.25925925925925924
0.06896551724137931
0.2903225806451613
0.23076923076923078
0.34210526315789475
0.2571428571428571
0.15384615384615385
0.3125
0.0
0.15384615384615385
0.5666666666666667
0.25806451612903225
0.4827586206896552
0.24242424242424243
0.14285714285714285
0.32142857142857145
0.1111111111111111
0.1
0.2727272727272727
0.21875
0.37037037037037035
0.27586206896551724
0.25925925925925924
0.46153846153846156
0.3055555555555556
0.2619047619047619
0.48484848484848486
0.2894736842105263
0.2
0.3
0.38235294117647056
0.16666666666666666
0.4
0.16666666666666666
0.3953488372093023
0.08333333333333333
0.3870967741935484
0.6071428571428571
0.16129032258064516
0.30303030303030304
0.1111111111111111
0.11538461538461539
0.23333333333333334
0.21875
0.03333333333333333
0.3235294117647059
0.53125
0.3235294117647059
0.3333333333333333
0.11538461538461539
0.11538461538461539
0.16129032258064516
0.25
0.4
0.18518518518518517
0.22727272727272727
0.21951219512195122
0.14705882352941177
0.027777777777777776
0.16666666666666666
0.20689655172413793
0.17647058823529413
0.15384615384615385
0.3448275862068966
0.5517241379310345
0.19230769230769232
0.2
0.08333333333333333
0.17647058823529413
0.3333333333333333
0.37037037037037035
0.19444444444444445
0.5357142857142857
0.40476190476190477
0.5
0.12
0.2727272727272727
0.23333333333333334
0.3783783783783784
0.11538461538461539
0.1724137931034483
0.3448275862068966
0.4583333333333333
0.37037037037037035
0.5
0.45454545454545453
0.28
0.047619047619047616
0.5882352941176471
0.23076923076923078
0.48484848484848486
0.20833333333333334
0.4583333333333333
0.18181818181818182
0.19047619047619047
0.3
0.12
0.1875
0.1
0.41935483870967744
0.3
0.25
0.3333333333333333
0.7058823529411765
0.25806451612903225
0.2
0.3076923076923077
0.29411764705882354
0.28
0.18181818181818182
0.32142857142857145
0.5416666666666666
0.09090909090909091
0.5333333333333333
0.20930232558139536
0.27586206896551724
0.024390243902439025
0.22727272727272727
0.10344827586206896
0.1111111111111111
0.1282051282051282
0.3
0.11538461538461539
0.1
0.16666666666666666
0.4857142857142857
0.2647058823529412
0.5483870967741935
0.6
0.13333333333333333
0.09523809523809523
0.2
0.6129032258064516
0.2222222222222222
0.2857142857142857
0.40540540540540543
0.11428571428571428
0.17391304347826086
0.16666666666666666
0.46153846153846156
0.5925925925925926
0.13043478260869565
0.2857142857142857
0.14814814814814814
0.2
0.38461538461538464
0.3333333333333333
0.16
0.3125
0.2857142857142857
0.18181818181818182
0.07894736842105263
0.17647058823529413
0.17142857142857143
0.24324324324324326
0.1276595744680851
0.39285714285714285
0.4827586206896552
0.14285714285714285
0.3181818181818182
0.14814814814814814
0.12
0.08108108108108109
0.358974358974359
0.5161290322580645
0.3055555555555556
0.4594594594594595
0.21875
0.18604651162790697
0.375
0.36363636363636365
0.3448275862068966
0.2972972972972973
0.125
0.48484848484848486
0.1875
0.058823529411764705
0.4
0.53125
0.14285714285714285
0.4473684210526316
0.075
0.36363636363636365
0.48717948717948717
0.22857142857142856
0.21739130434782608
0.14705882352941177
0.041666666666666664
0.391304347826087
0.11538461538461539
0.05
0.6060606060606061
0.15151515151515152
0.2857142857142857
0.25
0.038461538461538464
0.125
0.19148936170212766
0.125
0.08333333333333333
0.21428571428571427
0.5
0.358974358974359
0.25
0.11538461538461539
0.375
0.4146341463414634
0.18604651162790697
0.2127659574468085
0.03333333333333333
0.22580645161290322
0.125
0.5
0.19230769230769232
0.09090909090909091
0.5
0.2702702702702703
0.4642857142857143
0.08
0.40540540540540543
0.4594594594594595
0.13333333333333333
0.25
0.20689655172413793
0.20833333333333334
0.1111111111111111
0.24324324324324326
0.17142857142857143
0.13333333333333333
0.3333333333333333
0.2727272727272727
0.03125
0.2777777777777778
0.3055555555555556
0.24242424242424243
0.17647058823529413
0.17391304347826086
0.1875
0.16666666666666666
0.3939393939393939
0.08695652173913043
0.30434782608695654
0.2894736842105263
0.08695652173913043
0.18518518518518517
0.12121212121212122
0.2916666666666667
0.43243243243243246
0.4864864864864865
0.05555555555555555
0.16666666666666666
0.30434782608695654
0.3191489361702128
0.2926829268292683
0.5588235294117647
0.09090909090909091
0.041666666666666664
0.15151515151515152
0.5454545454545454
0.14285714285714285
0.13636363636363635
0.2857142857142857
0.13793103448275862
0.18181818181818182
0.25
0.35
0.5333333333333333
0.5666666666666667
0.2903225806451613
0.36363636363636365
0.3333333333333333
0.08571428571428572
0.3448275862068966
0.2682926829268293
0.3181818181818182
0.39473684210526316
0.4864864864864865
0.11538461538461539
0.16
0.42424242424242425
0.2
0.34782608695652173
0.4722222222222222
0.2926829268292683
0.13043478260869565
0.24
0.2727272727272727
0.32
0.4074074074074074
0.043478260869565216
0.0625
0.2
0.23076923076923078
0.2
0.4583333333333333
0.075
0.1276595744680851
0.18518518518518517
0.23529411764705882
0.13333333333333333
0.5666666666666667
0.36363636363636365
0.46875
0.3125
0.12
0.22580645161290322
0.09090909090909091
0.21052631578947367
0.45714285714285713
0.23076923076923078
0.20833333333333334
0.15151515151515152
0.1875
0.06451612903225806
0.38235294117647056
0.4117647058823529
0.16666666666666666
0.1724137931034483
0.3611111111111111
0.3888888888888889
0.36363636363636365
0.29411764705882354
0.0967741935483871
0.44
0.18518518518518517
0.17857142857142858
0.23809523809523808
0.48717948717948717
0.13636363636363635
0.4
0.15
0.26666666666666666
0.21052631578947367
0.27586206896551724
0.07407407407407407
0.21052631578947367
0.4230769230769231
0.09375
0.5483870967741935
0.35135135135135137
0.1794871794871795
0.5
0.13513513513513514
0.21212121212121213
0.4444444444444444
0.17857142857142858
0.18181818181818182
0.11428571428571428
0.38461538461538464
0.35135135135135137
0.06060606060606061
0.1794871794871795
0.35294117647058826
0.29411764705882354
0.2
0.425
0.16129032258064516
0.027777777777777776
0.18181818181818182
0.5806451612903226
0.23809523809523808
0.34285714285714286
0.2727272727272727
0.3333333333333333
0.047619047619047616
0.20588235294117646
0.225
0.07894736842105263
0.3939393939393939
0.15625
0.36666666666666664
0.5454545454545454
0.4883720930232558
0.35
0.25925925925925924
0.14814814814814814
0.375
0.041666666666666664
0.1111111111111111
0.52
0.25
0.17647058823529413
0.41025641025641024
0.2564102564102564
0.14285714285714285
0.5357142857142857
0.17391304347826086
0.5172413793103449
0.15151515151515152
0.35
0.3684210526315789
0.23684210526315788
0.28
0.3055555555555556
0.45454545454545453
0.16129032258064516
0.05
0.17142857142857143
0.03571428571428571
0.5714285714285714
0.09803921568627451
0.48484848484848486
0.3333333333333333
0.23076923076923078
0.24
0.56
0.11538461538461539
0.21212121212121213
0.25925925925925924
0.35294117647058826
0.16666666666666666
0.3902439024390244
0.11428571428571428
0.08695652173913043
0.20689655172413793
0.17857142857142858
0.23529411764705882
0.42424242424242425
0.2857142857142857
0.16216216216216217
0.4444444444444444
0.3333333333333333
0.043478260869565216
0.40625
0.2222222222222222
0.3488372093023256
0.15151515151515152
0.16666666666666666
0.24444444444444444
0.45161290322580644
0.22580645161290322
0.125
0.41025641025641024
0.2857142857142857
0.23404255319148937
0.2727272727272727
0.5
0.1702127659574468
0.2926829268292683
0.52
0.3333333333333333
0.2413793103448276
0.4375
0.19047619047619047
0.10714285714285714
0.2647058823529412
0.24
0.47368421052631576
0.23076923076923078
0.125
0.18181818181818182
0.40625
0.125
0.1
0.39473684210526316
0.17647058823529413
0.3333333333333333
0.14285714285714285
0.24
0.28
0.18518518518518517
0.2
0.2222222222222222
0.13636363636363635
0.35294117647058826
