0.6443852671210263
0.5137325689137983
0.506691123223425
0.8360665599073419
0.22780214316422545
0.07852769959816774
0.38107104722240953
0.5690017693769949
0.6357411795590648
0.3589669361984561
0.46480778691878194
0.8752801712452946
0.7444389030118275
0.8320721365464393
0.72273264073471
0.551148550863096
0.6322412716438321
0.3548602857766434
0.4502210163358931
0.7609647485779791
0.6528954416329098
0.2938498387236121
0.27077249748407956
0.09226331494092119
0.24140355382805917
0.8338265346742892
0.5394937738652095
0.5535316944252606
0.6572092641005162
0.6287866374047714
0.43001134765591964
0.5246557757318363
0.6109252587762763
0.7832742958640655
0.2593898167988754
0.3743272496053084
0.4055238016705355
0.38022143192012076
0.7582805648803214
0.35278070547489326
0.5429525845462025
0.2657172742843503
0.6439420117743523
0.39146631111480584
0.5971535002100672
0.37282871918268023
0.7949368678792982
0.451370722663491
0.816966570817189
0.7438364438080874
0.6795262924137159
0.6959582829889293
0.7618917048623669
0.3544046248562655
0.5448443332920839
0.42930771045578947
0.3471615140812317
0.3637926177035856
0.5509186287560441
0.43321465815150906
0.5270739809305403
0.6384761650152909
0.6908183790554867
0.29417915809788003
0.4300056104779821
0.8584354446932791
0.613034414387843
0.47824806377195705
0.6720239848975184
0.7349830891183948
0.6350360149772243
0.37195850486245713
0.3866828188954903
0.44686205421207686
0.5039057648655341
0.7078096269040328
0.7325124652332907
0.42351708041304403
0.44101620206410247
0.5763852909539049
0.7553515214535415
0.5930169944230913
0.5538180938796619
0.4537173606307577
0.7946909693972339
0.3975520526545217
0.35109453466464574
0.3301173279352699
0.506337510116765
0.5680266130516612
0.7053764299933645
0.5550879581735685
0.41991075206298495
0.5570660062093261
0.3350338560229213
0.7509087478301177
0.5525260298941881
0.5093881184231633
0.5932331244025858
0.7459959571251602
0.30964597063238397
0.3981212226815613
0.4423236850081043
0.46596944108172217
0.8502765468747305
0.5950302580889251
0.5760213127845628
0.6138498306319242
0.4113364241798239
0.7831655954168951
0.6987253107062348
0.5110887396269743
0.444309102670041
0.3222358739678552
0.4201095358058115
0.6437413694711596
0.723973515695531
0.42469808027556494
0.4776044726451722
0.5782103338387342
0.14152173991874462
0.7235545422391378
0.2667070078475933
0.43723530704248204
0.5012161030097022
0.4249656178433758
0.5633771890953507
0.6635072193460212
0.7004631103428781
0.18892513656103768
0.772905274752145
0.6355912150576828
0.5900094470619108
0.8858912912982861
0.46902070066577267
0.41270908739209
0.49775689297380216
0.613670221430832
0.6196158486568112
0.4410512945535889
0.4401917323620051
0.41380818857281676
0.4998781232779615
0.7243589814867032
0.5444141303188252
0.48287470032602
0.6580793974796663
0.5208616062929218
0.46593213924381044
0.6430632383006802
0.7166262402523678
0.6016932568448691
0.8175210805088599
0.9244067386004222
0.6421170981698142
0.41785418506331484
0.5071030845843357
0.5905667906869124
0.4854791505129539
0.2690996863936003
0.6990774131647708
0.5584020716865996
0.45304546877651086
0.5065512058440749
0.5798724059771289
0.49483534838739646
0.3046166551462331
0.7234252938707051
0.4998994745085166
0.5280754919804265
0.6522626936704483
0.5046838532589689
0.48483517436640033
0.4648765236473023
0.5184067923184277
0.3033424239599249
0.48338108236803495
0.8334856375909832
0.35057860084529663
0.6633495662339608
0.788881649515155
0.4333958144665856
0.5840403158538461
0.679363272122614
0.10341077477683845
0.6884797426230898
0.7674116348592194
0.5716759468593628
0.5238009171932116
0.1900219365010429
0.3397439658391757
0.5469729975190217
0.685332292980605
0.24036850605707277
0.7064555493786078
0.2824730846974806
0.892619745034684
0.11521456243343599
0.7676320690648971
0.4474828823087342
0.6873735177679484
0.9176127898288996
0.2794406751402616
0.29311267628278526
0.3833050901033158
0.2336810860628692
0.7968043105417004
0.7732968519161645
0.3520745727822927
0.6671875663858103
0.2814262577084172
0.5454609021069535
0.6939356575265044
0.612856279629506
0.32275600007226013
0.7320030215520791
0.6087784856370567
0.6877253819305051
0.7591325984114415
0.7462395504986141
0.5542700559613923
0.7895113368615104
0.806109633390199
0.4983192462137369
0.7056834184749736
0.2477709699243715
0.8187963170700857
0.7697814291553546
0.2909065508309854
0.5807848382806006
0.40891973372291945
0.9183987566818409
0.5847233255463443
0.7192020611909491
0.32691661848932674
0.33519040326244315
0.35277230971324436
0.8967611412551612
0.5127928029724004
0.670686425878933
0.5366105694867883
0.4132010802218419
0.7056255456643741
0.6556598516795845
0.5594927225089165
0.4075486572333058
0.7016105183604744
0.4562054431540879
0.5676896994884066
0.5000003985128602
0.7103944621161792
0.9163773512106054
0.5824706329020077
0.19611389493929818
0.8252176432199981
0.48339201362996786
0.5040264487774423
0.5388700989545555
0.5960631640241766
0.6459818642630532
0.6455878462335433
0.5988747366475787
0.609222708858985
0.6049513741947965
0.3666959358331086
0.7591896100041517
0.6437538003096537
0.6902401620057589
0.562050268432211
0.6137253466866529
0.36355072467572247
0.7278763627065296
0.08337792046035425
0.5016926126294521
0.791553505731621
0.3355394425137111
0.5773042319579996
0.2543044954025069
0.6849631891491266
0.3122192326947527
0.6652047337324204
0.5262414155027154
0.46619252370414277
0.43082557380240066
0.7829469132420831
0.5995194921074743
0.3742245921859462
0.6236305078645834
0.6360469627184951
0.5435955457889853
0.7171889444792741
0.3216301421278393
0.6869670017922882
0.36356210793630084
0.5088534795590377
0.7861141333980239
0.3080622365500129
0.7794332250359332
0.44307457994303834
0.624757332634398
0.5626439588921855
0.3839256895903494
0.43622329357601736
0.46905641971050893
0.353674840505882
0.6227798942195815
0.5886498632313675
0.5679077400939966
0.7210086296590972
0.5384491164580152
0.8022616442196988
0.784206549962077
0.5929334895255414
0.4990585225231189
0.5770949225232811
0.544174903643192
0.5540458004189451
0.6490058365218814
0.3650326701367174
0.6129530882048794
0.2636035890854755
0.5409822979244325
0.8114163237302763
0.46582619250334734
0.5946795372813831
0.37451774087737705
0.26995013355948183
0.619398493606668
0.46865046859324516
0.30451179226986774
0.5696404171675766
0.687125769746088
0.5674357042316318
0.4155982258207784
0.3817804577317378
0.19434846349570606
0.1069665762523694
0.4084579783042494
0.6669038045673219
0.4660308417140528
0.5665982309066836
0.5728899038284333
0.34938670844572195
0.07701609768471722
0.43074936564831556
0.4983001232329236
0.36877406446531474
0.6296412829967766
0.6214396551033974
0.7416986600796727
0.5864077443328778
0.2879695982297108
0.34603839372613154
0.47612522109432076
0.41051958273421274
0.6371303651084433
0.33530410557702117
0.8095554750854914
0.7226649281139413
0.7925852446853106
0.4571112641458253
0.6121806885183434
0.5160451126296675
0.8678651393713441
0.14275801173416938
0.43576259971094916
0.6495839269697063
0.5247017410582375
0.6600376723676586
0.7340321707398404
0.6558883641274835
0.5827819999642038
0.45174561059109075
0.7842461792307364
0.40765118963554015
0.7699714602944356
0.44383564322380015
0.8056247767320229
0.4373153278452155
0.4232238644250466
0.609103410471379
0.3661818955698624
0.33485042464900666
0.14768580267325526
0.6949301230718371
0.6729197939771238
0.333699735465077
0.4918774011564833
0.9605063102054194
0.49139345584078986
0.620142612900523
0.7007546330552071
0.5471545263141565
0.38282832509717657
0.5497942688538529
0.6320715879778138
0.6845869347293005
0.1827345373205756
0.7430780839497299
0.4489562020067917
0.5617039182612367
0.19967189448621053
0.4980784894626649
0.3277783085138113
0.39440626113892663
0.44071061971396763
0.5751033802568657
0.3684613323930369
0.38288183918352287
0.5314728885121071
0.7662774437855531
0.5729804899050457
0.8561800789481202
0.764805564909792
0.24343096038026518
0.3578305593510051
0.4815454510770718
0.8910103323933688
0.5341278911763095
0.6016775451830372
0.6056293998420892
0.08840822115266236
0.2901759197162532
0.39204617165004696
0.7633991561763851
0.8063134877900251
0.44940796019346396
0.36864424603499185
0.3496553544087736
0.22375244386173107
0.6224501010529768
0.7169536245217779
0.46598976459528285
0.656139805069416
0.5299466465030911
1.0
0.40790832325786186
0.5968418812837983
0.5528854707764166
0.7074789484599738
0.4714195208724399
0.7317468134102593
0.8995026205008022
0.3252801417505438
0.4650726292783576
0.3210523213737912
0.31125073502801687
0.09250229864317108
0.6536229108891188
0.8255703919617592
0.7928313076052674
0.7129862824542837
0.5140425142483701
0.6835502031453087
0.4613872533911735
0.6880296713224736
0.6246253767859428
0.5508836105333724
0.5253660766249934
0.7606960022057346
0.612126812555585
0.3213240811214954
0.5476108261066879
0.8296515723368711
0.3299010049338765
0.823295270003608
0.09710300169604803
0.7558494924358444
0.710271887337323
0.5195220647686081
0.474900637508329
0.24668558183097453
0.1455186883028382
0.5970924233000684
0.44039387919270556
0.0977536020871207
0.8231710600637292
0.39131331345046616
0.6205508099215411
0.44696093962797945
0.32315905401534506
0.3124539002960224
0.5277697299810727
0.3104315936661094
0.43331375872903866
0.5127882693238858
0.7770343458015129
0.6461047210305101
0.47037578638105526
0.4465513855354972
0.6000692400405583
0.6430751409236829
0.2528556575474765
0.5064947564616915
0.2953791599718682
0.4553131809095376
0.46029605449803274
0.7135548933583433
0.2739550231978228
0.3305414898172629
0.7714926591823197
0.5984289413499952
0.8255493212007864
0.3480619248592418
0.7374591002437735
0.6619408348442257
0.4487810251859923
0.5979171068966375
0.6569907215713131
0.38594274508899323
0.42651877212966616
0.5899982035183305
0.29389000847155655
0.5618905895464396
0.5326002819889595
0.7086656915270583
0.32684344566935414
0.5784133355408094
0.6689679531289991
0.4545560200612795
0.42161811260814586
0.3201044093317424
0.5436577256556017
0.4293600265274836
0.7484842628566056
0.40392338781760107
0.33243590231131626
0.4600734999272617
0.40709503067371355
0.4614557664847299
0.07877728490437375
0.6379957137474225
0.6831679278843368
0.7952831460474278
0.5109788437820415
0.37420024349031245
0.5551432225022678
0.7249465615234377
0.6759884724949792
0.7555865788613195
0.12815968881892206
0.3724709131413677
0.39971919342846396
0.7793229432278319
0.24255207463848835
0.5723875159767821
0.5496314755669011
0.3570678783469575
0.46204952022438317
0.5175625776952321
0.7530647424464887
0.7512538474641248
0.7931617197346105
0.506329958957814
0.7768001749224949
0.46991552565078615
0.6300711772225561
0.6240656636086149
0.5189520818730438
0.6772578306780705
0.738652253252077
0.7641049049542507
0.2327226578861792
0.4296488517376373
0.6932736262025802
0.6672883596196468
0.510363871086084
0.7793636841985678
0.5460852866928082
0.4834482624757451
0.5941684116884609
0.504575476300829
0.6336824267255264
0.6038558205937965
0.4504077546714315
0.376810919595747
0.37128947592187234
0.4677873358946317
0.6260865879427603
0.812979173911764
0.18190541555908318
0.39351135615154065
0.5480104000432152
0.29468288948129334
0.4380403999479144
0.7882587323633761
0.6959214533566438
0.6343118877025423
0.5911294302626411
0.4788381605452968
0.3743019419989089
0.3067080575859327
0.4420186335648662
0.7326919667476229
0.5299708503967986
0.5234353187062317
0.35198675594367135
0.45096912480139967
0.41771424581403666
0.6395104615013231
0.6241482926891359
0.4969988218374409
0.3107440258144184
0.6826610066204911
0.7722294633707492
0.6835361743047415
0.5878392905196025
0.4858679805922114
0.7002158676372668
0.4151157137917346
0.30676125902382995
0.40079750555013843
0.6707721893368684
0.5268098152313903
0.5713304419732069
0.5330549585354906
0.32585858047469024
0.6206289288018397
0.46189453874442216
0.38666895412722874
0.7645674338963934
0.6873159578406947
0.07788103980306482
0.7783006707891682
0.6658406934097589
0.4906058318562528
0.49631163893518543
0.4920725787217856
0.46313153629250065
0.493502075895735
0.3260344889480529
0.3730331992714077
0.2639214009264888
0.7157586021608874
0.5706252185467054
0.18910658252727985
0.3594071997892966
0.7164189846226827
0.8869510595150909
0.7231552151406587
0.6868978754264934
0.16757889600294276
0.22625850925998917
0.25451938479838765
0.7501500908406571
0.5812707508759266
0.7834797025397037
0.53406955402558
0.6395461694253683
0.36621779409758737
0.35683224222788784
0.5453052089884712
0.2023856136507589
0.5212267240732741
0.38235852566888606
0.6624855346871618
0.7785085522882088
0.7748289616790185
0.4209030955979642
0.5033680218317635
0.5719509346539428
0.5763288379551408
0.3674210593584533
0.41354352203274014
0.756726872076251
0.5101496119524498
0.36954084122952674
0.590307964394504
0.6141803770551091
0.45792212036003793
0.8348694368129296
0.4207810784399028
0.826133294975249
0.06739394180471096
0.7479440521297926
0.5463515304746717
0.6155997844137381
0.5324412061879287
0.7229575184072046
0.6133963147674617
0.3799928444211929
0.30037107332726737
0.42222424083169363
0.32012441093750216
0.7267260553007373
0.4776636735098109
0.6762563299612562
0.6450094033906913
0.4138709908321366
0.4460158637971993
0.7998755379738656
0.16792262501881813
0.589802361013517
0.5623023415036935
0.35610579520067165
0.4083664253857137
0.6277525103020912
0.3760038982518572
0.40766206002785993
0.38359128182379804
0.4570174882302227
0.5073930943119738
0.6594732014624067
0.49699206550208197
0.270018814897769
0.6910494749961528
0.5531465500497197
0.18014476433125093
0.5902608006476824
0.37326514019181584
0.7946294578215642
0.0885754509271208
0.5660087875591725
0.7010631502286836
0.7819457584303241
0.5319084227281307
0.4546992181204859
0.6919342368479421
0.4620630886972558
0.5951154906680923
0.5173161913800528
0.7665905660721563
0.4413158034829126
0.6629636956787319
0.8075406009198537
0.618870394556295
0.4687213122566988
0.8114285488860837
0.4152862383567262
0.291798273058283
0.602807306300501
0.34912636856599494
0.6889636558485513
0.2172327360487139
0.47732420970121753
0.33390647734418233
0.7267497504098419
0.343711863216018
0.2344089581288984
0.5919551921356812
0.4097923442914093
0.6097500434081408
0.5878627509553846
0.4812022052806616
0.6607998162085243
0.4566978658248723
0.7234251624862317
0.5159462466431542
0.4619914045064025
0.5824970945657496
0.44154674413912354
0.5677922252084566
0.5280844347234162
0.5455963073839836
0.6002098664371487
0.5998640482888841
0.8370476898769225
0.5394413054399073
0.7998334652429376
0.5144421011838318
0.9231068521315924
0.49320433594981816
0.6548661170380955
0.5900948520896315
0.7302239046169604
0.6495630370910392
0.6813457957561372
0.504163526653199
0.6813457957561372
0.5499830869316297
0.5742986156485932
0.6407901831174428
0.7409980124608485
0.5946462988040805
0.8000283889378434
0.2719506895442617
0.7164107474651422
0.3449317799814879
0.6659864108908781
0.4470265675238249
0.7346375186279854
0.829762078082488
0.33944654900432386
0.7346375186279854
0.6868673219500346
0.749218820461862
0.3897758599495852
0.6240256809459493
0.6516757647380487
0.5555666096385615
0.5094661235888588
0.4089880287871733
0.908550699443606
0.24314980341082315
0.24314980341082315
0.24314980341082318
0.2795968362322227
0.2795968362322227
0.24314980341082315
0.24314980341082315
0.6919992312322375
0.8929370145682991
0.5932153450198775
0.9032048224136392
0.7274275689381752
0.8756604271319031
0.7534115723727309
0.8817019596626591
0.29045879664550345
0.656776706247528
0.49014187660455455
0.18427440930053507
0.8107656616788709
0.456001542233427
0.33924434695370703
0.5324259664007359
0.3160949702590691
0.4205695814376723
0.8383591730773131
0.8624417344203377
0.6724659608079882
0.010760295247227436
0.6541396991618399
0.6174686028712386
0.30498221143113335
0.20854172255280354
0.6649178667773652
0.43779109551410494
0.7950201362844267
0.3982570390395358
0.8310558919252105
0.860391757713367
0.74254245130853
0.39874983985740736
0.5449953401655807
0.6263762287212977
0.47744885390393177
0.43146159701585984
0.4559110559398971
0.7133916447689942
0.9062737666934316
0.4610172776777812
0.5793872121061613
0.23943533091388078
0.580577699784368
0.5781491507962756
0.5109007867541216
0.48072448966524667
0.7510929443412546
0.4118368779990602
0.5382161075678387
0.3730382710044252
0.3639930026215183
0.5951441944134847
0.22908283130175572
0.3300120006175252
0.3828715851405537
0.5954075698162345
0.36377566335623324
0.8840402720925002
0.23109120721702317
0.42271519412366443
0.6348727613094097
0.49833145636538073
0.4217962465843551
0.6021117051785477
0.6331261423592653
0.31157287334354533
0.5216640230126675
0.5319687712428431
0.017597672519761333
0.01324133316395682
0.10523481004699632
0.018962778585975948
0.029367954324782578
0.09559310663366886
0.029367954324782574
0.6196612901070166
0.12596733939378504
0.13718812578101056
0.4513999931344816
0.12596733939378504
0.7236535846777324
0.6265578435705915
0.40078449219348267
0.6908723866742977
0.15140492070136194
0.21394718571610497
0.3461655183229037
0.3774235674806528
0.3105895336772784
0.294423827060664
0.2600304402390716
0.37579926658743734
0.519738352383244
0.4220372569240076
0.6275971502429132
0.6654794224902965
0.27781306513294923
0.6275971502429132
0.6284516208101943
0.5236419287312268
0.009771237887149042
0.04503109164872607
0.44927133675113307
0.47980112407870856
0.4195450674272979
0.3569164096535044
0.5610718499037303
0.013169463462541678
0.013169463462541678
0.28665280046983277
0.03648150309073609
0.2695722999100118
0.43439335067878676
0.21005851665625977
0.532284358968344
0.6571094289955279
0.8005855763725941
0.37986288467975576
0.764861204411531
0.5497560557674709
0.365539242105192
0.601773966097588
0.6367316452617192
0.26867888055377565
0.6730901396732639
0.015089670564579593
0.3839533646628149
0.21119931228285968
0.21852061201746414
0.21016562993134952
0.04954048717661833
0.16870204120400553
0.141692638729678
0.6495011932019517
0.018651021678604298
0.018651021678604298
0.060672566349203365
0.016537524085602898
0.40976396433669726
0.7042696399392121
0.6703154331086952
0.27877996030902585
0.278607513372454
0.5302696183476765
0.10049195921111818
0.504559478991715
0.6615158273682215
0.025285279311370975
0.010989525178942954
0.2686149051822026
0.4596862789700277
0.8149711746485645
0.5819355311171222
0.32339760852229
0.17701980834464084
0.3561125629419865
0.4271354253944405
0.051933894357417965
0.5060418334918267
0.702930182469015
0.49173592280518924
0.3770094270242331
0.5513962959837914
0.2679102879092022
0.4469525611524484
0.22006118763495813
0.4349003853600515
0.26999242082377634
0.3752803993955744
0.6515946825726973
0.49345295088316804
0.5009420948776836
0.25447244331706725
0.5041467122813046
0.46455133220408235
0.5161009592438696
0.6089518409991639
0.4954140844244957
0.3060637826246081
0.45560432003882
0.4941936372306539
0.04825518902382809
0.22231804056175022
0.332321141023549
0.09596845987017064
0.5526803311563102
0.12372600805341756
0.2703060908909057
0.6232927905352904
0.2639294308006848
0.31548566836051106
0.6075782132005692
0.3673647077201093
0.029644888301840856
0.45363862569067237
0.3472262631682848
0.5201464493679541
0.5852550120455844
0.3348744897792928
0.4716630211406868
0.2068400031739366
0.654894074040695
0.3983273506313563
0.18724900411597323
0.15083600048783524
0.21136595781509154
0.1250266654770804
0.4747224398574863
0.35379473214977664
0.5491752775924702
0.24027602407019008
0.2834168629148954
0.3032239653384408
0.30629443246272375
0.23805852179517253
0.019054574447114826
0.4178658023164947
0.5683720761903908
0.5960286553206291
0.4214348255287369
0.03307807287823967
0.2936318525535418
0.3907945570490152
0.03195731397950892
0.4594606165490178
0.32253015168665955
0.016825639727196647
0.5866105792748165
0.3291912262663032
0.15888537597231572
0.4756483430118735
0.1888064965566976
0.4853957113540564
0.5153533026544739
0.5087788326272226
0.2560907444569442
0.4743918677463655
0.39344400862658596
0.1551567126068288
0.12087608174647414
0.22306462982933137
0.028255937960038568
0.5194416543626164
0.5131566421318193
0.5929668220141522
0.3406847767553879
0.44278295039807225
0.017427527873699524
0.03273787492690199
0.4271353099515742
0.6415026405688564
0.4256584321138587
0.20842547678901785
0.44011259595521796
0.17429989426760228
0.05517571005123327
0.05860423119468468
0.35998052266356434
0.1797091400499443
0.5991582968336655
0.06052764337709898
0.42998138596628804
0.06491176374289973
0.08224346480356576
0.47344136074629495
0.4603336094441876
0.2656578684150043
0.12001038217363959
0.040847927041443584
0.6041332376704688
0.5096540893110377
0.06212271737084267
0.11001242333989064
0.0056522289174926665
0.0056522289174926665
0.05592022403664452
0.08065887684562954
0.03113644527275466
0.024204571932334988
0.04262963662277886
0.3402923293406335
0.4627814825471027
0.3096745308760377
0.5306093217495969
0.46006174188379567
0.38650288033792424
0.4492260769586175
0.239808221559452
0.022874915964128446
0.05355412967902894
0.19924591158810592
0.2098364560797107
0.5990622186272856
0.5519493040084585
0.5356251631619607
0.14922664938734723
0.010992212855881672
0.04754572437113974
0.1357910132759511
0.39072058579882296
0.34502795866579317
0.24376982414504714
0.0053759761058385595
0.00838276686483158
0.015840636651494405
0.007183162719873572
0.14042037731476723
0.25534265254329214
0.4205503748795039
0.5084115273572452
0.30461236500463257
0.2584375668467373
0.24825715810638854
0.07629091567090253
0.0
0.41568452813669926
0.02023722995516725
0.17456697423204598
0.047813418921191626
0.1047489747366844
0.022750789194792807
0.0011008342885890866
0.13162245603840908
0.21107466115807438
0.12996571444161154
0.02264649339335404
0.011837405689536997
0.1316176317787642
0.250017870482003
0.18612860196980252
0.44361215100696316
0.027761137522143174
0.13530562837634824
0.017534696554812122
0.6406112553753854
0.4138414622617881
0.302281750652941
0.3162243276802611
0.04562310581065333
0.021463539360981495
0.08289806845626993
0.6654519622490617
0.03413965760019543
0.1634684508404797
0.07929646350203717
0.3509957995395823
0.40970999706887534
0.10111256553459776
0.4573703896467287
0.2745448846374861
0.4241902030695711
0.019293197891844336
0.41766563704301785
0.394741389431261
0.015018201627669456
0.12061324099347515
0.48596961593597315
0.2485443092095425
0.044730319906556924
0.47155067360275194
0.3113888796231139
0.16126693962443928
0.2635421704322387
0.3679003657734768
0.3208257012517737
0.006532886475917484
0.22898599182292453
0.048298184814080124
0.37652462173082063
0.2432374555601997
0.037144168285791895
0.2723797385525027
0.0044453106608410425
0.053539652166689385
0.01264997864401268
0.04147353039313043
0.08484006777976996
0.5419317916949798
0.7132322803492542
0.19486201328207337
0.35341006392371926
0.2101632305667217
0.2963669152663202
0.358134608729447
0.32977204990530656
0.3191067581757395
0.2605552744590137
0.032461045426565444
0.3491934793900403
0.09452850652682905
0.0902607093396587
0.006001414389110955
0.34371013563993824
0.07168426781922414
0.09878717692673801
0.061326424688357854
0.03192347195064388
0.02698909297625725
0.01059991353197904
0.4664037137097122
0.3324525451882043
0.032611330848104796
0.10782072383164473
0.49918501427076467
0.05445556172920432
0.39790454191831437
0.5123783294192731
0.2575725964220173
0.49822667949752486
0.24073969111739932
0.2206861597077464
0.14319529164420236
0.008014526195293147
0.0193984991486539
0.16069061937493667
0.0044953496875883665
0.14551882826301182
0.005662098358119704
0.4806999570799643
0.08820801794676425
0.04122278082984948
0.3582636607114965
0.0029348851452809742
0.35248003949859386
0.0701739638501245
0.010376488847634946
0.0020189395281802456
0.004589351587308735
0.529093098492753
0.22999399020459277
0.054402517457467325
0.09052683627311009
0.30414955321074544
0.196670980987113
0.12636803908662567
0.43985719228721615
0.118518839303092
0.017948995823508406
0.0066847842285152805
0.0016199053848640764
0.4610415338681846
0.002670072653846164
0.22664655600413497
0.01912073462558255
0.12578600117588093
0.5659110471621519
0.42418939285601426
0.17180547914054634
0.004157111081376164
0.23428783765422692
0.4108438191604068
0.2066852285193814
0.6371738145038537
0.01632805293000354
0.0036913918465934044
0.3640511161135164
0.31174868113129145
0.11518846940208292
0.0030531086304980463
0.024412698176974792
0.038154894219081296
0.3307330044465757
0.3242645009963742
0.011994447545368209
0.396448876784174
0.0800786736192694
0.08396598965172959
0.001907469820473603
0.001978578293788594
0.14707989191362722
0.02437906720116582
0.013677564097925032
0.22995122109035546
0.30724917387630696
0.015030538035850293
0.2372610672621044
0.12561580893776006
0.39958084468759525
0.21317822565049946
0.31323650943317655
0.002184963176818578
0.013700837273295238
0.01467863838049012
0.019202586450570956
0.007202753692425767
0.08122421202681385
0.0015191310248755543
0.12040509783779313
0.018581132085567737
0.13370763695142354
0.08616492895468411
0.07222880223392111
0.00977674305301451
5.929917823480785E-4
0.21126607247818666
0.0
0.14719208984007767
0.0
0.002624085325822227
0.0546710366213369
0.08648793027709241
0.0016267991149208519
0.39367446540711565
0.28630526261888617
0.002866694868387625
0.04901360881152267
0.04613546215029803
0.02634972040851206
0.007055060235376508
0.2964741891487972
0.12859521169383456
0.3610528983109039
0.07944714781564684
0.12825249078513376
0.05598711493100016
0.018369310477613678
0.28168271416397406
0.10907252564293787
0.2793213940766233
0.06163123576686527
0.004514443844143955
0.013453018534428906
0.2723988951113906
0.07410938275537332
0.16271979302361997
0.49498929237867173
0.28809144308596235
0.02694916699351157
0.1856017788225946
0.4036491084720079
0.06878969326023283
0.012084509262587988
0.24265167206477034
0.30696373911004876
0.26653398510982734
0.011991137143705298
0.024386112736847956
0.18322665723921921
0.008405518317699024
0.1509021910144974
0.12012028918047331
0.0020625595678211302
0.02601847367771767
0.014967522309115126
0.139471844406094
0.4220328897450726
0.21134519812342578
0.22045555468508826
0.06980659375548177
0.060098268132450464
0.004596961675284531
0.0010838088280560939
0.16466997429896202
0.288492780470502
0.0568158230520198
0.003455523114678931
0.27365880669020515
0.017944311971388665
0.0015324370278272297
0.28900706657323705
0.04901103501007377
0.04586763761896024
0.0010964189621605416
0.02913565495827971
0.007148295112123149
0.0023905991051798373
8.888311696180729E-4
0.24808796362077185
0.006546638614056861
0.431821530959917
8.325083856234101E-4
0.002375845688055809
0.02364088685085362
0.09477979672249812
0.0012684186120697906
0.12741647502667788
0.005742891117245311
0.3259277815465657
0.35615320916813076
0.3570853360197543
0.13814643985224426
0.0
0.0026004700452596963
0.0
0.47185783684333726
0.029628483162781
0.0
8.922350288452785E-4
0.0
0.35683300039094334
0.054408801892005226
0.19159631727934112
0.005615236924785652
0.07193884788706915
0.0016076719898412304
0.2829905864427213
0.05026542088637377
0.0022666015622678287
0.005094261732750061
0.0031646726505981278
0.23813956871166267
0.08912687490754098
0.3224256141510979
0.1804640868696748
5.878572823716752E-4
0.0030178335299233163
0.0
0.0
0.11520545996543366
0.07310982971020455
0.03562374559322129
0.3614114356481553
0.30576002143003556
9.10069970456606E-4
0.33190964148957786
0.008087592190112907
0.05238760446172113
0.03324446806275511
0.06453895211800258
0.08693406381955335
0.002884301509137207
0.18546493467125308
0.36680915511556106
0.20173093134086725
0.0026073682641232043
0.007598462902756973
0.11525125223251631
0.19004781715039704
0.02804551990581553
7.767843349720456E-4
0.2965157209942426
0.029891481316951636
0.11626492379534176
0.09772180382606052
0.015561529098952823
0.04685779195807194
0.020494548101674462
0.07934863928366964
0.0010967223709422687
0.20233664253442327
0.0044850381334166
0.16275801901078027
0.2519038061053341
0.03481849839005383
0.0
0.28354007681046317
0.002248002634521168
0.03976330078624988
0.24717830210153247
0.11836157847875617
0.33385893858126453
0.12524005218746967
4.4526925738445374E-4
0.3863888043414855
0.23928339125171813
0.19128925507294187
0.03877451393173142
0.09368216054382149
0.39761885012572507
0.13024957285906077
0.009739739406931219
0.06186549620716987
0.235566726170955
0.11311348773773452
0.006500682654575441
0.0
0.07626396277453266
0.07401311828417356
0.0021008478919194353
0.0
0.014805514494423393
0.03793902693890995
0.0029132153694042618
0.1862407602767024
0.30065407046094195
0.01764329221593671
0.0015679379018498371
0.0031936844125876798
0.0670029835507379
0.05253143236778164
0.1676834546704567
0.001299195242661212
0.010102126004771858
0.0
0.4278571445543591
0.23169488018667708
0.18189511332251498
0.18394922424140447
0.18926808810079493
0.017057028420627243
0.012688267502225287
0.0
0.0
0.005895741954202134
0.017398949776530764
0.02689887801205056
0.0037453325756968384
0.06534671239400718
0.5631471352484375
0.44869736081838957
0.5325873545945748
0.746967018336498
0.46635335258220856
0.5885959703597309
0.3121026897384833
0.22008865668023225
0.5277810802732611
0.6708246297044386
0.42094074161029194
0.3065518819158646
0.79336241543296
0.6878586225767505
0.6145189467706957
0.440155343052159
0.3321093894288042
0.651153108788008
0.4146256867992196
0.4369192997335973
0.37263041260498186
0.27826022333668143
0.6010726607619237
0.4005946103730488
0.617199895572569
0.2946093142404123
0.24323531848717325
0.385497001377755
0.6613234989850509
0.3267876622753194
0.6570402437062319
0.48655836602511526
0.5350097592407971
0.5255188847592985
0.3771512753470386
0.47080729339916044
0.2871060397090656
0.7455446288756783
0.33548788679061425
0.46782250574650175
0.4293805829583814
0.4793864262616176
0.8172921723676686
0.3850363069622203
0.5294640845854305
0.29624150014985823
1.0
0.290589030077715
0.6522824511639176
0.5918778168856665
0.6323000370679006
0.7040168852314995
0.6583050948532723
0.5113378991005876
0.2563883251713725
0.6174474506769203
0.6024139370080389
0.25842139806876036
0.28587401516146144
0.46297854496976903
0.3869792567687253
0.6486770219316271
0.5834146917664351
0.44468604420352864
0.784670481326277
0.599849310748924
0.5102868797947746
0.4541874245138235
0.3927458957430134
0.553528958698953
0.6376247679430267
0.5835827236377145
0.596650052831507
0.2555389800213609
0.4603967344445448
0.5456460429274096
0.5647681826757469
0.39766460559867395
0.37152855363768716
0.7926682673216117
0.6032440615437034
0.5082418698942405
0.5345881472892222
0.40023580417062393
0.40343086548203466
0.822151017601259
0.491585298060876
0.48506495838612296
0.6072803132084036
0.767570727581529
0.42442145955365934
0.48986988863950204
0.09753662655121009
0.3981701441660457
0.3283902894866455
1.0000000000000002
0.6054258305638347
0.4118982481162091
1.0
0.6467622321159844
0.4826436172243667
0.39987071331062113
0.43030547345196385
0.6502964813448475
0.8095987094150885
1.0
0.5633051906338361
0.2361566975601994
0.4420394236903089
0.7117939413180263
0.4628369284730927
0.34830786977602624
0.5061808436154298
0.6513837599779537
0.7286438969512503
0.3691145533323309
0.4258969701681984
0.5900090686122825
0.6743301942176627
0.13472890359363393
0.01910820510804625
0.13169171142935163
0.38618019845520013
0.1981869692733086
0.631376963657314
0.23978625546815352
0.5249582599285804
0.48527442064552595
0.5012313723338017
0.41102798866774237
0.4157208926097513
0.3881676476567663
0.17095272831616448
0.4427456331963325
0.5933604497076786
0.3096514342516875
0.438322108538263
0.44366620936521706
0.3582123568046059
0.48863056520266274
0.7042479892075432
0.47313140583101854
0.506502317739683
0.4699397149253005
0.4855438910912308
0.800415649230455
0.3044310008772139
0.830717564705126
0.6829113078290012
0.44136993823315607
0.5788863856859424
0.0
0.3851970349801268
0.8979740769224549
0.4982941658710057
0.5688617555337104
0.38142165096651476
1.0
0.5512058621437935
0.34704233163246306
0.4974105020902152
0.45726967446750244
0.8835427090867651
0.5819097233586231
0.30114905759368
0.35191957251061173
0.11200840865364467
0.3476804727818846
0.6437732863822242
0.42006620030513114
0.30182763751608477
0.0
0.7430414944425169
0.6483052488438086
0.8441531785921789
0.6020427842992958
0.2792389539041674
0.12082404242306871
0.49486100292212554
0.7872626984665069
0.6629641347464302
0.6694789068913833
0.23149974602271178
1.0
0.3373231863082864
0.27810007317491636
0.6976910893294268
0.6985767215550273
0.43481757587165554
0.2862607298141874
0.1796677040735106
0.3672449641616891
0.6465493568197147
0.3049323867264177
0.4650304389897954
0.6338969038951169
0.912943714135143
0.5930466030147296
0.6611607579902065
0.4566029326524848
0.2773768616825852
0.31010442557129464
0.17696425762462953
0.3992442016231755
0.9999999999999999
0.7323536790441629
0.7750286952762675
0.597495118981412
0.45373540976606686
0.23034800365270217
0.22216622866859045
0.8441013434013372
0.6692295018710088
0.5246440379061469
0.40511658941425954
0.8233205053224767
0.5815371052247048
0.16075181499442878
0.4988806447911738
0.5989910281441088
0.3151136425544758
0.48693664458836644
0.6575427580117701
0.1866467821531148
0.5444981955711764
0.647038152988041
0.6967858155830474
1.0
0.6425446023948157
0.6117974159951977
0.46248832740893636
0.868676765759298
0.4533687810722902
0.5405035681653101
0.3434361286126046
0.29149039992905457
0.0
0.6139899681424287
0.7017947823054381
0.6461940673583745
0.9211311045435316
0.5349886931195248
0.6986614963147565
0.39174270649386495
0.2394288384439515
0.7586438271211488
0.8263847106077964
0.6963674782995595
0.5102326119971474
0.846761151712451
0.3767702899256693
0.6033801203005532
0.560697536742627
0.6432672898446659
0.4561586130234596
1.0
0.45370204489116617
0.6341306140697651
0.9999999999999999
0.8082531094929236
0.5889258042051251
0.3905063357646047
0.5620092051747848
0.5009300852916176
0.5119718444701017
0.4633974117846976
0.6537539916921291
0.6767706511387738
0.3242356376053898
0.23453720178737433
0.5572739435232645
0.19924716013844965
0.5062353787903189
0.4537802177455179
0.33509064402930444
0.4682732271425198
0.5282328174395675
0.6296884125149608
0.4931656582884214
0.7862234963884337
0.4076651733409943
0.3974641542190415
0.48191867598239285
1.0000000000000002
0.5432667810750506
0.7504893376489684
0.6529325024825727
0.6830082794717598
0.8516023099585083
0.3125462376288474
0.78761521297975
0.31611211059800287
0.4700953234863104
0.6667593361329649
0.5967311982966973
0.0
0.8905200966489242
0.4894220193982757
0.5928967418407667
0.5105806346749581
0.41643874573356626
0.16874232789662796
0.30030736293992905
0.5040500298961235
0.40960430212774407
0.8192608396082671
0.1640252550337059
0.6864606414603414
0.7167988828061063
1.0
0.5368629055689171
0.4044642969928458
0.2771781252427788
0.45917483274615967
0.709427978664774
0.6587802152662788
0.41455742929376277
0.7385959189112005
0.4817246970832465
0.31718576356321776
0.6033402985760867
0.23575640439232726
0.8975685049228589
0.452209095302803
0.42235787371491107
0.6300553134661058
0.5199781817571516
0.5048889954878923
0.2019383181246051
0.33476660835758104
0.3547018851098499
0.4524191464008679
0.526989545745704
0.6051298994695994
0.0
0.09404754955978684
0.4588879649127894
0.5505646167603228
0.4224077989502817
0.27353266687508476
0.4391947504077819
0.3162527469174227
0.6232688608504903
0.6058928655435746
0.5523927916017535
0.6398637174989802
0.632414431106809
0.6833099945963301
0.13953193422086863
0.6536511771615346
0.4436194948375535
0.5597148653641514
0.4437665994785425
0.5973512050190786
0.3756297104989688
0.5241192102571872
0.49983978370690996
0.9211311045435316
0.38099424110883434
0.6044163908651528
0.4242257343617183
0.46375323272690666
0.5998991083070561
0.46108855367677476
0.5267738462626084
0.5298550389991165
0.5506248674349619
0.7087363701140055
0.019554509374556835
0.5333419221430603
0.5850722116268882
0.6317357760052437
0.44242824640496786
0.2890072970100105
0.4629715496415581
0.4988639046384286
0.601202935333975
0.48114398083701526
0.7394499583729748
0.49818493551901305
0.4633295336773319
0.705441322682313
0.3983588925268332
0.3944099383785407
0.13547537630308093
0.9237772243729754
0.45886634834854934
0.34480968942090795
0.3556277781019549
0.6926755339788363
0.7269174303963791
0.5066576744476345
0.4752891917564751
0.4310213737241623
0.6312898651700708
0.38592679189346907
0.29518395286154087
0.7546289436147967
0.5449979133123243
0.5120500306028654
0.2818041517291925
0.25109700220932474
0.5299341389744805
0.6229091290385061
0.5600385879981082
0.3915790115404708
0.28528311557166225
0.6045268518469453
0.550586917414867
0.5288718000633715
0.48347144491892663
0.8180456229682544
0.8192685825556634
0.45917483274615967
0.524599439890534
0.656234276036671
0.37190599923488404
0.680737717377839
0.6978795061420251
0.3940745581534492
0.19287755478941615
0.3234020753158027
0.5352022575986853
0.7199857481694756
0.24731721857382713
0.6182464509423471
0.3505813581496992
0.6800288828359746
0.5851613347282124
0.7400546543542309
0.3277189319557371
0.5748929657458511
0.2585816649081415
0.5228024884382393
0.5585313356136379
0.4584979988686347
0.6159895311201962
0.2734673063696184
0.4707494350349509
0.6507844993076024
0.2505739721192892
0.5624768528508021
0.5049840064509262
0.36360072247401404
0.5035839010665522
0.3549888574190465
0.5117493104343075
0.3519432276092265
0.6075934687802689
0.7553705387213726
0.6752935824088258
0.5471543460300927
0.5267738462626084
0.5004526090884949
0.7089020413640352
0.2350439796344554
0.4898760032777392
0.5854266939498749
0.13598018045369498
0.35580756236260364
0.40304312687810223
0.389026460555856
0.30674475810979135
0.5048669557529234
0.597224687411332
0.6055226474481572
0.2889948734264128
0.7163722540878618
0.5923330046151817
0.2801750782896481
0.7145559688184937
0.33246258773490683
0.4068641929042149
0.3042026875324125
0.43032144282179996
0.716694862181392
0.15897287728433687
0.46203416023253224
0.5503943260772735
0.4406717278802269
0.9356467854173346
0.8089227489986225
0.355216893202665
0.6071938979395403
0.49777798597982126
0.22218174954966752
0.46086441206988926
0.5365654221709184
0.3348791277552287
0.6212711431098097
0.5150447836567126
0.3399788745134609
0.6470458471765652
0.3212282790729487
0.41198514013801224
0.31263536717538176
0.3286349585904816
0.2631567069269837
0.3033430073368439
0.20903782515322458
0.49465642433961055
0.8009555385688855
0.6242334307728655
0.4406170616188603
0.4719472556508358
0.5166534116564322
0.310430100261732
0.5029304257993837
0.6896378210716574
0.33932657519987697
0.6434546243926873
0.4661550216179373
0.7298341089226154
0.2399666089332585
0.30259886974958644
0.31881850064652856
0.4647693150291325
0.49751671375002443
0.5027366447551509
0.18459111638084522
0.5888706915892312
0.43523565440483414
0.34326497704624903
0.5896199557781955
0.1857559526477625
0.3618919324141138
0.5230902473259218
0.4245739353830933
0.3794408536340926
0.5326739212482138
0.6252200023298048
0.6373425671412623
0.2995656556775051
0.42268661197240753
0.38565189815467643
0.6560866681219636
0.43693674517530245
0.4511017940420257
0.2875038477940781
0.522065613047608
0.0
0.23440141270074863
0.6043619751152505
0.5503603208138702
0.4097971867932941
0.6789202564593809
0.6050683031600406
0.5835370002400536
0.8400836081348881
0.2701446946152508
0.8547793913834134
0.293761212844604
0.5737435374884446
0.6494750815486416
0.4384884927610843
0.7593565421782462
0.6553423394255913
0.4321989491135171
0.5232027214377305
0.2893697243519924
0.48099223819281245
0.3733211271247807
0.5965798134119001
0.6141149731346431
0.2570448113038064
0.5377800201953727
0.2305895838273826
0.3310615919446163
0.27661035814098955
0.5392693646214347
0.5218823162642362
0.7238002125499651
0.35373508972670237
0.37738907808772015
0.6973744075076397
0.38209104608668615
0.34569819983753014
0.6298603618138
0.3965446151952629
0.9140059633163755
0.3947496686822647
0.31978495519445577
0.36074919129131705
0.21987934523188316
0.2899036202438857
0.7474470535456351
0.6667593361329649
0.5172009192669852
0.28238707996652135
0.3550415830280307
0.44136451258565107
0.45083567616912174
0.4765971956637988
0.4274915932196273
0.5773758819738614
0.6168028944084063
0.562007170604946
0.9665039634224977
0.6239383231574678
0.38549211223003604
0.3318876978347528
1.0
0.49347910073494816
0.19215594146289244
0.4558972592951599
0.33588899003404254
0.37511273013834034
0.6498217182452802
0.6210669831010756
0.24022765611911062
0.24905749985412087
0.497225694642611
0.567285442804408
0.4933480883001381
0.3120378127288273
0.8799270258391713
0.6053750984496434
0.524503531798282
0.3615515726780612
0.504988403910452
0.3827934504137511
0.6639907920847563
0.5450077475278436
0.5688002708766802
0.5166839419068533
0.5673761279394828
0.5202409965897814
0.612096107130274
0.23247661497342154
0.7569101120943633
0.9251243701948512
0.37854123285471003
0.6239807526101397
0.23307193195247114
0.5546660640924292
0.5864238131710681
0.5466740945109065
0.22278429844172665
0.3500359658946984
0.602690282467844
0.37700191639282193
0.6414364623660127
0.319578695967097
0.5989910281441088
0.5505977608935234
0.7224844723744444
0.503590706182038
0.35686842998711205
0.5102772520101082
0.7102950380448455
0.3690787541690677
0.7125241859603937
0.7017947823054381
0.731708875897374
0.6360480061652463
0.7022324526000694
0.5308663900868568
0.5942957401357024
0.30926675332198383
0.8474824941289875
0.6576168655136171
0.6228142306173596
0.5129310824800166
0.5176051557804027
0.21895914405263903
0.2849865316490922
0.31109579056985237
0.7368676358528066
0.4575670440372219
0.5634481967260524
0.5110521638320582
0.27435186529119465
0.22263819812156185
0.39793313369262195
0.3014543155479613
0.3474395294874999
0.18944223287198558
0.6179230565159756
0.2244559362183957
0.9981851636285676
0.38828354030674866
0.7394256427828957
0.5585706473995191
0.5221528587006738
0.6410353409410118
0.62691841811347
0.46679833892682915
0.8595692809590313
0.5334767160020536
0.4988156053882204
0.3176729271564316
0.41074246638672834
0.59555416319708
0.7008019363068835
0.5443112448865353
0.35387510629592217
0.5860297259545828
0.25536898303161676
0.379715858514176
0.0
0.79336241543296
0.3660341932630787
0.35909197825283345
0.3470484926992438
0.7386103075188414
0.3016653188445677
0.540560300996392
0.45063712705047154
0.7955417163885676
0.9999999999999999
0.7052561135282173
0.24469357530270414
0.7017947823054381
1.0
0.7384691263098777
0.43198336318923763
0.6129165992603148
0.48561949313737374
0.36415613224107457
0.958875386381306
0.12514885478980003
0.4187139614948917
0.3682253453157435
1.0
0.37454079163186765
0.3126223255002726
0.49955380677289685
0.44216626751640753
0.7555813983891994
0.499273747835872
0.24654495860062645
1.0000000000000002
0.6057666756112635
0.44523407682141103
