0.6088736186842751
0.43008610110451084
0.4135755709267135
0.8373116540186365
0.18336101110321457
0.0763551054561727
0.25739799285148757
0.5345614759750726
0.633904683564399
0.3646809516659414
0.3687691889309515
0.8026797491437733
0.7096462484678142
0.7793217101289691
0.6576565087602823
0.5439150593866067
0.4820650179070579
0.3381958123551022
0.410932390151206
0.7694571647495967
0.619117213039825
0.27859810742088975
0.25446328294078163
0.09152827631523872
0.20306615635217276
0.8197425334546422
0.4851835922124998
0.456795119445537
0.6465012062938056
0.609129629270896
0.41448812873671476
0.4514036874265498
0.5289215271001305
0.717687780352972
0.28201937321341447
0.29998513330253884
0.34534658759263376
0.38833204204663074
0.7207872992761702
0.26268147196704217
0.46057935583487924
0.2636103373915715
0.5783545226406753
0.38037877466777203
0.5386113544886183
0.30489503526991446
0.812103088847948
0.4202535899745124
0.789532619128949
0.6823957071907663
0.526163889264541
0.6794398284676665
0.7215563905076807
0.31051289497687856
0.546376448607621
0.39651583246303335
0.2727451570718169
0.34084361897068594
0.553245912350066
0.4249226079038526
0.45747335129636946
0.5805015829990628
0.7154098700460156
0.3025990520705152
0.3654252990772981
0.8376216122446654
0.553930707586172
0.4193801459407583
0.6716425530014907
0.6840260896999597
0.6401225044638976
0.31992951108008494
0.312159917358839
0.4500595627198314
0.5328339152296797
0.6495426835261768
0.7273213816017893
0.4075778538175045
0.38521708411499855
0.5416026636579133
0.689106887994102
0.6373760785966056
0.5005413756875307
0.3875242839404811
0.7770266665054917
0.395180754907053
0.38195289092556534
0.24265538141758236
0.5313898091959393
0.5361203784041871
0.6518770763902474
0.5125655294940902
0.43224036702618135
0.4772342080327801
0.28686620385011424
0.7526881356551434
0.5286417708267052
0.44707280876589944
0.5647669934100044
0.6781245122557644
0.3081346787128656
0.3746930359331718
0.3371147175260063
0.3914711893895118
0.7754745782953492
0.5854411078965581
0.4668039671073166
0.5940774006012494
0.33457240347643147
0.7391431250610625
0.6491261061670841
0.4108779006309564
0.4207662873982072
0.2903553669171483
0.3881170495230276
0.58229452847159
0.6846327906907882
0.3484809949279443
0.39684733137756234
0.48869928290913195
0.14630205672976385
0.6745474031220128
0.2469074081799758
0.39670999798540485
0.4976618465026558
0.36110670244234544
0.5973685977934015
0.6065956965846558
0.6690577024329613
0.1420894554125844
0.7084445431407956
0.5721030605175783
0.5629271855687706
0.8801284618138967
0.4064246590779073
0.33783654015960174
0.43005156861358446
0.6075100412547598
0.6324052149132796
0.4602041302341
0.4315039987039408
0.3546095782935991
0.46215990818400643
0.6335189556012855
0.5042521139979849
0.459041931289301
0.6223168226469219
0.3912337834868928
0.4614355854954101
0.5707009884259635
0.6348906486622539
0.5950869841171711
0.76460299425784
0.9187697500061773
0.5798979730375621
0.42485747094464854
0.4836371049173319
0.5034378206377478
0.42250517889847733
0.17732173303242513
0.6793919518138418
0.5329370198959155
0.39904675294371206
0.5090839862616691
0.571015600606323
0.4666787998098875
0.2646757106483955
0.6985731187603985
0.4543151966026578
0.4970723527676644
0.6167138792024262
0.42287063679853243
0.44090132909757174
0.45644185146737015
0.4318182912269912
0.2822799074670129
0.41108358757068725
0.7835855207633154
0.3079635791983316
0.5844795863375095
0.7913307294212744
0.38024729075868874
0.5411393302971742
0.6080507698297217
0.09369609963176767
0.6422768307324012
0.7405675963543746
0.4791390884568799
0.4704865115159429
0.20954772408674735
0.37551685339780505
0.41417952267662905
0.6594456568545297
0.2788083236111584
0.6432618161535391
0.29614048106918056
0.8803985396908973
0.1004644437880226
0.7007153514600084
0.3748602676810625
0.6469521304256962
0.8781428027941034
0.21787992993367475
0.18158544906702426
0.35833518866602315
0.20316534503106495
0.791431112313029
0.7485736364765794
0.27444423573287574
0.6466329705315623
0.22964062722510814
0.4285673973554794
0.7289566165649287
0.5640937749777553
0.300967767479859
0.750743357109803
0.558973443565525
0.6081033655988033
0.7474483628235631
0.6716514772484137
0.5158591290563144
0.7695989738301707
0.7874695188918638
0.41663757833215087
0.6067529343741548
0.22882702153694667
0.817547178416746
0.7508472733864977
0.31205125221466196
0.4591670767052716
0.3979517759581251
0.8662198434496601
0.4654237013867932
0.6733069731696467
0.36739958666002287
0.27837007502726574
0.3350822101707961
0.8822870664593007
0.47114026851789287
0.6412566486008419
0.49399976946994023
0.3620333095768418
0.6564861630635155
0.6439284157294229
0.5494427661597352
0.3525051953166392
0.6981015426104004
0.3799390407571108
0.46940257607140645
0.46202891005683866
0.7077916911106243
0.896719695374279
0.5484122717741094
0.12606283331641535
0.7788459976701197
0.42776351564827725
0.40084075595717283
0.5029049482607578
0.5678765030633041
0.5963510821164003
0.5667151220082245
0.5591782985903233
0.566961896192767
0.5698101723974228
0.3370189079824405
0.702406294689029
0.6332378382258355
0.6768803457656547
0.5426334838111463
0.5939072192441908
0.3159144391867943
0.7379634970969209
0.07439783341269102
0.43790133041005075
0.7780895129429721
0.3152237343651753
0.5782737404772678
0.1705915336574323
0.6124710389845704
0.24445099877158064
0.5853604744336491
0.41554686800436214
0.4066249732915503
0.3484947561141326
0.7098746158196014
0.499047732255171
0.2371157337562946
0.5865453930599064
0.5714490404658331
0.5003895980053675
0.6463682839047898
0.3507057514549117
0.6133929478181105
0.36021833218815036
0.4165029015148093
0.7964958729332483
0.3591541863628094
0.757611817434854
0.45510155423261045
0.5528295721536743
0.5431235433784314
0.34411131634150116
0.38347246772998594
0.4660688796584351
0.33659677729993975
0.5924915061350915
0.5578293149549941
0.5129916249128904
0.7183222661216777
0.5333502586288291
0.7341458947074665
0.791823116858357
0.5309659054340594
0.4451668692562796
0.5421782595725243
0.5204978279754457
0.4757234201574428
0.6182268357464585
0.3118891183203924
0.6387795500335297
0.25476710344662895
0.5551639950404241
0.7691610582332923
0.4440539805982911
0.5155280219439494
0.29263283862054457
0.2111848248315819
0.5939407448809357
0.42039624144620624
0.31005210456397003
0.5164786742620533
0.6662673629864037
0.5141429822652064
0.40381346275028135
0.3220679127685354
0.1862560562936953
0.09093572183744073
0.4156942902389955
0.6430141785463013
0.42530313965035765
0.5041294269008236
0.4470115876679627
0.26624942227047715
0.06997189887483297
0.37709184963248854
0.527472457346321
0.3554598787967279
0.4887682411424909
0.6370590884395432
0.7497809774631901
0.4628064979428079
0.3542840483931593
0.2659916076357827
0.41477280742429606
0.3855744223934387
0.577740872513471
0.3129471056523162
0.7868522609600703
0.6457281365364568
0.7621628405092481
0.3781527760784511
0.6047711747054724
0.40245609739194094
0.8540659598949004
0.13956772927387467
0.32803528315678543
0.6135818208643306
0.5313353288620261
0.5827047346530014
0.727750337466324
0.6684023703596431
0.5676324052544338
0.375814158158925
0.7259137155786007
0.3743417225081572
0.8004476432429619
0.3735683509535298
0.7539467686565856
0.3224824359915813
0.38469656140469993
0.6409446026037102
0.3010124142241441
0.29643522335291383
0.11980601090411931
0.6999629676523478
0.6464671625240827
0.3084115327081853
0.518935205557151
0.9405966545218502
0.542989776996201
0.5916812535626038
0.6562672948051772
0.5253622402624434
0.40228636111575383
0.49346818613727267
0.5632594484965758
0.668021877502505
0.21280204169832842
0.752148062453737
0.3527747649951565
0.5580334802414622
0.1520918483922993
0.5035391581527369
0.2649428975793871
0.31362092381036266
0.3527087085845094
0.5082891414723899
0.45422658961000045
0.3036482337310456
0.4462160459229148
0.7498929181496159
0.5446873142353219
0.8223436266574619
0.7888682904448748
0.23010820664573955
0.28783819990465553
0.4179093128899892
0.8625943850081755
0.48877965492228215
0.5405424517677034
0.6152154910986901
0.08872833825897948
0.33601902204899914
0.406011890186654
0.7131068503660314
0.7979226549286206
0.3488327899216954
0.33234265817949865
0.26396692828446383
0.18861924967775962
0.5875285040492798
0.7039024903138671
0.3963475359011907
0.611172276757819
0.5359391787695025
1.0
0.38730287210874736
0.5354138551049378
0.5172906383723435
0.7014824349912897
0.43558153729717813
0.7182811118228023
0.8230249563606422
0.25091576366108026
0.41116706260379077
0.32954335980872923
0.19012358335528545
0.06951214650544275
0.6500195219590466
0.789225785553706
0.7082258057291171
0.6732722068290472
0.3835099344823095
0.6413584746890416
0.47660658618488366
0.6612925695921191
0.5401843609649837
0.4622442505525051
0.4573328685963065
0.7133051423264549
0.574025727580511
0.27805820979995777
0.5346044795654821
0.819710460125934
0.24447470963321832
0.7978103020282133
0.11917441025902441
0.688306118403341
0.6670862086080612
0.4321999524484544
0.4614666020201781
0.21124533113092908
0.1168905033255254
0.5819396925840994
0.46057998268760475
0.12353900033083011
0.835552069131865
0.4832424863585462
0.527775921735895
0.39050730390976984
0.2596366243448414
0.3646170548603862
0.43843159757556016
0.2934703801827097
0.35647842191184304
0.4797977213647656
0.7195599218643051
0.64473193836311
0.3904341613616271
0.3659374735708395
0.6119182304023488
0.5650899280828022
0.23300008644104936
0.4387213109087016
0.17309131551286253
0.45603061175600923
0.409281417018492
0.6526665396638427
0.23551890715228196
0.2596747327245088
0.754468581110971
0.5463246648104796
0.7547873549251856
0.2884983638960311
0.6350432742630834
0.6690592127726112
0.41290602969517237
0.5903419389603469
0.5602140266864377
0.34509814531873356
0.31473462988885803
0.5263390102872276
0.23739383239918788
0.47300329012151393
0.5240053595504967
0.705180038328015
0.274087082098922
0.5231863683842783
0.6053275023155615
0.38697977035371467
0.3426050566427916
0.3398283544103903
0.44318197488901145
0.4455414536824501
0.7298699882064146
0.3114412901797816
0.40906187777336966
0.44646143999930094
0.3589432822324344
0.44066159915031455
0.07537544840688876
0.5186352624616968
0.6939437025298628
0.7806938299276018
0.4174452046320979
0.3719838747352661
0.5047238730730181
0.6539740871677627
0.5580960538388706
0.7469007139309428
0.12159197732310342
0.3272761018531979
0.33114128167027634
0.7393319260875238
0.22966187865551574
0.5629623007125751
0.4992465371652791
0.290544368609073
0.47359782838600933
0.4901077710579656
0.6390326006828274
0.7583043068478373
0.7274187967274887
0.40765461698693595
0.6669726448948103
0.42343000613625104
0.5360170592998724
0.5970058739162488
0.4990251052246093
0.5987522360050538
0.6889347172979844
0.7590770606243721
0.13041222932072744
0.3925232805441151
0.6647725010326083
0.6253062766299841
0.4615296723175502
0.7392578398925553
0.5444275828010442
0.454473302676145
0.5703335003583723
0.43016107325584074
0.5681772754380219
0.5689723662326095
0.40464462623264624
0.31440469073943417
0.3360883995690262
0.44092649253066235
0.4871796907007628
0.7850896863468543
0.13089647892548348
0.3484852384438281
0.49439516634912295
0.24651984944341512
0.3527243179707314
0.7478018610004186
0.6842166059555878
0.6297338565983225
0.5381725037697577
0.4942609055991106
0.31544178525175626
0.2813703105077248
0.3849248865487285
0.7303351352900925
0.5104223926588202
0.4965778751706741
0.36097368079809244
0.43389608249260303
0.3120782659149927
0.6829369426252676
0.6087629799259001
0.4291940215049491
0.2687406182270682
0.6289631261392058
0.7474594070286763
0.6305937393708809
0.555982395727261
0.4065278787904194
0.6256560451509512
0.36228057723403434
0.28361931190537043
0.3899903279622916
0.6439440300001763
0.39377800853330547
0.5619516738657303
0.4321119236171914
0.31389577460643875
0.5522085096550545
0.4340311413418461
0.29833302741306167
0.6684358072255808
0.6217629350880624
0.07355235421122856
0.772131898376786
0.5940341358756575
0.4444130888598341
0.4632266836991709
0.4305731597363582
0.45513642258051973
0.4839435431646533
0.2825667668276873
0.33180174266737733
0.2557600192664834
0.7136075831715568
0.4519799960445379
0.14916568775945463
0.2792303231956166
0.7133866395815798
0.8920337081511504
0.6459715862368457
0.6431134100266608
0.13696448258812283
0.1793484473938131
0.23872995055021512
0.72322608189864
0.531586915581138
0.7750132268172438
0.49812370276544565
0.5751975784623883
0.23034322553288392
0.3033981411040657
0.47367064583623936
0.18968326389099383
0.4901821243965049
0.3272437012211248
0.6575409240468301
0.7552216990867291
0.7539894228408631
0.4557083477611512
0.4560299300605144
0.520395200950502
0.5481146540644353
0.2389683061906215
0.36037844096551297
0.7140112953635147
0.4598071340072971
0.3348616100133615
0.6109131266910747
0.5440030030577242
0.4178619715497371
0.7995806422837257
0.315579478417476
0.7797445037109078
0.04883681983575739
0.6948567956468836
0.5244922500557075
0.5648716163309018
0.48237408525889297
0.6600144665405778
0.6072392034836145
0.3699339600104611
0.22941234103215713
0.31570400567706486
0.20182760845940328
0.6926079578041916
0.4357353784111142
0.6519595458178056
0.6812464856633151
0.4385005843834945
0.5083581296358997
0.7911961859941683
0.15262485963938613
0.5108983121605204
0.4810575304835117
0.2727186931350366
0.41723277641171425
0.5714081741679022
0.3216679225394552
0.3884558409327299
0.36783468637273214
0.41819074396029304
0.41520478115129045
0.661704974565645
0.4268895520508481
0.27276782110071107
0.6462118507213779
0.4988379013813293
0.188373664079264
0.5934862529802502
0.39192227832697174
0.7586937108557725
0.08905082131817557
0.5207042511219329
0.6532374746645959
0.7711982598089615
0.5031416780469268
0.4253166441269934
0.658159351365675
0.49931845593984436
0.547717736624229
0.5012148422670079
0.7124566550567126
0.3685741592053383
0.6200570178017747
0.8104091972809506
0.5835274080099613
0.43586153817201156
0.7919464844505295
0.3729320728950526
0.2768442662919982
0.5260482699187385
0.24817438720780835
0.651364934819418
0.254783948921928
0.4119077449560884
0.29952585312892366
0.6420277503757073
0.2554324466345838
0.1967029224248626
0.615266933038711
0.395983736880928
0.5532903328144052
0.5197008607086823
0.4031724285382362
0.6081042624171564
0.36952883674539916
0.5830365425133961
0.46873869381526456
0.3922400600547986
0.5126997337949007
0.47621155642551194
0.5209062958241157
0.5836061202776129
0.5117830647764618
0.61220504226546
0.4724839140615381
0.7441540017774999
0.39551959240795426
0.732143872599478
0.5454779278097914
0.9239161006475742
0.38608394590292366
0.429143820370848
0.46019215075176245
0.6757555672073409
0.5982450384204907
0.4830526306306581
0.4081826417050736
0.4830526306306581
0.5081892566262548
0.5512636752845852
0.6114900741742119
0.7240819620510743
0.4625243412017014
0.638906704056459
0.3145128869354531
0.547426054173933
0.20113502240750905
0.5842477437820993
0.45428161722787774
0.6931931353496881
0.8350242944386725
0.3292465911655213
0.6931931353496881
0.5223779131547996
0.7476857567809146
0.2744370109081472
0.5296749609479245
0.49535726750601017
0.45624476209179265
0.27637292704414673
0.40892006420351856
0.912260152811094
0.28918243713487907
0.28918243713487907
0.28918243713487907
0.30752543808843597
0.30752543808843597
0.28918243713487907
0.28918243713487907
0.6338769111244485
0.8657901417159853
0.48719409172564915
0.9060682259076993
0.5790327095622936
0.8138157140413611
0.7107350394829249
0.8930174881354277
0.28342294541160196
0.6698608346560524
0.3924753170290659
0.005258314580979046
0.6559448136272473
0.3182101737583957
0.30625042603559727
0.49448349244180534
0.2797440399864291
0.24119102039220489
0.8506733198806987
0.8853805193026337
0.6070335431082612
0.008754709091212263
0.41093445588743677
0.3771137492820783
0.23231050708168094
0.24387211674254983
0.5918723170258293
0.3590802330740445
0.6674392426760658
0.3585739464865652
0.8192107141763311
0.7731386519952888
0.5948650564653277
0.23543209157480952
0.42644885045652625
0.6404046984822143
0.4775814760307323
0.30668580596312556
0.34761788913831426
0.49546134421293936
0.8690165389991263
0.4779139006387193
0.5413938529495114
0.27939436788241273
0.5245056077096505
0.5111260724280843
0.4679174261679794
0.32237410478023726
0.6977818601081227
0.34077170273619606
0.44740812377898304
0.23007787191062623
0.3157500149160024
0.5013580220982179
0.2760530787612534
0.28675883425656423
0.41162777869543016
0.5798693904198767
0.21426468708209792
0.8117814816104449
0.19604842624560379
0.43522549801521343
0.45536594556358323
0.49271863172510116
0.3257056126010052
0.527061951775047
0.5867779667723335
0.13639538877943444
0.4853085586861854
0.513197113036709
0.012351958210813408
0.009239403055746739
0.0
0.015013087289158759
0.02033607248225711
0.01521160993484937
0.020336072482257113
0.541718304207024
0.03575614752009483
0.039890618073921524
0.29093268680166684
0.03575614752009483
0.6276697218451659
0.5217275916817367
0.3937947663060906
0.5658410970227588
0.12385318544544409
0.20091531607609814
0.39949274343871755
0.3110610983897348
0.2799504875528551
0.2294673233879362
0.22123941269311606
0.3583716149129569
0.48607346906817755
0.307731690304711
0.5714905120799089
0.7503858355014773
0.22789841214220954
0.5714905120799089
0.6142148037954946
0.45058947115929826
0.006922900096466902
0.03953277177149202
0.37469723977864117
0.4157779863183227
0.17340459772649727
0.11497769328098671
0.45135388861505527
0.007946302280794945
0.007946302280794945
0.3711583967477717
0.031490765860388854
0.16182527242890082
0.3667761399848209
0.1619625125523143
0.34294101972135377
0.5199785260860201
0.8018226931597341
0.3520110645844268
0.7589934901435694
0.4129455549846954
0.2872296291283504
0.4802811428742475
0.5497217585415638
0.13224177065961495
0.5582066922419207
0.009379221522271932
0.27714301060262025
0.19675019872988028
0.15529174823594674
0.15092655731803253
0.02831914886385252
0.14234235369013884
0.15787744385945557
0.5895396240361389
0.012945316884838774
0.012945316884838774
0.003379400401273124
0.010029395832363534
0.4254071472055972
0.6173627838713952
0.6315276843842537
0.17057620187510747
0.22780688175338118
0.4019648989031195
0.08516026974426655
0.435325191167107
0.596684015350484
0.02190725578422007
0.008122490761412372
0.19290229614608215
0.30105505240978275
0.7918710682174024
0.42282578714229224
0.1889285298539004
0.16040270020832967
0.24232401006699672
0.19811199251103034
0.046228034081095784
0.41183226775544535
0.6464692105049297
0.4534970758065743
0.2717967602603226
0.47475058657876396
0.31861657339900995
0.3093909671150625
0.20709393913469148
0.35266132508902587
0.10983334491782665
0.256248599095562
0.5532105120317835
0.5154720419825229
0.38465536575770204
0.12392847538384984
0.3926117804131997
0.3647892889694261
0.4841140407083985
0.5073576116990599
0.2983171754343934
0.2255104148760406
0.290714958066214
0.36669952445944615
0.036382250360283544
0.2023986348710334
0.2169217910340757
0.01661654448696367
0.5143058980346531
0.0542987238105567
0.11507881666543067
0.5187222072716771
0.15205807557193068
0.351201333771586
0.5505565534199468
0.19980721402223517
0.02212221084951854
0.5310589394139056
0.23718061443933608
0.493492017570582
0.4900818620967044
0.203574054084747
0.36841223625541897
0.16140554870388557
0.5916966808833314
0.4072918352282749
0.1536418390058306
0.1265929320031193
0.1772192666360325
0.096139933760713
0.42918734824380317
0.2642602030468359
0.5318420097525002
0.17157395301416115
0.24359469475760429
0.42198155603268367
0.2243582940761348
0.19588729147769426
0.014751860336170272
0.2525362912024555
0.5115215726378394
0.4048002962256837
0.3325959886170481
0.02979990176697934
0.18063754747667743
0.2511727758846709
0.021691405060289836
0.42213041252819267
0.24430697902651033
0.009097623934026107
0.5541311015380144
0.288983436090427
0.12743854099342244
0.5077109738875757
0.1590111653141172
0.43892710408048174
0.4657222996817564
0.4617606409440671
0.18340574494042486
0.423303136133708
0.4495171104158284
0.04705871312057431
0.06551241540704658
0.16339852555544204
0.01934272775364753
0.310553327947177
0.4048091173905288
0.43245377821387676
0.23077515423958161
0.343127354726027
0.002168303012317202
0.02474730260645683
0.3360322514805623
0.4909735143217012
0.4190749382496717
0.19365044355687552
0.30228596196271734
0.16186971984813311
0.021486398680935936
0.04063658082604637
0.4523688417372025
0.19133661727229528
0.5871091092792339
0.02228106223863283
0.3537193667209999
0.016471438532620876
0.07516377593271535
0.3605503004921063
0.41508065919777964
0.16798462862221084
0.08102852741045975
0.03603131350802981
0.4982987336985988
0.4616718885629672
0.028349142615723417
0.09636669229895124
0.004449957493269891
0.004449957493269891
0.034154844173723775
0.037939345249150006
0.021596978069816017
0.003162981124776513
0.027732470965630952
0.2395385171258043
0.49015489253508515
0.189658290449808
0.4744475232051652
0.42204983451661027
0.332271401815443
0.29736101128976106
0.27798262320236683
0.01402620217116296
0.040053205822864583
0.17582743080275112
0.14628813315412142
0.5410855209114801
0.5480585990752213
0.41776424611372326
0.16755016018666205
0.007607425107302154
0.0386550377889389
0.05889783845499624
0.3506895263171305
0.3194718159526314
0.22749594065175574
0.0037372834524306616
0.005048690580794006
0.0026093219809955564
0.004527519738544157
0.07643990813037232
0.18011177491579872
0.35432652525210295
0.45933532727437365
0.16656645295439554
0.13993472830584425
0.11999809422618515
0.04722318498376767
0.0
0.2806787415631068
0.01955528408085539
0.09433745330793854
0.042228673849856325
0.050414797557004065
0.019695172709490984
0.0
0.11874166785126605
0.17154613398135873
0.11946857354841994
0.015758627961276205
0.008609463288407237
0.11942920958874893
0.21007465794312727
0.17510328643658732
0.43041553385676545
0.017713583469372025
0.1221223124906796
0.01325745635947604
0.5871085573200815
0.3954262454599792
0.18186796394621227
0.22492140386798518
0.03714929066900232
0.017024501393368655
0.047831358063366095
0.728132535031478
0.02616985554152163
0.1511245048474718
0.07011846774521303
0.21908134444022168
0.3334448985964321
0.08030397049781317
0.36441667673698686
0.18245327909433773
0.39980347705761987
0.016616963867587507
0.23425131187873247
0.3618371087639939
0.007650963027406784
0.10007046979897846
0.4136517492186438
0.15650748956426366
0.018422218816675065
0.44559468865690915
0.28853121167001283
0.06344459894171654
0.19405725711465643
0.2588831868269932
0.18757834035627377
0.00297682376637449
0.09576574753303663
0.03343803908489354
0.2236395258622088
0.18398560615530285
0.014754982433378165
0.24619677753651056
0.0016670551433631703
0.04161415881147254
0.009219793647845809
0.0027278968103734095
0.0
0.45269092776563247
0.7006441948670893
0.0826287322810126
0.27095332639256736
0.20118186889681014
0.21718694401758892
0.31123107040727493
0.16752544600117672
0.1908456990257896
0.19947731635116123
0.0024823193705921873
0.18859358198434784
0.04399777385932561
0.049013693060163906
0.0032682730396492825
0.22396251401878203
0.046873200300619214
0.07281725105511327
0.030816888042105223
0.026387660390947556
0.0014375984462761202
0.005046412209070464
0.29703090536692284
0.22069604929510014
0.024004102551571635
0.011977972216817278
0.48836013659826416
0.0073771889891306765
0.40616876944191066
0.46666739488915354
0.12688239542112412
0.45503678866610225
0.2254280118596821
0.1911131604255173
0.14896494717654937
0.004345608931871445
0.013631942434103622
0.07342494563945319
0.002953125206501617
0.1091747427558951
0.0036439450101201404
0.37703420969946316
0.07194217046755387
0.036812730648952637
0.2669746168642534
0.001661680058268401
0.31953850318444726
0.043956982601464356
0.006066190945604951
0.0012059352344953513
0.0029849546220005307
0.48958903177432306
0.13776431420653154
0.02998370905444865
0.06277818358462933
0.2296696501652798
0.07027951662273069
0.10758132411587705
0.36430860729110504
0.060525625601505297
0.015529531709017991
0.004349012975142748
0.0
0.3547454559499043
0.0015545145174313765
0.13446296238996353
0.006097210427083566
0.07436370653282741
0.5047271767844447
0.30261335948774176
0.07872230785552106
0.0028264203938576935
0.10080214635533233
0.23564153032263513
0.22815131621064083
0.6403204886875071
0.011178751357626035
0.0016226217128625549
0.3949566019274251
0.1840969663634764
0.055725467988092546
0.001981850944113927
0.018228412954059525
0.03435358612108076
0.29773482618150615
0.1632672225565625
0.00820396836262626
0.2780309618685699
0.04921068312386152
0.08231071022503421
0.0012990707506279106
0.0013355875281103183
0.12056762236880653
0.01478590131689474
0.0087641277065335
0.228904258873086
0.1932191354391262
0.009441174739924254
0.15876327460087045
0.11356216557124973
0.2631359498226031
0.1419059082840821
0.2439562815952126
8.415287620372348E-4
0.009137023923544122
0.010922486571835109
0.013543228988454654
0.0052608545230422
0.07917496869443279
8.498098275655118E-4
0.06236784972771743
0.012807187124620405
0.07683774717534335
0.0571875675280749
0.03787731912509139
0.006687509869465328
0.0
0.22670068526520437
0.0
0.0852833821943932
0.0
0.0016202434029831292
0.04238819448630418
0.07701048355110805
0.0
0.3015359494913098
0.11770518594141002
0.001946983878537349
0.03065670909396208
0.04594409665796594
0.0
0.005057949537573362
0.16971932802213185
0.08920626861338593
0.2056019756056563
0.040151250622290066
0.06713076209532395
0.03109988144077587
0.013629040817764214
0.18168322331633852
0.016529458922821077
0.12196096175778376
0.04306088462512536
0.0028797690357934987
0.010000607930446662
0.28301255260055935
0.01996387273021495
0.020808154109056735
0.4233942489136647
0.15643798572342166
0.0174782249941835
0.14683502171814278
0.3642896755594898
0.032632569033246024
0.0064817328722323085
0.14102074542188117
0.24019281733484218
0.22605559282082577
0.008742248475723384
0.025111781442628607
0.14685815914133205
0.006757731728729553
0.05592907666999398
0.0
0.001282358479615854
0.01241100089745855
0.009770291067364677
0.08332328656261578
0.28221661279322824
0.18830445128771334
0.1754356360160738
0.05318061798894143
0.01849769188661047
0.0
0.0
0.07028738635645773
0.30857070337367687
0.046136584682744564
0.002049034217675692
0.13092977051281388
0.007496672101733416
9.435591422344979E-4
0.13377092270593674
0.008106912891769893
0.031766988389316214
0.0
0.0
0.004638498556248063
0.0
0.0
0.1937834609847244
0.004041956748334554
0.29272051942171506
0.0
0.0016234654948861288
0.011588340375216612
0.0
0.0
0.06548795600612692
0.0030684704315069346
0.2685567156066199
0.29558028212145865
0.2913109979670761
0.02807534679672322
0.0
0.001588036121448923
0.0
0.3320436113271936
0.0
0.0
0.0
0.0
0.21341995207544698
0.023029176360758154
0.16248606830369283
0.002845059990511294
0.0
9.505011509586286E-4
0.18518839496681855
0.02753807123997351
0.0
0.0033532092272842147
0.0017344225759574703
0.24092077289015867
0.04765991153942637
0.25427244683617284
0.0
0.0
0.0016091976433260508
0.0
0.0
0.04726725541045117
0.02891289556632522
0.015927540785712655
0.25365132597987683
0.11114412979908125
0.0
0.22093226407634753
0.0
0.04438572598916635
0.005919561875216298
0.011791934719925266
0.04000562331304525
0.0017912175964912415
0.1737422743500955
0.2030947187198812
0.05999432243743074
0.0012742482289425192
0.0033378716081307945
0.027909524767496963
0.15474502598300052
0.0017113753288965662
0.0
0.16242669535876242
0.0
0.09392720724804739
0.06351526520636096
0.0
0.04258259310653311
0.012974167838688508
0.03528149654158242
6.508824240203645E-4
0.17528069362161378
0.0028915217362425177
0.07270326717568376
0.1892684830843819
0.001415346293364439
0.0
0.1654190646799858
0.0016119703522877347
0.0146904508813716
0.13566512330615155
0.07085674296813055
0.27064451724744765
0.0
0.0
0.28116026571531294
0.20107325694473346
0.12020801209796288
0.0
0.07908527784730104
0.29586860978961027
0.13439526535721458
0.009108792522727276
0.0
0.1633608694507338
0.010554662057618912
0.0
0.0
0.027984991146280707
0.07545930036416035
0.0
0.0
0.009514982161287976
0.021083375437210908
0.0014619405377283984
0.11975914337019469
0.24722420290602973
0.0
8.846846888862169E-4
0.0013661380436695665
0.06534827302623648
0.0212068646602625
0.09650010875274666
8.695355527273095E-4
0.007623229595920048
0.0
0.42508902164605916
0.1496917790521519
0.1487698568560481
0.17743525722620876
0.11259134558193717
0.015228838132225725
0.00917901034706703
0.0
0.0
0.0
0.0
0.0
0.0018541151736236473
0.030210482869610027
0.46253864179429477
0.3895331268874206
0.4999018234657692
0.64603166040565
0.38136916401928034
0.49774255125524575
0.2608557912784254
0.15353643100985034
0.4719294156298714
0.593967051055681
0.34633165785817244
0.27892258922788077
0.740186149817556
0.6355593377611126
0.5204982817006271
0.3985502942504888
0.20884985329966532
0.6087075593921826
0.31315126130033916
0.3591081882570214
0.3371613050980347
0.22357864633763708
0.581898201100709
0.29513440854355355
0.6069104448348491
0.2469410319680237
0.1662714596682811
0.33983124995836106
0.6095342050382916
0.3137528492021635
0.5618178498892225
0.4134756027712322
0.3833350921759605
0.4657542170880555
0.2811517521977112
0.44576393774954043
0.21443744493691622
0.6980137672714969
0.2508970790119818
0.3584538328929743
0.34785040555823493
0.4571953547520048
0.7749434139312313
0.2970187027034076
0.4660372745032959
0.23650404039290496
0.9999999999999998
0.2470111295565358
0.5840060440597391
0.5181317795133261
0.6025902901667755
0.6560298075497781
0.6137474588072062
0.4647729902853781
0.2004931183158031
0.5591904990969422
0.5358301843045277
0.1801895271782561
0.20139573543953881
0.4160444832932412
0.33076108341069443
0.5766355391167798
0.527106013659893
0.3879282195064693
0.7065236104490336
0.5403205414594954
0.4009394205745348
0.4119110143352718
0.33408064903149065
0.4832217124986467
0.6048858051839194
0.4808402223447978
0.4813212995509258
0.19711785875675011
0.4345630684313157
0.4427285912783772
0.4112532604906056
0.3138781137262443
0.31799553189757124
0.7178564130829408
0.48787569086683774
0.44228812934214085
0.393707172020479
0.34154179965362796
0.3143959144377773
0.8321846685685661
0.4454873158955278
0.33127554350155225
0.4830883356445795
0.7168226077094871
0.32956923532325705
0.4323175486422261
0.12849567934597186
0.3896556751251005
0.2589088868440601
1.0000000000000002
0.5627765313989199
0.3382564861609167
1.0
0.6549939233001237
0.35871212506677763
0.31565038200102197
0.3271040842924329
0.6058170629369215
0.802319026509163
1.0
0.46164232409887795
0.15579649933348783
0.33159579488978935
0.6831170910360229
0.37611665337554917
0.2871705339890408
0.37644600752854734
0.565463204368115
0.6871991149983514
0.3160146558396399
0.37682207700330833
0.41039600054453745
0.630220878902529
0.10331630441184764
0.0
0.08963442518071539
0.2716295267869304
0.13481659648810412
0.5519728179319279
0.20328102569155476
0.4190914626433758
0.40351919860607177
0.4495550826091801
0.37737589325955895
0.3959667069200572
0.3190572442971267
0.13006128983806384
0.38353806992730677
0.5181514329313095
0.25464069052352495
0.3874884527519479
0.3566979362377152
0.2966088026086448
0.3919542091653918
0.6363101138376532
0.3848509845756305
0.40845228465654004
0.40633287203398555
0.45795201525530355
0.7949647573384031
0.24133066667348047
0.7455076620032632
0.6362188098627186
0.3678102921003671
0.5064452738936843
0.0
0.3645310457022151
0.8834176741223957
0.3930185400963454
0.5177459893142344
0.3407192180143813
1.0
0.40711244202952984
0.2564804546717568
0.4433886702186867
0.43418021353797626
0.8706138725725686
0.5072921346617644
0.27465597357562466
0.21192136149163912
0.03860600363521497
0.3022885087312554
0.6297808843112414
0.3082723460377909
0.1989945521237654
0.0
0.6691592188919406
0.6261418420554256
0.8051225414237274
0.5400565621612822
0.18838208058266737
0.03638001514707867
0.42240832838405595
0.7521988810895097
0.5827201719674283
0.6419624128355896
0.13806087153544813
1.0
0.2522865526238365
0.21480183384108398
0.6089475352071374
0.614156293835365
0.4213057498183501
0.26498232261430565
0.05257749241037286
0.2880308719417756
0.5508915456277615
0.23707115067064702
0.4070704933699106
0.6098072390919176
0.8385254833419232
0.5573866318297948
0.558590068466107
0.43645515846674743
0.21298086087459916
0.17955097044884671
0.06483319544947817
0.34016925908347856
1.0
0.7215422729244391
0.6928273038769445
0.5786867591063399
0.39042494748999523
0.18966439327541107
0.06532784376849508
0.7935407874294402
0.5877098530673213
0.4332754044293832
0.35201697586981806
0.8305570112760071
0.4768171325801899
0.09279434633115823
0.5062166415920037
0.4372042392079425
0.18418668174271915
0.42144351070387304
0.5901818752691849
0.1439331145813947
0.4478041438366563
0.6045939087240679
0.6238256195152361
0.9999999999999998
0.5968039230739013
0.5109126397766875
0.3592595396123631
0.8446929609619286
0.3182024780260263
0.44186937580251406
0.25084099730371834
0.27566667774039766
0.0
0.5248998783561889
0.6387584456801381
0.6183970683633339
0.8928795427185159
0.3632817030932333
0.6279636951963669
0.31065681622704583
0.18090349328932429
0.7520891949933328
0.7722860413463893
0.6205467679160548
0.40108712851041517
0.7997545520665259
0.325943775834867
0.4991708375620034
0.4962119442379327
0.5512619490754334
0.37872568085321656
0.9999999999999998
0.3441205233659148
0.566902889941266
1.0
0.8275501982048037
0.5952111735279793
0.2948016828611629
0.47520547618469305
0.4114894529606265
0.4808100381182052
0.34998608704200934
0.6241924228610616
0.6077818007651946
0.26759864015274654
0.16571685090050323
0.6794759735987624
0.1567060351418421
0.4657838659784764
0.4423638584346019
0.24066277236345351
0.44990573421959473
0.43152307497044873
0.5021128618087973
0.4020237832954285
0.698044592024878
0.3283503659826472
0.32008917470527176
0.5060145496851529
1.0000000000000002
0.5046226731665956
0.7015087978322355
0.550690466231782
0.6290554931795289
0.8229574375740875
0.24737452097101162
0.7878173817908085
0.21347032605412045
0.3907353625613277
0.6426996041962451
0.516759365089841
0.0
0.8617970150489372
0.4320627816982464
0.5641498746185694
0.44767778241631034
0.3575777668031485
0.1363566747196694
0.25419284053310526
0.42626985721570937
0.38248680406114044
0.7638365968803383
0.12743086214223076
0.6667027372952188
0.6578983111993817
1.0
0.459167806206988
0.35867426541180714
0.22909938771704616
0.4031899236985155
0.6385416866729444
0.6213072323968526
0.3764772124738942
0.632088555974542
0.41933621811338784
0.24129455432750707
0.5427452238803402
0.17853618521851872
0.854071169547843
0.3371535709859583
0.27415612608357015
0.6300219101565198
0.4580540162458896
0.452524001189443
0.1192098774785618
0.25732225882158083
0.27068265676247916
0.4253265489852055
0.40290525255552506
0.5206704961233858
0.0
0.03409379392350331
0.407340460093048
0.466752433357021
0.3296611383014008
0.1950556428608477
0.3419230213544028
0.2735380806013472
0.5438010623224766
0.577797161412555
0.5048801243759562
0.5728212991711362
0.5509430269056466
0.6068022355049496
0.04710935099599413
0.5710492850057717
0.3455660947228516
0.5377910575294851
0.3691657384498049
0.5375980582605946
0.2919055602938194
0.45152313182057097
0.4230868604553083
0.8928795427185159
0.32795896443809774
0.5421955703926323
0.34501707384147334
0.30426986050989374
0.4598110658875625
0.3669216559777383
0.45628272065680875
0.42832999788337534
0.39113242355532346
0.6812490665871557
0.0017517986322113746
0.45856435740562806
0.5009393346704578
0.5298425528680103
0.35492959433403903
0.17922607019984826
0.4039846733524744
0.4643544506361069
0.5043807792014808
0.39662205552436364
0.6715114694844357
0.46750495936727476
0.40298623589297206
0.5817996482029306
0.31245581512635634
0.3356334512902039
0.04475232864415821
0.8857108051139869
0.3824174463099662
0.2939461194854978
0.2825544413115664
0.6376916991341183
0.7102223126500168
0.40777085164445703
0.44278455795145005
0.36996858027906804
0.5534615175289106
0.30990384466654797
0.2271106807361791
0.7281537084119822
0.5150716141162652
0.40692070055119023
0.19462294268962946
0.20009678376270348
0.46182415067192245
0.6187679417343636
0.4663373305459118
0.34049797899358714
0.22370222244758176
0.5488221446396537
0.4917481968689048
0.46541223524093134
0.4257271524793694
0.8351797013505362
0.7910784521923026
0.4031899236985155
0.4238643061037999
0.6212604895082178
0.3262768799557382
0.6242810338686815
0.5765543208317138
0.3455090950989492
0.14767084309206294
0.21039952626627276
0.4480554939649484
0.6392575701592313
0.1888393853630379
0.6020850886027831
0.30859253938779013
0.6229546910105149
0.5211816585958124
0.7782600497346156
0.2490257526024343
0.5506531844025799
0.18516513002708682
0.41371215331565003
0.45874770469519716
0.3730838791056217
0.6077828342023985
0.23824423295324013
0.43012851603100055
0.47633280071941025
0.06941917235702168
0.47472350965219945
0.47802211124695315
0.28473776632427045
0.41427426859598954
0.2628039674097471
0.4395586941381331
0.32130730851083283
0.5482656442560134
0.6707801294577814
0.5932800452543258
0.49497240115312097
0.45628272065680875
0.4541291786619551
0.676388370880028
0.16796647215004207
0.4352638592776182
0.49715112706101555
0.040918876436526176
0.26084916870218555
0.29833632144408406
0.3988312980215868
0.271070970586804
0.4722252952386807
0.5424576870661382
0.5039201024552099
0.2600762175670619
0.6317664047504983
0.4853386567223745
0.2308777433703196
0.6306063170259438
0.2568381038664546
0.35464670475205723
0.3267632140300995
0.37234457757600914
0.6458386360601199
0.10586775909948089
0.39572598245151347
0.5043627380405233
0.4118043054875704
0.8708361192119163
0.7716031415013522
0.28612839401832396
0.5384110760124572
0.3959453678677563
0.15114450729245196
0.4283953160210811
0.4865351131960249
0.23389215658807858
0.5252253712136767
0.4198858228710342
0.3103240163446873
0.5625714301527588
0.249512129468391
0.2968681734734025
0.299661038420354
0.22268432495012233
0.22725951068514494
0.25621945900036786
0.16978097318779187
0.3892926828349091
0.8156053228528813
0.5269229255956265
0.37789114480529995
0.34725085813597406
0.44988444839390296
0.26924726357701273
0.3843779844547396
0.6493715170220055
0.236416972943262
0.5482701807138519
0.3502226861545414
0.6530700455783754
0.15878911665152742
0.22137183654461512
0.24570139265133625
0.38234915554677135
0.35513448184500074
0.4325579185018538
0.2060898301438971
0.5464547125999116
0.4177888435223394
0.3231771997904221
0.5278158519965837
0.18769461049408753
0.2565619573056453
0.48490080681291947
0.32283344997606356
0.31843095470468813
0.4557419459586066
0.5457567467222485
0.5482075495620707
0.23004743555821716
0.30898962972133415
0.3155886713751449
0.5654264054430713
0.3935378575577296
0.3633835362921415
0.20845878252010347
0.41897971096724745
0.0
0.13261233675214484
0.5496003947636272
0.39489748894102855
0.2618507586536984
0.5544152854192135
0.5023168636504405
0.49707734414872284
0.7652970668497114
0.18558009833284256
0.7855924345902178
0.24469446368807293
0.5154318084906322
0.555495738566781
0.36684884070134594
0.6733095638496865
0.6324440986071745
0.40336789482749996
0.43593797089879777
0.24101537696044167
0.39574640367031816
0.3184129982391603
0.5747840810008846
0.5360268314291173
0.18836368656902555
0.3812207162426996
0.16426451574424725
0.22507591917545727
0.1908962816799839
0.4175971210815706
0.4521889183894198
0.7168911016332249
0.2679642001362523
0.31284815008385525
0.6105020698869147
0.31512117854133675
0.23542828670324514
0.5845260406020713
0.3296681958774499
0.9287379935498824
0.33816625323648564
0.27944758142801834
0.2763016506068034
0.15734318228429664
0.2083891923490886
0.6278798361521924
0.6426996041962451
0.4906160356934778
0.2271395994204623
0.2807145929566775
0.41651117730054554
0.393218032460479
0.44238214105526513
0.38304301091224907
0.5006186850286171
0.5440674862523822
0.4695800903607386
0.9554985609587305
0.5438881759983881
0.31247505246347496
0.2481438995012661
1.0
0.41856543823070425
0.07621157959803054
0.3714008650929143
0.28280243248250436
0.2877716945614553
0.5577848549627233
0.5514559027558822
0.21281536970248258
0.18216020525002757
0.4390342808330678
0.4833536776252313
0.4289661361307466
0.20568389541554832
0.8271849468679348
0.5332344429032732
0.5051774151068924
0.2920222410612493
0.425512981965206
0.27010393383225456
0.6517291125565873
0.46003680085812604
0.5446001279223247
0.453536401434888
0.4683991468305513
0.41752301065430275
0.5018077098304985
0.17499068440613538
0.7160964372545957
0.8683465514819435
0.30567100426376204
0.6107813310756017
0.16524251763397665
0.5137337263308366
0.4844091505595018
0.4682902636396938
0.11515649020301869
0.2937814543280337
0.49855850092238946
0.29595988156358455
0.5023703868606844
0.2373562104619217
0.4372042392079425
0.44058818676639816
0.6551879654493464
0.4731979069867679
0.3184286992644734
0.40742059780302037
0.6362938296003509
0.3009246741279555
0.639465778063081
0.6387584456801381
0.7139529973416876
0.5875300479135629
0.6395221206309051
0.34377626655537497
0.5245955762567254
0.2389843069453654
0.8118987545749208
0.6123549725135051
0.5152899918129493
0.4529209701276423
0.42352828395271247
0.1634604113499561
0.19219038915884476
0.3063731602445318
0.6736408841721292
0.3951358826344858
0.5000047736196832
0.44005822716150755
0.2559780877392422
0.14495528825396845
0.33372231463615426
0.18016661157286717
0.23771502797792537
0.15692658186738706
0.6230588953843322
0.18570923615572082
0.9979511765508187
0.2869056718340838
0.7957578447264384
0.46290279168629883
0.4175571614110617
0.6158449341713236
0.5539465068055368
0.41673532870300495
0.8427543347943848
0.4124003224029515
0.42199869477163343
0.2514473072712767
0.3286424174949167
0.5534497847717091
0.6819111059398747
0.4707264291561198
0.2725808995313217
0.5015897520623632
0.2191180363910125
0.34524726665184524
0.0
0.740186149817556
0.2904062192873016
0.2813243336817436
0.2512158845716202
0.6299757915244686
0.2678637975849252
0.4635309530234912
0.3602404570106233
0.71406460675637
1.0
0.6699320170910745
0.2323090871609466
0.6387584456801381
1.0
0.7314028937771772
0.38837199444580933
0.5119111420565088
0.4168114567277254
0.30948190328107944
0.929478857086096
0.10939734003700397
0.38241239280393025
0.2726942508012906
0.9999999999999998
0.34505939963506427
0.25270346717754444
0.41704665532214497
0.39437103836733756
0.6701914457083994
0.46552835866377384
0.2040855354842792
1.0000000000000002
0.5701785326834106
0.19763895101722845
