0.7290995527391994
0.6532786722954294
0.42220449997184123
0.8716217204075032
0.3364740022725872
0.08367961047535785
0.5491661313156128
0.6358376775960336
0.5036300682145679
0.2803194467185992
0.542125313187528
0.9422189450046515
0.8376692207650355
0.8153281241760529
0.717011181581557
0.5464250733703274
0.7601067111098609
0.33264373604599806
0.47873697071131444
0.6821688468294489
0.6823051832825551
0.3389036661142434
0.30201955931402635
0.08504539138497424
0.2966341442099438
0.8239391181818814
0.5992742835839368
0.7468138923222148
0.5378641392781278
0.5929544102353315
0.4452059278374795
0.6636393710748414
0.6488803852982548
0.7673636167069428
0.356119764044181
0.3917505973273233
0.41639315706849406
0.3344650884186004
0.7766874143797101
0.49468768615679476
0.5627239476361761
0.24462011432312644
0.7936429292674934
0.344703151367114
0.6639220132984315
0.426928293360753
0.7971729805493155
0.5060292847805155
0.7892990747654882
0.7809142253866971
0.8375890307255335
0.6333907473402898
0.8384093943207632
0.4922867838640957
0.6173939411299039
0.4028999678623357
0.4087618346206228
0.35021291319855485
0.5478080229119686
0.4469273768211836
0.526276013920834
0.7532017181169629
0.7109790097204632
0.3137026441755099
0.484101029519136
0.9120568670073466
0.7658096256933952
0.502525605293624
0.6537783182892627
0.7643549898241095
0.6081462370504023
0.436383447483265
0.5398957193986731
0.4017226888401657
0.5291974058462489
0.836387882411642
0.6471340636574806
0.43296287391240457
0.3589788678793881
0.5729166302701483
0.8121702693051901
0.5057595398568797
0.5799028538248928
0.4743715216590005
0.8242734734748874
0.40340331908766347
0.20419648260598125
0.4853685529339032
0.364097612628865
0.6409676798747886
0.7778613223080127
0.6297629135677344
0.5189670852805301
0.6859379961977556
0.3548202737711175
0.8298686974287541
0.5848177279880087
0.582961624160269
0.5243425654853894
0.8866539242769037
0.26330171710666034
0.46674654284012146
0.5241794908897873
0.5197673886568918
0.8986264819450677
0.564321836884627
0.7377195767422293
0.5927852793015519
0.5122690457174244
0.8844291319548548
0.7840799999833807
0.6729635430878136
0.5585473842630296
0.394138119280849
0.4610139669668701
0.7079545308811984
0.8495773653654008
0.5170630773238692
0.5308601101592495
0.6260473037482969
0.06116934660652979
0.7696912914980539
0.345884087865979
0.4990874513024269
0.4817009883764557
0.5254163852457499
0.5147923480484113
0.5446436809972536
0.727445993987401
0.22519183517946734
0.838322544338117
0.6871120401056121
0.5492281223144639
0.9053993092265276
0.6840170342828027
0.5128159217113323
0.6228552509007212
0.618370047770219
0.5841454221232544
0.3715173086078326
0.42054054215906544
0.6152625191236056
0.6330453577077231
0.7293241377478984
0.6811602443348012
0.5909774162644036
0.7324168431032044
0.6904692998225719
0.47355551492499176
0.6317603140033886
0.8752063716557292
0.6571399710636289
0.8585868046680702
0.934402977284138
0.747406102180438
0.40738662636738454
0.6264018971216592
0.5048049026311601
0.6341253670157848
0.33606983069150037
0.743098110287943
0.5678584474418843
0.39713627931334106
0.5700240048783527
0.6004009110576397
0.5749816310030046
0.3999795590834582
0.8134103049464558
0.5791754652617532
0.5336237426837506
0.7765080940479254
0.579284678833589
0.3836931236648179
0.5311830344164438
0.5174095992166129
0.3814009310334434
0.6588305900201521
0.8665937863397833
0.350248946085304
0.7055867435113444
0.8457946908475731
0.4721257609475043
0.6174142125926722
0.7553469028232239
0.19607332335136374
0.732004678132853
0.7843914294058778
0.7512312795935594
0.5678570615956458
0.223977479932581
0.26220501860023576
0.6877249619246574
0.7104779010855454
0.10874981526843341
0.868605121805773
0.2491711277770156
0.8430732726326834
0.05162813156710236
0.8735431374380447
0.5851820532977683
0.7945940303023782
0.9610911318600805
0.3000756556832863
0.39455342996525494
0.49547584851598514
0.2692740348748768
0.7968585620833197
0.7216481857732696
0.47915520701074354
0.728754815818434
0.27768149515968377
0.7582796376945795
0.6440047039937427
0.6388269486270637
0.476379329940862
0.7233991786626317
0.7252883599548949
0.7377632124280948
0.7767519997113651
0.8103291403203617
0.6692880637012878
0.7984772571365156
0.8468579524729168
0.5879090112872063
0.8559077000176877
0.3631670082345752
0.8401755569375644
0.7662383292330339
0.22884798042492766
0.7081799600823929
0.4043112988927811
0.952534093040691
0.7155373128465812
0.7842314328318664
0.39360790372527055
0.3848527045855484
0.44057302993302644
0.9316898252303765
0.6281200995091043
0.7741954686173773
0.4767285901102984
0.48290682728721623
0.7879633157568087
0.7099503468290087
0.6212609674442375
0.6228521169688894
0.6631074174045531
0.5254164582481562
0.6312977769034694
0.5583512181605395
0.7296737065636124
0.9327421671634388
0.6210005862808107
0.2039898835497392
0.8396846651356117
0.5889178801037532
0.579765390693106
0.6078753952228215
0.6596830801251582
0.7189831560528321
0.6073822816588392
0.6036173275439357
0.6364232983798495
0.6415665457292208
0.41015867188313776
0.8580976946864342
0.6359643573251975
0.6876870452189342
0.5575874659201466
0.6309210059333923
0.4904991908908693
0.7432099816386226
0.1265424979172528
0.5670611107214777
0.8016989883612781
0.37470827623473724
0.6251207063967088
0.32956146823503196
0.7947728314845387
0.4656723382639415
0.7581276181830854
0.725909028716969
0.5540267757719712
0.4777797159587051
0.9030231453813189
0.7555904336386344
0.536175822176144
0.6929227186189227
0.6964750762223989
0.5978432165350128
0.7977032413165033
0.22059989296991797
0.7640304927977895
0.28067531803643386
0.5393779797817071
0.7576033619118834
0.35734733162918636
0.7457908305341248
0.3965750129733403
0.7043776900725789
0.494435623411473
0.406249742818186
0.4115019147938617
0.5470593797724029
0.479132515177943
0.5738148336514229
0.6560973549951293
0.6971490781398584
0.6797736208860199
0.5080983206043697
0.846488172028124
0.8050461707868677
0.6326135025381078
0.41076394012213574
0.694227824403244
0.5589868765206941
0.6216663844264215
0.5377931778898692
0.46771751935433964
0.4988526365596538
0.2338964418362016
0.5666212260531731
0.8697568693740546
0.4811638396874684
0.5744404693201449
0.38636108206481995
0.2982038069256751
0.6616230982885132
0.553566717406045
0.26765069199824565
0.5928468977295844
0.6901980794391406
0.5881935765921728
0.45472457911008113
0.4972227548151821
0.3115749079618189
0.10273982041913472
0.37287726979858293
0.6193676385685268
0.5191302537580811
0.6787264892310819
0.6699762048483242
0.42537313829301965
0.07560585530615059
0.506994657589031
0.36986086864857537
0.25047366720416253
0.7126578568821292
0.4292366262752223
0.7170223590381338
0.789108129318696
0.22707500655546792
0.3203489357573812
0.5636344471447781
0.45193403449591013
0.660003908901807
0.2821269497623689
0.833868658847951
0.8125325401655388
0.8292887080248446
0.5085232506757975
0.6115107359993939
0.7373926814210141
0.9105770040681092
0.22648012805082454
0.5072239574382124
0.6724058468046978
0.5354991081043541
0.745187158651306
0.7875223545048705
0.569907449676129
0.5240358836907512
0.528826183403181
0.8967844649006701
0.45978220941567144
0.679155073260896
0.5574270110049773
0.8268018084125731
0.6739145836935023
0.543870330667769
0.5228065233099353
0.4963751345655828
0.40094104131583647
0.13806465913251045
0.6666918414107105
0.7617402380746953
0.3782929735449558
0.42813855962998254
0.9710913764201196
0.4169687118423419
0.7597259926237897
0.8319557683402767
0.48190566394071066
0.4697657785262064
0.6292293904229662
0.7221126518008467
0.7306596938451421
0.09436555419852546
0.7081149432496924
0.5456516964708085
0.6042794761018911
0.3486457328174953
0.4597593416815832
0.39812349011368225
0.4568271434315538
0.5062763395868402
0.7168856453391973
0.25499090241154576
0.463909246470295
0.5109007675717055
0.8386599161164638
0.6929366935516541
0.8669578449416918
0.6734441973516834
0.2097727055729467
0.47913919154528734
0.5433179769384872
0.9520382095224895
0.6357582766375236
0.6323122950129061
0.7077020399844661
0.17740437103212348
0.3170742224205832
0.3913763347027703
0.8542262500339087
0.7877426224765613
0.4875102151401368
0.3808586133988044
0.41377786902652397
0.2600697616251104
0.6939134809441954
0.7360665069264449
0.5562782505049867
0.7793178687527675
0.5155320292135878
1.0
0.41111371258643087
0.7157093041857207
0.5849569061928773
0.7680393079101588
0.39182459989644863
0.748236966115478
0.9667100552340626
0.3417501174920456
0.5749488223299809
0.26943706911815074
0.4661431232233537
0.16073177889181772
0.7480880391595466
0.8362531358134924
0.8591660523816772
0.6872227285200914
0.7087284817654952
0.7015085879623953
0.4838997011879175
0.49918721286001827
0.579714384787349
0.5972957596229531
0.7297426777163057
0.7807260934451353
0.6423689624547638
0.3744467760102905
0.5306896676359829
0.8382938070959778
0.4425291538539263
0.894545881352744
0.15781176058278124
0.8773059757352623
0.7591075606065039
0.4534968781801741
0.4214067993724545
0.3209697112769236
0.14925645370672883
0.5890274266947474
0.49388030332444005
0.05147351184346538
0.80386914041035
0.34551145081372875
0.7441740962031591
0.45106685594732165
0.33135639673890444
0.2387627093773631
0.595312009260821
0.26167579402581753
0.47467200298097356
0.5706041195362992
0.8632354741438467
0.5624808540744894
0.5612539094629008
0.6602166565919086
0.5333916173531437
0.7119756843075307
0.2236056307193006
0.5902795366456327
0.49456435819200467
0.4806666368803012
0.409313002371207
0.8167080697719542
0.3442258795355105
0.3849432912860952
0.6967358960234648
0.5696973429402516
0.8762768904020233
0.4390867391265373
0.7573928283412029
0.543939880846298
0.4365196706731143
0.42374305596912
0.7828553057861525
0.46239394433657116
0.5344886587999218
0.7469095089528317
0.3090856803432058
0.6808069655396394
0.5635459245324326
0.7494716341466158
0.2542390205640656
0.6201211040591067
0.8035975301373993
0.5127553872664994
0.4128404044234267
0.32341092091838713
0.6713482641508842
0.3518778342269014
0.7360589387353079
0.4850465201239092
0.27313278815100817
0.40594921993070476
0.4799871964266626
0.4076843779862437
0.08633520522828493
0.7739002670495807
0.6936493651761035
0.8508254233834378
0.574068461115801
0.36732588073251465
0.5914114759317883
0.8578254472669986
0.7790541746012966
0.8014170348719348
0.08531359739769814
0.4362512115320549
0.4462615425491217
0.8167421976567537
0.3686976127959731
0.6137757445503286
0.5705541330595645
0.49853295054582497
0.44511436879511607
0.5361115928137038
0.7917171797961494
0.7393440246757832
0.7824140256915797
0.5842650270505332
0.8336823099941145
0.5024230011813964
0.6065124157908882
0.7648763870000181
0.5775464581140041
0.7812469358674652
0.8409804603729945
0.7883745406863538
0.40081983734303617
0.5993528069971015
0.770636187441125
0.5165230859491896
0.5378515846233625
0.7436674439783578
0.5562030316040634
0.4931869340779087
0.6220839282652317
0.5920023343652033
0.7549538508525035
0.6312997719568252
0.5387001186766929
0.48720842916160173
0.3280223764999222
0.38647618818555834
0.7497553267061504
0.8168734020553355
0.2345013181671649
0.5032867325742978
0.6938605503973909
0.27636613642371877
0.4993682076172385
0.8292074790759516
0.7264110224266817
0.7083595628538281
0.6936753669910307
0.4683802102370095
0.4708552579245453
0.40498194663077947
0.5178143268049188
0.738586398437126
0.5893292214628253
0.5422655309018827
0.29001143893350395
0.4758809249025222
0.5796551875071205
0.570741471180225
0.5662845043223508
0.5227391976599346
0.3842124219382521
0.7876870924971345
0.7722921818969899
0.7102275059365691
0.6700186802642799
0.6460800026898738
0.7484107408680623
0.5883616665456205
0.31500787051270823
0.404063030619579
0.7317256985173775
0.6625593477884056
0.5821338750869446
0.6357818132333285
0.40104285065632406
0.6412162806327065
0.472865389291624
0.49149608861561545
0.9055216045209524
0.7262942608495243
0.10462820215835764
0.8269357684115458
0.7392497867945631
0.6577939406878293
0.5956379165917695
0.5783815173252811
0.5092336618987756
0.49872487302590607
0.3786033290732701
0.40330738178044623
0.31646950965856485
0.744560953920825
0.7520757340447208
0.19760989669128792
0.5670946799381206
0.7043014602674029
0.9177628179563221
0.8141682268684709
0.7412216649544889
0.22798882706674212
0.33916006527743536
0.34155949727756607
0.8334229267156334
0.5614380298443329
0.7192596615227973
0.4897618310205365
0.6970358997667714
0.48976515869417914
0.391386449377232
0.5869903269915154
0.24982901406737926
0.5059196003979107
0.5249947985657769
0.6655954591685015
0.8351354590762314
0.747788462634014
0.2817165090782514
0.5227346495685496
0.6185266411548029
0.613936309806728
0.47671298689293706
0.4047709550090472
0.824479496894708
0.6068436328247863
0.42195764587437107
0.6600434411609608
0.6791956926909815
0.44175942843841537
0.9280292013445813
0.486682796012142
0.7548531492998195
0.0809613329037652
0.7612446903265337
0.5343497095021637
0.6802139263229751
0.43145989305494126
0.8022523054568734
0.6244704123084802
0.2656119795914634
0.3845473792096302
0.6494062840953286
0.5795493731280303
0.7621887920837764
0.5377553984353736
0.6677724926401981
0.7032565412074124
0.4229425771067255
0.23175534910997336
0.7830597663296016
0.12808565993171533
0.6924396852032522
0.6408368160056412
0.4646990913827951
0.472825785620335
0.6816075938428388
0.4961810720443804
0.3841950155132418
0.40438379686362896
0.5077923030955144
0.7451745515977126
0.6781430629491737
0.45319882911473913
0.30438252899790613
0.8054939808250667
0.6703884303204445
0.12724838981531675
0.476100986801657
0.41606464815100647
0.8507105851895856
0.07536004595021889
0.4742335536164673
0.7039318920996601
0.8406917095648633
0.45127073493056147
0.561876460859276
0.7120136449188599
0.3771517061236842
0.619937920730243
0.5769452997363348
0.8123033371744852
0.578790761431253
0.6926994728660111
0.7983893898050004
0.6368853414871068
0.4818760548206226
0.7729070870778372
0.39788787120969255
0.33210423073846224
0.7562759670801003
0.46586987770988514
0.7981288465038222
0.12430519887992537
0.6077073085865063
0.3802164877241435
0.7394256204153941
0.5371153267463302
0.2608908687292576
0.589758271898625
0.33407058333495865
0.5903061909574602
0.642707926734739
0.5166757243456874
0.6904993125141682
0.6906998376114694
0.7757622796035972
0.5770395982149777
0.4864287940319113
0.6571561925759619
0.46307666934025327
0.5035558023600858
0.6537909749840498
0.5511463790002192
0.4916890198346934
0.7247007577937137
0.830070407120886
0.624209836319374
0.896236522104734
0.5093149362633455
0.8749237864504766
0.7596209994775389
0.7872985467072737
0.7758212922683003
0.8035421027625016
0.7355452540198889
0.7700626386510612
0.6058447933746237
0.7700626386510612
0.5760840015711759
0.5925039964262687
0.5918639434152388
0.801029721938169
0.6440222543923384
0.9070271377201126
0.3024281517942741
0.872650481920271
0.5365456932874981
0.8067965655430829
0.3975743166683364
0.7264339957277959
0.7657483972554721
0.38547526240133834
0.7264339957277959
0.8364613373855686
0.80764127425479
0.41596498456753267
0.7282338036190855
0.8566423224755266
0.718491673429711
0.7210342555636561
0.4741193455393842
0.9185644836608807
0.275775665960714
0.275775665960714
0.275775665960714
0.344933843523626
0.344933843523626
0.275775665960714
0.275775665960714
0.7228000686563635
0.8769409042945042
0.6594827682110161
0.9033462676907983
0.8622761683130297
0.930910841592774
0.8253669844063767
0.8883192163577713
0.5914708537560077
0.6187843554586852
0.5145807868779273
0.5009336270639867
0.8521382827111874
0.5513287661706533
0.6038113865822412
0.5386329779180689
0.5131685150059729
0.6844328983800925
0.8669375937437538
0.8503111809480154
0.7270365625873066
0.22538136594762537
0.8755281346285396
0.7052905279592183
0.24841166049331767
0.2846820526910275
0.701816147918161
0.536924794126264
0.8018708798314275
0.549324753899579
0.7964124828239586
0.8913502474320888
0.8843688831696329
0.5318505333752052
0.6833027529256361
0.5051166829477445
0.576055927532019
0.527585155361727
0.536566784270586
0.7645630343655924
0.8624118015791987
0.4074441475277014
0.6575026551904593
0.27296288423440795
0.7929266189780606
0.666201662968405
0.5391111644447123
0.6858279178833654
0.8105299360758316
0.5232435257169936
0.7474615442043228
0.5909906855661503
0.5565946104091021
0.6761102664092117
0.25499193034508416
0.3782680307125169
0.4359368779143542
0.5814057962538887
0.5722124918559719
0.8483612658444912
0.44428346799926516
0.5781520169182208
0.7526550149517506
0.5394015054380326
0.4597219818710087
0.7306971612564175
0.6131692875725336
0.5740902598446347
0.7209000474742452
0.5847360297101448
0.03265120172905246
0.023453446851783265
0.3254368423169467
0.028652194007371047
0.06408923038540269
0.04603546819161303
0.06408923038540269
0.6706333694454004
0.31561022445846293
0.23649955747706983
0.5952870159488303
0.31561022445846293
0.7369109052977129
0.7064809148370856
0.4643740354193495
0.7890245873092085
0.22628241633144153
0.24592275927087787
0.33947182289055555
0.6217766014653001
0.49789237796355135
0.4385484407072685
0.30502151919110526
0.7026923114741424
0.6096274114628651
0.512675430345026
0.7450037518063418
0.4595814490555287
0.4327329334151907
0.7450037518063418
0.7082108366904764
0.6464031753574178
0.017905135626121563
0.11769158929191764
0.417598221633862
0.5217440713431494
0.6692402945835171
0.49075879502234593
0.737282782284318
0.07424986732005091
0.07424986732005091
0.12879115384738118
0.26448293271121687
0.295773292231313
0.5886956530579166
0.2447879223882812
0.6881353204672112
0.8498458095632758
0.8019487320145317
0.33151668091732184
0.7304103731889185
0.7113170867937377
0.5346207387113248
0.608903181268606
0.7332317088826779
0.44640736075541415
0.7207619941828619
0.040515006621173015
0.5773456469606091
0.3154922989199801
0.34898372041859493
0.20634503208049815
0.13602299493506484
0.21686159345771247
0.19806978752040172
0.7236901587614053
0.04220253624169456
0.04220253624169456
0.14235134595499419
0.0355989998671181
0.4077599864247944
0.7560022153496203
0.730363086986659
0.4195649652233159
0.29330282721196027
0.6199358110213248
0.12513405862273652
0.6574688560917056
0.702729170311517
0.07715568435500471
0.021969106701861984
0.390397155721502
0.5840385824857357
0.828904379304535
0.7979366365163386
0.5891450860434211
0.21260249821102473
0.4873173446378948
0.6644742714237666
0.1665163527044959
0.6035343428397839
0.6799508349404749
0.536691938269144
0.5593049735839852
0.6421081271118859
0.3092609751087595
0.6686455030741916
0.2712886538370253
0.6775313837183257
0.4440602999108359
0.5212283947084514
0.7358717245145667
0.32580906632002543
0.5447279794120553
0.41749560495993415
0.6375919076538562
0.4666084725951997
0.3867696080458487
0.6562654917939028
0.6246051534140399
0.3642051783235981
0.6245181635089517
0.6276074609442747
0.07741057381905271
0.27734475395393354
0.45285999910075986
0.42597988132575315
0.38186504269731647
0.30561233333462423
0.2340964537913097
0.7803584475664294
0.4030003494428232
0.34362579997053794
0.7126746766383527
0.4635983907878907
0.14086898623159913
0.33572863400649033
0.6290772478038508
0.5219654047824419
0.701338198848588
0.3747105823865729
0.6521889958899412
0.3872913462649184
0.7836085635089248
0.3168778698995086
0.30137275109785616
0.21460253755697084
0.3184005508786298
0.18069232641079122
0.4995340483613088
0.4785918881446728
0.5952426745616454
0.45998629287860743
0.3481946728978562
0.23490672968562426
0.296449462067681
0.32289892802032644
0.03643922887002946
0.46952170881824645
0.6904473501354002
0.7688266514979307
0.486215086840688
0.18044800127671076
0.5229792199395862
0.5076819624488204
0.06635803745223347
0.5298668961242132
0.4251834734873492
0.02149794226988425
0.6216076585689998
0.40443829623766336
0.20827397773347056
0.45478416713770287
0.2524528711320575
0.6594711339786643
0.6558316654223079
0.5509098033464181
0.352787257358418
0.39119745010826135
0.3744374453294562
0.34581744265047987
0.11196546109266382
0.2649587476309085
0.06146550246069339
0.6204180600765866
0.5994228250150383
0.6335064170339669
0.46387547504550464
0.5929354066731399
0.06625590035504829
0.1188060080837991
0.5757115119333801
0.6620129860083722
0.42882954521377614
0.3613257292193481
0.5247849807411215
0.23301543117543397
0.10603322985428115
0.08941919131472004
0.43341726032644196
0.26013693739346466
0.6082058402906662
0.32581675525515336
0.49842874294631023
0.15736656033936947
0.19362054293214878
0.6111512942183909
0.6387955025342454
0.3650127555884703
0.18591065383076638
0.12442012957944987
0.7849597029957797
0.4668099872348405
0.09364393889604557
0.19264530546471212
0.09161007615035278
0.09161007615035278
0.12443321693256856
0.2422900229260006
0.05647287112432213
0.08559077039977589
0.09463557513252599
0.27889276724473444
0.4642651937843216
0.3971019938728269
0.5004770781383493
0.6154888648460825
0.5267336560163097
0.6506488246649231
0.3259460116339878
0.17631042144584153
0.08857582843139941
0.2703586084827223
0.28229813790960373
0.7081730283372807
0.5164435920073287
0.5035488068437787
0.14260746894882886
0.01722185057249875
0.07645448172813715
0.28791918319902504
0.4187490631130705
0.5425487017830387
0.5068629914428088
0.011555081432487471
0.016265992850415696
0.05523208736090697
0.014537850868256583
0.35076138249781835
0.3988355846924633
0.5710480805972816
0.42783013042132373
0.44760266749475913
0.4113256334030796
0.34599301082522776
0.12706076520379803
0.0032052644613651295
0.5457665744650395
0.040158546023894494
0.3577310672462461
0.11522924623961864
0.10340689789379445
0.05024619029227459
0.002252911432712164
0.1407995856008357
0.292036217208395
0.1771976475135863
0.1888873585971586
0.07756712889779327
0.14862892595043825
0.34205905396050656
0.2325355205171426
0.4590802840466178
0.060593315695430514
0.1540708096890951
0.024846741302164597
0.44051843954127634
0.519117388896086
0.3555106189645797
0.5566295522975679
0.07056339774201904
0.06122049060929387
0.17005655066765651
0.6686626196532378
0.060070790879010606
0.16845818197931706
0.04056855893496764
0.4040280993267476
0.5102363886852931
0.08179067303136711
0.5649770818374896
0.30855813089210443
0.5633390008721638
0.03727748850197295
0.6481726271537034
0.44387917075587746
0.06979456540645698
0.17888052804429116
0.5748628768706762
0.38963400943061016
0.11544187551466235
0.4375035101319552
0.4107496214662956
0.3813742509161236
0.21024655627499111
0.39547149431552503
0.5415639294212304
0.013512223126333952
0.37630095262753005
0.09145908517937291
0.533041479295611
0.2473665274612927
0.07828375193311567
0.2916175908111984
0.21160623271467738
0.12638776080918032
0.021751352049935037
0.16547502576197873
0.1615984286866617
0.5445801680440608
0.7486527901490077
0.3709362303641543
0.5006082352408103
0.20260274737524947
0.42476776849708736
0.3230217114098583
0.46212253393970565
0.37286843838979655
0.4498808576501416
0.07736634846049777
0.29455014574648714
0.2067743726884507
0.2611662779181709
0.08396916016715043
0.5342733571425802
0.14768302591385396
0.1558004162702979
0.10435599856389428
0.062159778574443436
0.05730654111633284
0.01021691698601679
0.7267191209355718
0.4060745393281866
0.05195930384560803
0.2544176972621416
0.4465757236457126
0.28339491470363987
0.35494461808509303
0.690246948789635
0.37519199757944555
0.4616042584629641
0.28654844624995035
0.26261848830245155
0.1911714586874893
0.01708048275366025
0.06589658796008498
0.3642604046201297
0.0067608075905004695
0.19994438240526372
0.01102335359352531
0.438331365432928
0.09768792710663537
0.138814334478471
0.4955047907811976
0.0418546054986885
0.35348390442556493
0.22375123220662158
0.01342416584758332
0.05747286505933828
0.00738042501452415
0.4982145229484474
0.4472443090233763
0.24700199832738776
0.16101628233743917
0.18726498014462623
0.3571116280711009
0.21048646184951983
0.5282379736610758
0.2411311733556385
0.030675737321219653
0.06563139422610734
0.021659498295399808
0.5309503330669446
0.048888059301697026
0.3653884441768045
0.13616351223376583
0.2588507168924082
0.7297896993341135
0.5280356422270437
0.4113480615274061
0.08832509465160752
0.4282804729075829
0.6200300775270164
0.2569092569896919
0.6596805951777629
0.0392386578080094
0.12190125881186752
0.3765229441802485
0.4185540800937249
0.1582948332200275
0.0036705603276575923
0.04422424021023045
0.07789040694350326
0.4161842873127355
0.4825066548045836
0.02257362401058774
0.5963575667681802
0.11135259002215175
0.14409629059312756
0.06652697075445603
0.0023672574631183477
0.1955255365311219
0.09560546109460913
0.1292253522285771
0.3237571861920458
0.6018474480500521
0.07820442692716427
0.4352654925268539
0.2602933051530047
0.6283251254139246
0.36253589512630385
0.4339573437586378
0.0031625795343964984
0.06864582217138436
0.0798961780055865
0.0988564036229813
0.014613945384335495
0.059906743665095796
0.0884208447044163
0.2446770672571882
0.05245220627816211
0.26488289085255795
0.1639628974368124
0.11823643195602766
0.016214774293477438
0.03625381908373013
0.30116659820048425
2.576573773117158E-4
0.26484785718238674
0.010585051659819317
0.07330560189570402
0.09057614372143599
0.1592630047207284
0.05395152205399423
0.5986305725819374
0.4235479592395429
0.006073787488871764
0.17035820078137676
0.0528997711887583
0.058202980455827544
0.014287568724789756
0.26611647452913517
0.19305394217836633
0.3790518172120432
0.20689063465288682
0.2567832392058301
0.19237924486489938
0.03595990216130522
0.4172525326850875
0.27759697491059565
0.5130018632795956
0.1216848284386345
0.00786745219887667
0.042029250836785145
0.33621012864825134
0.30227776229403763
0.2546300373833998
0.5512308760576196
0.3426067419535739
0.048779179848728184
0.2580552936065248
0.4679700103731682
0.14572983797935882
0.02814183145468944
0.3331346091447779
0.5508290618257535
0.32970832472378786
0.08548515925114533
0.12319251725276448
0.19449044578058958
0.06419733562918963
0.1971481155458217
0.2688144594407148
0.0022500961345120305
0.05558488579384835
0.15587244644558101
0.20024678876558993
0.5444923378672336
0.3793000815403066
0.27911371608216495
0.14718794906650426
0.14560308061350874
0.08313084409408851
0.053742027118580095
0.3184582227990407
0.23890384138682946
0.07779390361049632
0.0076569708675030546
0.4462065415920728
0.05713870656005738
0.06563397221401938
0.27916053309409167
0.253133339298148
0.0849183302505176
0.0017011123866129425
0.09642108976911569
0.01175709555235352
0.0892760371491216
0.0019203042316724508
0.36787427438939524
0.016173965299849928
0.5976925992623351
0.037044969633303414
0.1293241910589422
0.12476066364848072
0.1785891755545661
0.10280195654809841
0.18756194984362778
0.025512286507772618
0.32574506332892095
0.4061850432854803
0.3976167559319415
0.2537163386600749
0.07481537130418649
0.0037342471460958585
0.11691160558508935
0.46687429482664344
0.029484794061870583
0.0034638165008884607
0.034402229988146085
2.2641437551189326E-4
0.5623043233092944
0.10260623815718439
0.15188096529189196
0.010298017238761507
0.11328862033737183
0.0026082139725214556
0.4289035922943642
0.08867793557639271
0.004332803728218731
0.0071569528591212015
0.009437084740515942
0.3096116571690896
0.19851475497320475
0.3974605036441078
0.4305115786632915
0.0024618863911024407
0.08715154304932038
0.0018064241686775277
3.911348930532787E-4
0.1795827575155408
0.1991110547758482
0.04988893925829932
0.4285485193582108
0.6178245422467826
0.0037707416684153393
0.4449138345300673
0.06144825911486436
0.043891448632687895
0.1362028596747601
0.2007310099630748
0.3437002571921419
0.13370458200183982
0.20449768195530546
0.3710913074729606
0.40457355786335064
0.09892229509359214
0.025038466622377315
0.24315094459378245
0.20418101917490328
0.06695518840948275
0.0023258826403797722
0.4471840616449422
0.08825580654799312
0.18636467315116273
0.14234396580321862
0.0759557722099367
0.07131603732507164
0.05290872094872261
0.23508726417449116
0.020933224617755024
0.2245039201823439
0.00741257818665924
0.2914793486028173
0.3814577501067477
0.0743894046314241
0.1457259643178734
0.32560940176146314
0.0029165308690575643
0.14833587662579148
0.410219980575705
0.12029032740882041
0.43079072835141696
0.21695266737368943
9.56858014997418E-4
0.37708560777308
0.3077362972048542
0.24081970622910018
0.1706451451167932
0.19691751427901383
0.5233906655477587
0.15358345256430692
0.1080935015837909
0.26352636546068586
0.29677302722877225
0.3099864215776375
0.04972415669341099
3.0265712582901633E-4
0.2923354671059694
0.09449515798939775
0.002591212628091395
0.03170980009830248
0.07498129710292263
0.07919685465435497
0.004598277504955803
0.20667172442306728
0.41676855339469027
0.03584076159090372
0.029712993280486363
0.05669153266794072
0.10687281088776085
0.19183809626809223
0.3388894010164067
0.041540425409543724
0.14448735585149916
0.04487104171600004
0.4440428017325923
0.42558246970507113
0.2900430017084268
0.15754660470403675
0.23591684849461161
0.12964367210961822
0.02542051612167083
0.0026097151517102653
0.001631541963699802
0.17453359232849355
0.001098548858968605
0.006577858691693199
0.11173922308402898
0.16684013862494787
0.6896919070384673
0.5028799930396863
0.5998403849186575
0.7633402103662844
0.6371540772334104
0.7690716256580169
0.29667628042414945
0.30040087648928393
0.6238566667603221
0.7012851317915522
0.41900549918502733
0.2396338127141371
0.8260164612204591
0.5995338505249527
0.6280465882025404
0.4403281231187781
0.5786832331933922
0.6504731087536241
0.5453237732559891
0.43813614805608064
0.3720157153740305
0.47309446698345275
0.5845198618931472
0.3826954793621604
0.6698274659728454
0.30157629630920296
0.30146509988295916
0.4022464088522783
0.5813539705095866
0.41740485338181554
0.7527085346081073
0.5562188101767395
0.5570494187741993
0.5558180601962734
0.5234630635273498
0.5569817124438645
0.3178837842098452
0.7741082606287182
0.48881851480634003
0.6066455220522139
0.5507514559265394
0.415615158679365
0.8359516284270558
0.5193031897613297
0.7912520584948834
0.32015184461929014
0.9999999999999999
0.45107269322392446
0.7130496719181016
0.7163347334181294
0.6355828218269132
0.7533651488093147
0.6788848488149037
0.5659920956552048
0.4694038247203259
0.6814195977630836
0.6765672420736667
0.3025298325828577
0.3583015961015741
0.5359178306143293
0.43603919151060094
0.7715728610911897
0.6116119286574805
0.5849848850525903
0.8279471560297885
0.7446114914395531
0.5540512178808852
0.4910780699260625
0.3733984119987317
0.7740713971223201
0.6491692615309067
0.7367343198863757
0.7484417260653594
0.4715787978290393
0.515668604229862
0.6717308330621947
0.6112979839816127
0.6800198246200002
0.5109555414074034
0.9050592415627232
0.6625514569216198
0.475920808078953
0.6536079416550064
0.543632166639963
0.6262828300732567
0.8120298385020616
0.5419804354369443
0.7397152454539383
0.7082621073623365
0.7864500453183396
0.5153946657570528
0.6411926113423938
0.09367810491886566
0.5130569507756926
0.479149831569463
1.0
0.7738174030045112
0.5280999210645085
1.0
0.5900115432985304
0.5851847181803628
0.6063567189797923
0.6309888933703016
0.7345820875474325
0.6806679361949419
1.0
0.5592900011814737
0.26911497826075526
0.544454467796364
0.7493500052434263
0.6306956928328353
0.33226676652018755
0.6690826957682998
0.7802193274373597
0.8102675780612167
0.4696373122897145
0.49361988692188136
0.7917819412823427
0.6672731101100046
0.17659315105623608
0.09030226674287616
0.26272759994021583
0.5994895485923084
0.16970876275920144
0.6538289465777709
0.24929170595963354
0.7395336337306054
0.5942233872619375
0.7140899681179557
0.43573825399275495
0.45294241685514103
0.5467742987473082
0.1657142756367408
0.5259651024138777
0.7378282113178213
0.2984373183236732
0.5126455762547067
0.7036569719669173
0.5150870432972212
0.6707230027874094
0.6910200476347521
0.4414607280208301
0.49242112275353295
0.507909296918971
0.6560489867883048
0.8078810236453499
0.4672346952971416
0.8669131635475026
0.7505441034197563
0.5986189457851403
0.5689350203130219
0.09232633843541359
0.4099175269831276
0.9194778666958239
0.6215750099371461
0.7147859409124976
0.5102537199708382
1.0
0.7568942137334497
0.20244415879567274
0.5179168895127567
0.43338210691550483
0.924229433008683
0.5502138602255643
0.47960884632978507
0.5525866039470139
0.3985339090639671
0.3501253280781615
0.66346510593563
0.611783057290992
0.5777934446437005
0.03618052965442549
0.8587382756088291
0.7444309150701616
0.9138445921269838
0.7363872927969464
0.5631106203621605
0.25203969825755157
0.6916791370956673
0.7685930315497624
0.8312690111685698
0.7868208814873441
0.2947661019695254
0.9999999999999999
0.49442036964418096
0.2844416335725036
0.8924704388133597
0.7315740793971646
0.5509613298140754
0.40724415016229026
0.3073714632044634
0.3086512521732483
0.7277768339514699
0.45130205132856493
0.6055810468863634
0.6350376402816862
0.9893776371266636
0.7398966462223726
0.6390070223531714
0.4825365025764578
0.2979180471810462
0.5704088934160024
0.4441574873417554
0.4984766077099383
1.0000000000000002
0.7743773299240665
0.8373855955025661
0.6282142297211956
0.4941842366339525
0.2298956772927563
0.4821098365982067
0.7942282509870255
0.7726338061076718
0.6705571649105176
0.46622856698652293
0.8228049998468339
0.6901703337609987
0.3260001020725038
0.4521059122334903
0.6099188422308067
0.5590368961436922
0.5901251658481579
0.7213181957106646
0.35128177418881396
0.5122495935615153
0.718514610323721
0.706523996025828
1.0000000000000002
0.6164264718118506
0.7254563253062797
0.6202972799936919
0.8986992033457705
0.6027315196868845
0.6054278381410794
0.4410232608265866
0.3211593060584217
0.14394965164104453
0.7538271239376404
0.8064861708632409
0.6383099226033645
0.954070683618246
0.6001354011252767
0.830632520102863
0.42305900076549424
0.3783933213743891
0.7863368384505772
0.8418685026544249
0.7130983852940843
0.6924797232980451
0.8713389061242717
0.36087413868327617
0.674021235351651
0.6903934253634978
0.6692986849164316
0.4256447839338547
0.9999999999999999
0.6269046519474097
0.6957849897737268
1.0000000000000002
0.9004073128894994
0.5414146906319947
0.5494663619630622
0.6675395476205472
0.6936013494882892
0.5511752436752384
0.5589867441997233
0.6978761838356264
0.6372634723968081
0.44178435633845975
0.3584881227731578
0.5184968660122938
0.21672894364904813
0.5865536900702212
0.5389576872891428
0.47098567065673846
0.38166727359483826
0.5945063089077619
0.7964996608449748
0.4598002188592999
0.839255025922456
0.551215378672074
0.6493140848358812
0.3191442209548563
1.0000000000000002
0.5747021496517948
0.8030145748424095
0.7546620937745614
0.7173394297105881
0.9183246063266621
0.4629928052449859
0.7945743978514825
0.3675647270571609
0.4774605105319137
0.72138592749206
0.7371861915506148
0.036393540457786575
0.9328677522069659
0.6289144897123822
0.6077191272699174
0.5528531407929419
0.4615522896463723
0.3577881110099899
0.5911285441628786
0.6343919569634259
0.3900201957816179
0.8019064037776013
0.14436133017524497
0.6868968737172362
0.7314370999913145
0.9999999999999999
0.7366110904683504
0.47665184497631163
0.36818969550073444
0.48274860669708547
0.8874912127227425
0.7242446540326739
0.5064229300479196
0.7839820485946546
0.5384254973494454
0.2872632286511333
0.6529674756268491
0.2740431838286076
0.9499567281253348
0.49705099444495127
0.4815697827752996
0.5646406898585994
0.5608029147653537
0.5841426702103364
0.2536089218155185
0.3666700642968927
0.5234412681643921
0.49985902602185023
0.580242664530987
0.7350351272273207
0.025609802091824552
0.11503547385594456
0.4191160913014893
0.6376992674266116
0.5495127297307331
0.30055929553105715
0.6673804370732052
0.4559022023038785
0.7377127141083744
0.6601592771150978
0.6001130902693064
0.7204936228607777
0.765235960017084
0.6765818013699
0.26020754688910425
0.77160727259081
0.512661079244424
0.5813303882820821
0.5042648811099092
0.6004348737539908
0.43382524630981345
0.6319790337810713
0.6038088983087847
0.954070683618246
0.44633355404917713
0.782821498356881
0.5542689178873642
0.5852295656404313
0.8699114555989178
0.5669111935075404
0.603769317269623
0.7239518145373731
0.6765092958507081
0.7631847911739682
0.08920568053670187
0.5082928764020147
0.7487294923834653
0.6599964386371135
0.37265881228837044
0.5492800339750369
0.4718071230467216
0.5483684982391512
0.6818144312797666
0.6664579888882038
0.759032559933741
0.5350165984264013
0.49625251181895325
0.7647622392038745
0.5274108690263767
0.36232572184638545
0.29158220483052444
0.9704155447052517
0.4348482627669138
0.32960577906314464
0.529739453729626
0.8165372137303949
0.7800284172064229
0.5978225878557805
0.5097239735505705
0.5266097181100141
0.7054322927700175
0.36635856268433065
0.3322620126228764
0.837675129741603
0.6258022067744097
0.6668407446159857
0.3090703086447046
0.3700968509453818
0.7084282637692919
0.5806592872641373
0.730472116820048
0.42279174985227225
0.3558497414179818
0.6209953664887422
0.615048092382761
0.567215114525977
0.5574646945616887
0.9644327105843541
0.9029586469381191
0.48274860669708547
0.6053782242646859
0.7587338551275705
0.44944750747786266
0.7739009037493034
0.7602943406147299
0.42279174985227225
0.17893197661348023
0.6012903772461148
0.712098620585095
0.7734249516443885
0.4065530771158418
0.6339195587437867
0.338693534471165
0.7950519285890678
0.6185417165142177
0.6599420731204906
0.5334294880122337
0.5727726337214405
0.44978215898204477
0.7422209727102433
0.6930611015216371
0.6072576694746965
0.7020200261771843
0.2730235402810899
0.5662045924612208
0.7651024092029733
0.543643031014824
0.7004018246869038
0.5326775169451942
0.3477038369388643
0.6581211598531002
0.514113193564018
0.5834466887041588
0.24918887231688316
0.7358107240617292
0.8825257015522364
0.7901650855978155
0.6082133512068888
0.603769317269623
0.594379337797333
0.6500799441527635
0.26096648740406286
0.5859118178578043
0.7487294923834653
0.30075354606279087
0.4925261417062215
0.4829911238373262
0.26264461793967225
0.494475202096046
0.6769867274530371
0.6829413054618828
0.7119019357619796
0.4689970812513902
0.7772112367935229
0.6653436569704448
0.2673851488175196
0.7339818806558086
0.5340146176974802
0.4467695621781792
0.19640687258091308
0.4676713515516702
0.7714096967574173
0.19852749905160863
0.41978030509466085
0.6120605875708472
0.4305958854276445
0.9794162700143506
0.9331379053600719
0.44751065342967894
0.7105492729145334
0.5716484365563925
0.3372899790495765
0.5122095795494326
0.6175082524720015
0.5137010157151629
0.6746256204115441
0.640085726576319
0.4164163699306925
0.7439758935327256
0.4591373157719399
0.553142708367514
0.35015416333709876
0.5397482148758742
0.23768112026354563
0.48207212558732543
0.33199313793416435
0.7018820774532097
0.9644327105843541
0.6581119448500955
0.6013279177251433
0.5549804282267432
0.67498444442669
0.3485284537134766
0.6306728792493268
0.7566542337358448
0.4431196875106222
0.6788890112313205
0.6132367169107859
0.7762363282452698
0.2762034837222296
0.4961364271841879
0.4781217370800231
0.5639365810463809
0.516047552469106
0.5850872998058813
0.08047295671541692
0.6458211998831045
0.5135698326746165
0.4591385240775544
0.6194715768367761
0.1747812625496326
0.5256250008450171
0.59241375032973
0.5347725331638418
0.454201626735605
0.5583936122339819
0.7187722370582869
0.5887173321684084
0.4406153121423035
0.6074662351071839
0.5063755579485363
0.6371397671265804
0.6600391802540688
0.4922969405837647
0.46996300031396215
0.6742147301606568
0.036370385939704236
0.5159175322167489
0.7151862763837031
0.5585779911182335
0.6398215218414554
0.7135419131185621
0.6992721330310195
0.6290633562571616
0.8793390303162584
0.4337182741609708
0.8904338048835402
0.2921396470388986
0.6228662384859983
0.7046124401973902
0.5238814996965713
0.8309909728958754
0.706265191854273
0.5098725158872843
0.6405553184949379
0.5103255925405803
0.4210401564991224
0.44612200974853544
0.691670668986547
0.6959230993143172
0.26944269944927557
0.7292265651347374
0.39017463301644234
0.5450349911711532
0.26387345455374445
0.7343888119879832
0.6150164185330809
0.7433545451561968
0.5514068343681268
0.44036876851961043
0.7699124026379764
0.4335795680628609
0.5928595333440703
0.6339426785876088
0.3557804079979179
0.9143967774778604
0.40852688953569954
0.3232255547855246
0.5915960981758288
0.37944675639327724
0.2849637636906854
0.8409290539661416
0.72138592749206
0.5297073704133276
0.38081404816474335
0.3264453873497867
0.3865160832782408
0.40039027812457356
0.48515188477965465
0.3976393644612112
0.6842523241961177
0.5946907341605208
0.7013831132193126
0.9600798544674735
0.7045424730719284
0.36739029527046174
0.5066471875896538
1.0
0.4800932071459787
0.3295970188398685
0.5167598441964936
0.25640863098729305
0.5358254454534609
0.6740112083857447
0.6978393655453125
0.2401684945456288
0.3926737121626679
0.3544126567775742
0.6624103677726977
0.6583456007361963
0.3661853113302138
0.895358012779776
0.6718202212894567
0.6700633698180791
0.3276449135573141
0.5202550300179665
0.6705174088896612
0.7103588497601481
0.6737648371482754
0.6995621822133158
0.6633679693673536
0.6276207224741298
0.6744890959667837
0.7423495482438618
0.3613077964701539
0.8392975248903032
0.920440220168806
0.5192841475192715
0.5438280201072788
0.4573333746329663
0.668108601860088
0.6741679980631073
0.6280144596319015
0.45228727527528945
0.4197245004242214
0.7314153175479823
0.6018010590895927
0.8878902942774717
0.42970348702650774
0.6099188422308067
0.7119256076997306
0.7610530225281908
0.5664337896677575
0.3783926012583041
0.5829090602404733
0.7481391984361467
0.4370594970999508
0.8274790038539213
0.8064861708632409
0.763728666536119
0.718350434737644
0.808224912346512
0.7241708935781711
0.6432147994827416
0.299113190668052
0.9074393117779693
0.7710351446902814
0.6581151863046242
0.5663029669695856
0.7093351133612165
0.35858755369027995
0.5546067371346443
0.3764786908724568
0.7976187556448275
0.5568688458861031
0.6208729651914697
0.6254201391033046
0.3312981753002073
0.36137057251286736
0.5598626784925215
0.5464960778968315
0.5170061094989103
0.2662993433268134
0.5644989316499716
0.22535292416792904
0.9989471873550155
0.5934518243109024
0.664583999909994
0.5642642546739418
0.7138756134984366
0.6395052932473034
0.6518686257172589
0.569688721605304
0.8975190955222819
0.6310933620557827
0.7009728619989175
0.47220835725836063
0.4210127381328222
0.6962948477670275
0.7441097788749609
0.6070834217771061
0.5279300396557464
0.6903401235728001
0.3309827089624775
0.39188853528760526
0.08850305368496812
0.8260164612204591
0.3998595340875308
0.47485651214541047
0.48913128725519256
0.8040391735835891
0.29661640280823115
0.6061194748991986
0.7043968821316395
0.8535789460451576
1.0000000000000002
0.7436596564791873
0.23284118467611076
0.8064861708632409
1.0
0.7522925886671229
0.45084361938285034
0.7375221946829087
0.5846023191198582
0.32755500266955995
0.9927279937739412
0.1041702362774001
0.4284366008667522
0.5964287133612035
1.0000000000000002
0.4884571444581122
0.46344269375617725
0.6452865588793437
0.5807201596495162
0.8922795362726709
0.4686875952685137
0.287564436476333
1.0
0.7385702418538851
0.4065244647388926
