4.385192571616127
3.2365067437571517
3.417489145645113
4.273923162766575
4.090970398641219
4.790525272132635
3.293574633441671
3.7039376861620816
4.442195546322422
4.242086825406426
4.291075074493513
3.8050441050156705
1.0400612479316478
1.934054626342341
3.650434029820322
4.441664660521518
4.713572511691872
4.168814910399895
3.926613054290924
3.483958679360219
3.836365184689927
3.4752741811029892
3.7964978842587325
2.5200661098189876
3.2852985837820885
3.9654437338894635
1.0656992441152766
4.201972274663028
3.7146440938683254
4.783790316833709
3.7661429996466547
3.214977861554211
4.4459662788990775
4.159942335884814
1.9573934310919252
4.877971541236653
4.877971541236653
3.099915317340962
3.6390664541402664
1.4195078869367874
4.019447148083705
3.905821720902245
3.3224793199188074
3.8085132910399553
4.385652364104848
4.323408223997633
4.449644214684954
4.236064475854446
3.603334667819757
3.603334667819757
3.0843468593693224
3.3237639806219272
1.6465789567004294
3.045921140539012
2.262394908998232
4.644852833940835
3.998211137596037
2.4750885028226124
5.507880116582816
3.5819454283878676
4.143119594109658
2.960165826208062
3.415309037398847
4.453289294920446
2.73871339621539
4.744359628888832
1.275498138667536
4.576502722276418
0.8546155126893711
1.0048005583017023
1.9225837195813555
3.176878196252723
3.695607556939062
3.6358548187685225
2.3251535980609566
3.410938614372895
4.016777264818733
2.775121273126868
4.474291608924059
2.0312728419328243
3.4384061963364534
1.4693290666695624
1.4743593810050495
3.981375259609023
3.8909444494067658
4.474309036487474
2.677044751133346
3.5063233879763187
1.997935218820159
4.084254920376375
3.2101671995160688
2.7391774316605426
3.1020460100532157
1.5983957128140738
1.5983957128140738
1.4264548409588793
1.4264548409588793
1.4264548409588793
2.4241195928531836
4.5951435703966625
4.071503139597224
2.350518187068281
3.4483868026968243
0.9713832539583478
1.0119786670408455
3.341369002627079
3.5433438244025277
3.042197090440681
3.35398486648383
3.405416320594532
1.460268813511517
2.4655693444730336
4.065721175679201
3.2132672410215903
4.817122477955954
4.344006287921303
3.2281657845709995
3.956010304150337
4.018191705260736
3.411274615614306
4.4305187392263825
3.538679696315429
1.2296563919815315
2.4938585993240947
2.280441170977813
3.6729477555178547
2.8227278358887924
1.409456681102078
3.3178119031275966
3.321094335679921
2.6158686039197887
4.223097806743849
3.6071398779829345
4.788647457842799
3.4020436097958884
0.8557297351765598
0.936960286173556
2.120631289364683
2.9644681280830274
1.1017457674217568
1.2612563236494578
4.6939565389596005
1.834698637240869
2.7642579412826405
3.2570190308134426
3.2879862284909898
2.4984035749994593
2.181843766957209
2.0880425528651263
4.105003922075496
2.275083558450753
1.1768517206839426
1.3207086418336107
3.526841810460545
2.9117647206037898
3.446147746576659
5.1887313724088076
3.1952466060721836
3.3221462490780853
3.3681638512330117
4.258919228213503
3.810486151152692
3.362183039461479
4.62485263564184
3.5259368117754075
2.9181629331096595
3.955372976059329
4.455414502520794
3.2189384446509948
1.4464998995256948
3.246349155188594
1.134142014226234
2.026043088366645
2.2295057750467717
2.1503376811064383
2.0791712380500282
1.5853524658764926
0.6387596173066643
0.6996916782288898
1.5406267233335793
1.5406267233335793
1.554573070754546
0.9957435013074225
2.979025758490145
2.5062338442454335
4.182885342813708
3.7751387652986628
3.233105070174108
2.87511600686944
3.51390198897856
3.3248739871172255
1.3839779049042247
4.322741329315733
1.0529158983164835
3.712830880535877
2.3615539206406924
4.315363758813202
3.420695774984058
3.6737085749741514
4.070221549954792
4.027503913907638
1.0810057246056102
4.405892976336725
2.9874058998124524
2.505357966596595
0.6845389425380655
3.630894404167407
3.039586621861795
1.1435057827022992
3.1921320984555632
2.422419769125248
3.2572926312793156
3.216906319018166
3.230061236604321
3.1770668699844657
4.517780901249756
3.726665668618873
4.600749512724567
4.2383111168974335
4.393498037107738
1.576542465758041
4.402427257268789
1.4081770873188746
3.544815781129292
4.028025968678341
2.801099749935428
3.7891662783988815
2.0081320537743714
1.8710405011193951
0.9793869135328559
1.1443114129321592
3.625221760791938
3.8565346106491902
2.7533002586932662
4.455967768823706
2.6406051195686793
3.1212615681849334
3.200390069263344
1.7813776204785188
1.3997360724324222
3.4466449922445253
3.0569248016891986
1.3856630794406006
3.994170938803353
0.8886322636755324
0.9524898773802597
0.9649190333946991
1.9673172351655523
1.7765739909531622
1.2087606462050742
2.769161142838603
1.6021007211685956
2.987063982899416
3.5174389454783856
2.869414872657934
2.757926813047983
3.7859070546089564
1.117945784563154
1.3168498416237413
1.6790396274964796
2.3205515668735033
1.4728500097643193
3.387064298672935
3.6004200582592407
1.2316681798670013
0.8150604772174943
2.274539080908141
3.194463927260908
3.8259983013651464
3.0708392673082954
3.0552988560779184
2.716736973137878
3.0507382119188406
4.344145266965467
3.4113965385087486
2.133370648515
3.3202014197206524
1.118030822377301
2.5110297230392176
3.082153620660238
1.8425995357553009
1.5516233579926775
3.52101790217987
1.4014375557121215
1.9106614778503428
2.959524988023462
2.5902079699211518
1.9705599490720451
4.25655222335341
2.8160002551396452
3.4043330946359367
4.255799490062894
2.8164463554497488
4.057976744099624
2.5732858966387506
2.6206514415210145
2.7489164994418003
3.83925184531791
3.2678050980737954
1.7413309897503728
2.032725151560776
2.9617420308548774
1.2243137022088864
3.1073619017658514
1.749105229036486
2.5614212656750666
2.1829113272713405
1.5063443772162175
0.9616133325891506
1.1528248560686931
1.1694642692591861
2.8904316463816153
4.153685176247537
1.744432775692409
1.2402434501099857
3.780481727076461
0.9288951169330846
1.244571678320371
3.1242939960405307
1.833652356247616
3.2467591282411243
3.164806744393034
1.3454951872120935
1.9668535744831415
1.2362207349475232
0.5128536922506508
2.5995424890355503
3.000361311036074
0.9403593061711085
1.0516501873929016
1.0666252182981162
2.7029403102404372
3.3866172108624295
1.7256180805145316
2.3727375127244503
1.0015513562107494
0.849674025819888
1.0212619093592135
1.1490567547349266
2.345837936965587
1.2008935395594902
1.2105804203048516
1.172245164794882
2.036977725110135
0.9780503138302129
1.3438449872151583
1.02716635629828
3.25346700375714
2.2880961559478687
1.1500074177087192
1.1514765613994191
1.6724672037999129
1.0795013467639194
3.5054338900612456
1.4303992449889276
1.8334276199588082
1.52420581131453
5.830332407563386
2.1856478729327455
1.7112405158608188
1.5725101653266635
1.9832502039926356
0.8502533145680884
2.974078255169915
2.736525270034388
2.4191690499679606
3.0390271773867314
4.184137048361928
3.980755034804007
3.588063954538377
4.295869698794412
2.920974781753941
2.4480306029849785
1.1283649844254078
1.1173284702380797
3.2471900826999995
0.9122679683519676
4.3126828526204335
0.9864076937052698
3.4960113206742136
3.353498202109949
3.318430643581107
1.6863825676206345
0.38748427078958514
3.439197647660484
2.351151556376616
1.6021340554620336
0.9178299079931838
2.4017880361551143
2.815449205829325
1.0187898512050135
0.8256876905883259
3.191109962994294
1.8176953349341434
0.7791735026856408
2.6817845390095068
1.2300870174547356
3.1384647200878852
1.7086092103453718
4.115923885398721
3.5940531445399695
3.647713151233189
3.6445001547431386
2.5135061600570356
1.1489714924839305
1.4235476394271196
3.1727700922052855
2.2614714437526047
0.853260224111507
0.8511111275695171
1.0072414606658464
1.2595567836306414
0.7052050881212226
0.9098657143653858
2.8949240197358574
0.801352226519267
2.1920071100091025
2.823033554884149
1.6001612683379145
3.5640551393778077
2.612483267359571
2.6961610708240134
1.0059801953448968
1.1887114692330591
1.164383681114582
0.9608199263468632
2.7876190867026174
3.0193524457357426
2.0928927975990126
3.164629505561192
4.043450808898488
2.09014019193838
3.134930283986637
3.323370560406837
2.399978548363948
3.641589207500969
3.746010776779709
2.129203375325667
2.0158924045883184
0.9857561510553735
1.3125781958110823
3.708526161755873
1.1715515994058296
0.9000931388866557
3.047059433317582
3.5883064803475744
3.3006930315792813
3.6059336296595923
3.096519694219329
2.681756617388731
2.6692743974492603
2.898824925511925
2.5947056314405996
1.8875379883439396
2.4970839955035062
1.4101502522403027
1.1455258134234292
1.3707121171470116
2.7728008506462474
0.4471314167653928
2.8168673717897237
0.7366132567063581
1.8737163866845745
2.468292860972654
1.1749250256823802
2.6421016757010567
2.5249177171945014
1.2335172845792848
0.8898183123074439
1.1609516589032318
1.122200935847227
2.727495222814969
2.9526531414130455
1.8110678673103273
1.2023446942747795
1.5547473795968734
3.0244937846407067
1.2906349372599795
2.469066502159482
2.319929618457291
2.395704037843232
2.745209147737177
2.3480540187861134
1.0636055781134874
0.5935736428932916
3.8010704359285126
3.322853325893238
0.6756734958306281
4.770033035398888
2.532489250673227
0.7976573889724059
3.432472866982381
2.3482986836072657
1.676252280679583
1.325676513948462
1.5998270782026918
1.5332940773572514
0.6603297348423058
0.591825689896806
0.6544011086049422
0.8375543535491219
0.7022810346140356
1.1647892724194588
2.99402678133299
2.105630013612117
2.8680250274956256
2.8971052181217942
2.781310393395389
2.7339138898063924
2.944488983553509
3.752083415519171
2.0168780812830795
1.516457096602333
0.6252892869106277
3.4945471938378168
2.0833980324758916
1.3443436112037261
1.0604909386497914
2.755159523121831
3.830330412305175
3.8901675536168865
1.2626447625880333
2.1520977893362576
2.3785896622245324
1.278508919264803
1.8130568257368487
1.5858373845969143
1.925038667824325
1.3855763404440624
1.7479766189771526
2.0795832910923404
2.8264697181730836
2.1935049871588452
0.9689808057498118
1.5107490654475582
0.5532759160025988
1.8068933769458946
1.3404921018796019
1.2002115555317077
1.404674373599497
1.3815251458359579
2.2720406548255814
2.6952302896589853
2.1133864486776694
1.6288646746114566
2.2040746271217575
0.8535081507503277
0.7217088543928325
1.749673671574126
2.77636064649802
1.3054553332783017
1.8237407771578993
2.044819434477758
2.9348637882900026
2.51410484205773
1.7062315822761553
1.2656123927732237
2.717139291451776
1.3748815912561834
1.168046198515452
1.7580458546742923
0.7875148264166545
1.9188959066198215
2.727735043215871
1.0207214112824976
1.9017411157209376
3.1924842968142944
1.1922411399702333
1.3700719348436778
2.4142858661013307
3.14397792510619
3.784413650928294
2.292713743994545
1.969010106305264
1.8492854552365037
0.7007848637913765
2.9355826847912745
2.3885197238442646
1.4370059050597517
2.927554037561886
2.8295488148621475
3.4103694736955044
1.578636524727862
2.71363194692186
1.2011140408166177
1.8231846215115213
1.9604028633809345
1.233821008354746
1.1727231850325417
1.6960489171227207
1.058679035458545
1.2992889073746587
3.429934904699622
2.473976217560976
1.6865090291325258
2.023909986711013
0.7597571256527067
0.7990298718343014
2.2585424038777555
1.7577205053657825
2.5576792999538855
2.257501703850774
3.082001110389909
3.8001753986961306
0.6663282081766098
1.9574613194976132
2.0668131715797173
1.1139139974230163
3.2271610920190845
1.560962272472651
1.9365977010427162
0.90202567516135
0.9388104852392173
1.0167801049516954
0.806660568824078
3.2703756919963545
3.699990134046156
1.3303771046940813
1.7784999837158988
2.3029396140229625
1.449963887297831
3.015376115146357
2.620877161450108
2.599506074017224
1.777173105510096
1.4439469113137668
0.7438723697186878
1.3955563117654881
2.6750595823090566
1.2714729027738447
2.3935232216349394
2.08868607707536
2.2182503079364655
3.708010962280018
0.5806249634371328
1.3598750107168478
0.8615758889632819
2.0673471894020548
1.2925598788976445
1.2181198447197055
0.3886225469669331
2.7170232412026403
2.8000360762348957
1.7153286237664924
1.5047583141017271
1.0169902305149883
0.8965683709718988
2.211669735202926
2.4413750945661303
1.2653710047484656
2.3289713929545326
0.9304030876805949
1.151714529770247
1.2054974319137832
1.529854553360292
1.8992889770887038
2.4966551835280772
1.4158735070602373
2.7175632591658982
1.300371284850321
1.4247051484474873
1.980698815336444
1.9758594960213982
0.6153112636906111
0.7706436155316831
1.857936702798645
1.1147252111413926
3.011908823202953
3.4139922383333534
1.7082368692746994
2.421075594258006
1.6002116884134328
1.100184230736387
2.3705840388308457
2.850900732164106
1.834936315872591
1.218091762204386
2.0017809739901806
2.663729921776649
1.306100188708914
1.1350760631087964
0.8844142308237359
0.9518468742375272
3.2967275214405896
1.6578128601533961
0.8029458256478126
0.5839162892562564
1.832152506864754
1.5438473104810522
0.9124087538791752
2.914221955153346
1.3469984291711614
1.5104365562124134
1.2303457905056763
1.5125901319152768
2.060465689697736
0.7974187155550259
2.1543348805729363
2.409134647345046
1.1350737210963433
0.9204159473413727
1.012123193218113
1.0181112283388465
1.0088570893950135
0.5452802357125046
0.8950775389447737
1.927144693918385
1.7651785713148496
0.9433886036932468
2.6164126168710022
1.2725277823457521
1.2750488796736135
1.3059081582229364
2.196581100132601
3.464764885392497
1.0633704763048117
2.0127017137296503
0.8044895622430284
2.3682558483122143
2.0981553369478743
3.0112367560502653
0.7923927782356621
2.3427513276848826
0.8434642362752525
0.8738278663303553
0.543013445122708
0.6017117020166971
2.8590727593535346
1.596996193911349
1.046575434219423
1.0250320653197864
0.6879889354702879
0.7996911522964405
1.1239177944023964
1.3140904968027545
2.9561453020733177
2.4308642008693084
2.4078788635400286
2.814808184359543
2.011707933104587
1.1045650318504363
2.3086941072918297
0.9577201735721697
0.670941658012826
1.0456116219777072
0.9469566353211392
1.0999644490276808
0.8039465893191566
0.9698599050490797
0.8913638528887828
