0.5934286435138982
0.32094903042033307
0.33702403373932194
0.8064850402439891
0.11381918930159415
0.04183095595014948
0.15666373370832123
0.4881532200979327
0.5708288126260136
0.24281471738087723
0.26094353945940524
0.682705579380764
0.6547545896060545
0.6404869240654041
0.5006235457289867
0.48979025639016316
0.2966977221574459
0.315769499827156
0.3148392032476443
0.745086402612288
0.5054691795752373
0.24929171492282515
0.19763238296096336
0.0558778855488301
0.09158313817930683
0.8230116507295346
0.3973349089716372
0.3922363386100189
0.6000240563702822
0.5794165799559852
0.33511433560408477
0.32283040415893294
0.3933495809808464
0.6036738596167134
0.23427524996234383
0.1879351435364759
0.23542187697218442
0.35999085713629175
0.6959139965138118
0.14853315787305196
0.29408047657759656
0.18898266526500918
0.49043473734167037
0.338202913050044
0.4169182480003985
0.2091191083681903
0.8029304282537835
0.38988366256528634
0.7552357753914399
0.6051975123396856
0.3236665365911335
0.6022697608782451
0.6997697721730595
0.19552233754419054
0.44400317937296224
0.32090016287861806
0.15492524948712957
0.2661600329530748
0.5263589452378475
0.3937606950351967
0.3316321792270249
0.5434237740858184
0.6607720009294309
0.31519752477264984
0.28754996306527586
0.82156982059784
0.42178932541011643
0.33061567962309213
0.6629150999606788
0.6245012921170996
0.5378700089848952
0.2949074146686704
0.2334150420556706
0.38525204901769294
0.4864159047540521
0.5697347557126339
0.7020267765874356
0.3887242291963866
0.23828849395107757
0.4551564690499534
0.5596723948344021
0.6240047982976781
0.43474618801338855
0.25979155772406765
0.7337053932357919
0.3561075626610138
0.32049154075728137
0.129087648430294
0.4594677124331383
0.508911640454051
0.5345890672575456
0.44279278422499657
0.4289629161306208
0.3850918336833562
0.12288956413628019
0.710725891191337
0.5256249146375909
0.3650043199374567
0.4572682241227432
0.6156994638383279
0.2679349554770576
0.33542337850812914
0.15461249447079917
0.29352243745562273
0.6725990583311342
0.4991277485672189
0.34614186014839193
0.5514103587418393
0.22047101126275906
0.6446586336849603
0.5379032606846406
0.30954404679233344
0.35696120973214773
0.1797305055491636
0.3145594515325816
0.47557445445193924
0.6515032188481352
0.24124391150205626
0.3276212863663465
0.4121569293540919
0.10228901950390203
0.6594657968393274
0.15513767218261418
0.31104010572028207
0.43071268889623615
0.22162635699741368
0.6191147811961143
0.4829470033703241
0.6463534524662976
0.06871853396872263
0.611691550398923
0.5494814834689316
0.4684960573085597
0.8534697448345674
0.3559328711829415
0.26800175598214165
0.3903273900317991
0.548621970509147
0.6100105088316408
0.42566494793047893
0.375792115297939
0.22454806839098898
0.4055294923466635
0.5466722588383127
0.49123142278605736
0.3756908863578108
0.542080796718052
0.25605308743334254
0.35875178800187424
0.4701977228846403
0.5365282751514625
0.5316124861738466
0.6777709139205403
0.9092284784380804
0.4803447243577758
0.46298158467855
0.3838150278264653
0.3329264097665177
0.3222729038447631
0.0862390821522297
0.6582704717266564
0.5093346521724914
0.334498660085275
0.5149631829733662
0.5743952481975196
0.3786686757340953
0.21329739603588838
0.7010439770534604
0.37520781454836
0.38873196362439166
0.5196701407739619
0.3495427648601013
0.4014337961143013
0.40261317430621674
0.376790506735311
0.2612204175653306
0.323659418760385
0.7069522171867066
0.23202873693870363
0.47186662858194744
0.7557616354739249
0.34021764962681683
0.4594318712836836
0.5140804890420283
0.05113643408738531
0.6019340804680047
0.7351489150536521
0.3928710652178601
0.31273372996821697
0.16017080894616184
0.3170111608330554
0.2114033801984608
0.5897133118785547
0.2190346402774119
0.6055198570278454
0.28169910341551413
0.8440772339073376
0.04836611640493595
0.629268588252336
0.2962122778575991
0.5755051869551611
0.8070839432356742
0.09931056911930973
0.06886250649337203
0.31981875614315874
0.07815708620406006
0.7446501300660581
0.6803367676951313
0.2475899186018763
0.562512158367768
0.15820149569793124
0.28325467516097946
0.7247506923046312
0.4960715174341966
0.23059851600530967
0.7416959305120447
0.47588469005365014
0.47892268128793164
0.744702793846351
0.6254703492716215
0.39353536256510796
0.7529185652225742
0.8073624216079789
0.37090966273526704
0.5269668816946701
0.18962027216554808
0.8002209054222827
0.7227580277130136
0.27280380944029525
0.34828765866483624
0.370283382490823
0.8140106526200299
0.24790646147618423
0.5916972947238646
0.33225418679389723
0.2523923987592821
0.2843556864754759
0.8430205750249283
0.35512161518828
0.5375386144865831
0.4618380350654006
0.2869895447702213
0.5668464104762971
0.5991929527642117
0.4469254148268733
0.2799743833694018
0.7025428483769185
0.2337482106794668
0.31161500981757545
0.3817466861981615
0.6740401386027114
0.8656338495426666
0.4987969176371365
0.010420059255409213
0.7501178492762532
0.3404694160004623
0.3369104172940521
0.49426796425255687
0.502439929829738
0.48321772636033333
0.47316549007673026
0.5119487847085229
0.5558314653422878
0.43928116826772784
0.24694753300359792
0.6534411937200683
0.6154616358581882
0.6257664182266293
0.45639529875357665
0.5171413480852848
0.2184926183112502
0.7001799624243115
0.039320267188552735
0.282898255341822
0.7603037798477115
0.2647431072741279
0.46853516651811955
0.07976523196207597
0.5553415596639213
0.1251978010101548
0.5258707211033737
0.2843429509481309
0.32608846780846146
0.2939892828385727
0.6359449897240347
0.39447642528989413
0.13021420928856006
0.4966184458208879
0.4709282681277373
0.46265100812105137
0.5895388803842053
0.33586978882135365
0.5221730508552758
0.22203932189027317
0.2628295475632948
0.7447382636938052
0.3268304485070794
0.7263240838499838
0.41664547628134785
0.501792326221676
0.4885874023864058
0.2968598947372187
0.23557449008607642
0.42828973739985376
0.35002022523395243
0.5876648668424709
0.5232156732792345
0.5233991564572179
0.6745289116131726
0.5401754923730689
0.6165465650827504
0.7492446485346409
0.44300874648878213
0.2712748563215495
0.5146164367127535
0.45364595033670524
0.408658152532879
0.5618683006150779
0.27671323654147745
0.6351591386072689
0.20281289451691764
0.4725644352970186
0.7250285426575798
0.3632910737330435
0.4358113922418966
0.1467906478288026
0.1471650722833028
0.5600388788966264
0.3769468080640219
0.2385482398067547
0.4562102236240249
0.6391582951684069
0.4821321864991598
0.3509964827630764
0.21695943977163118
0.23297517610552895
0.0498864154602342
0.4487434657204974
0.5153249992339326
0.3682944420507375
0.4223244779592475
0.3292225171796467
0.1549217322702853
0.024951189403256135
0.2895495464238409
0.5053820108101752
0.2827847085221467
0.33480860426810666
0.6472643364635371
0.7235395650459182
0.2973621663076997
0.3490495634850767
0.23652497983482845
0.36223711590160856
0.35610605395182593
0.47671400695485994
0.22004962583903614
0.7471203257038667
0.5906884834640174
0.6922400597619253
0.21246704309104267
0.5594895297557931
0.2990935556968602
0.8468659600743611
0.13458177073955999
0.2835611443350299
0.5316427659746206
0.49165179974970713
0.4937862408304593
0.6744989632870388
0.6892157863854935
0.47777077478413627
0.3516186666264607
0.6578976315980527
0.2768802303457305
0.7830319171921959
0.2728192269153562
0.7220299814224062
0.20486409731442146
0.3169272197465854
0.6068901348610521
0.17820920407696414
0.24071768678187924
0.06955054889997155
0.7275974973424917
0.6160474726775587
0.2385462927697933
0.5017550309815886
0.9139599963669093
0.5476925052909054
0.5066505810245955
0.5778645502373314
0.4507941973482622
0.3546125989657531
0.421323256101977
0.5441725039701113
0.6588794220515232
0.1902043210710516
0.7683970952465026
0.276890980226127
0.5336768795175978
0.1189772947548871
0.44402576998942234
0.13409379462894883
0.19702082280984407
0.220572529696972
0.3631101527213525
0.39396734875569134
0.1406228238331376
0.2784659364371573
0.7258854316610076
0.506969483241742
0.7617717829878847
0.7877913516047546
0.21231563277036064
0.2111913178006374
0.36482548922389235
0.8057019401705603
0.4444240056574366
0.4545979922124959
0.5291011740617714
0.055409946987525376
0.30317767160299075
0.3516912307939356
0.6463266048922555
0.7342942990662514
0.15476002617777715
0.3468342997130505
0.1377449195804861
0.14706991187695823
0.5805122740215826
0.6382955747921115
0.3082970741687027
0.5318912873700982
0.4479507994059971
1.0
0.20578873679039802
0.4755363090364249
0.41153286759167895
0.6216015110325329
0.3728110653780305
0.6527475809976986
0.7324129036646091
0.12334450389013267
0.34623103653510756
0.2614002683538423
0.09625309521491464
0.03741247100257332
0.6507160940724624
0.7332435450492688
0.5827779444411554
0.6378528715574073
0.306650470545666
0.4857126984261885
0.4688558271583984
0.6546876621499725
0.4395692342179079
0.3782072633091468
0.38699961614621403
0.5997857517337474
0.41195186087738894
0.2120459873153402
0.47976925764904105
0.7702317228847146
0.19412604351955923
0.7639308862261962
0.08445099123009495
0.640974437652091
0.5946912569503721
0.34038160359778935
0.401457852950237
0.1746169321600001
0.061445849115937805
0.5789233245732974
0.3549515742480491
0.1329871700806162
0.8579975074809604
0.45293489675578885
0.41013086307763025
0.3074395940567768
0.1643322523938154
0.4014188114112196
0.355026344652732
0.23034739868198717
0.28990580243146663
0.41257179484389506
0.6856802259020525
0.5903003277044142
0.32962978759912637
0.268795841406134
0.617076024372865
0.4987186385076351
0.15710386846617852
0.34440383449157547
0.03405420865893994
0.3927356409632793
0.2711905632944771
0.5701666357463469
0.25973183505435127
0.1676690572397628
0.6754690286424561
0.49099493929731297
0.7037824503349773
0.2153880921856909
0.571416137748495
0.6720905325551058
0.35529309096769096
0.511671217623202
0.411616380679433
0.24988584250628576
0.2543152468976809
0.46180545750510393
0.18624292826854583
0.3443619361469364
0.4831699635041655
0.5898368581216423
0.1947540405902064
0.46046916404849586
0.5520966212241222
0.3227241152535236
0.23395531888899537
0.3025166901137804
0.35430833883824336
0.34667914046694637
0.6690406440064663
0.22455667522339987
0.44520276035473416
0.4248820351690762
0.22690251147592047
0.3500942347525085
0.038921925993018885
0.3622622065597805
0.6664876462319261
0.7301473125537041
0.30133465696737827
0.3097054224449432
0.38825822587946623
0.5492656136892229
0.43934922072785326
0.712756664028439
0.09355568244175169
0.1921779400548043
0.26107736002529164
0.7099961279452396
0.19291570916268064
0.4893937077598539
0.4935568651750501
0.17891743662169032
0.42957528284371055
0.43292644930792645
0.4809965879019373
0.7320414204598832
0.6604306150450692
0.34440639857498434
0.5589782494307359
0.37156575562220046
0.38475236488683606
0.5626386609592349
0.48172199206526295
0.557730615492264
0.6267947106778698
0.7520729946051454
0.058291783118112256
0.32231392849476853
0.6617591700311752
0.5178954003647761
0.41490338771486485
0.6609714650727606
0.5177002080370346
0.3662545429633749
0.5090063059267708
0.31330033781612987
0.4749159185543
0.4936964341610895
0.2422190047564259
0.1703233766996148
0.24388122620282837
0.40248681527964375
0.3598710127589217
0.7404823927273245
0.0758618984136598
0.23871712263811753
0.4183850648326835
0.1460556869287853
0.266345911980717
0.681136325629308
0.6679931198647224
0.6055224464602045
0.4972288691642863
0.45934494717008845
0.24868056623925822
0.21519210483690912
0.31075654555893034
0.6403808564734916
0.4690974214421732
0.4067575515926506
0.3006431594672214
0.3593363041747821
0.1681744965728657
0.6883265902739282
0.6049923095605745
0.23353630566948644
0.2637166552674024
0.5288353981364834
0.7365798054806015
0.5446804711380298
0.4686987998970729
0.2381343261366829
0.608922237354042
0.2833222855895975
0.23910825638685404
0.36002200694016656
0.6309537496528916
0.24319783588594387
0.5401084057602901
0.3593988763182208
0.2525020965219396
0.45293159376261954
0.3687618792284001
0.19723535121522212
0.5560483603243941
0.5436896131623257
0.036241174425741596
0.7429008667980191
0.573095728670525
0.3532386305807627
0.34139217009283784
0.3140260379277343
0.41276682703584383
0.5027486100904872
0.16389570114155036
0.2405945881278438
0.21889945821404194
0.6831772046008597
0.36897041708303324
0.07584907438801536
0.21509118952012488
0.688553381781482
0.9049451956956536
0.5370571322620908
0.5383662357575743
0.10967375683031363
0.11348445942604993
0.23127287912905345
0.687168350300254
0.4384035121093948
0.6817926071104151
0.42061461647989784
0.49685123390826386
0.10021090606292744
0.2529260555719641
0.34715794779685316
0.14545442318747104
0.44055573004437115
0.25528067166863755
0.644840458052947
0.6983219855509283
0.7367231640846348
0.4937168748022547
0.29021024103466475
0.4230792670945663
0.5073453918916195
0.15331080578884812
0.2621587942620474
0.6720897111581189
0.40812271805000927
0.31636102238764247
0.6013944501004661
0.4364387576797478
0.33516480706246005
0.7417088340488859
0.16911797616504973
0.6931774890909249
0.01270035523383511
0.6737056346966246
0.45972730201096607
0.45431557669015915
0.4906952216646597
0.5642177246890316
0.5794250286315146
0.28306720276144226
0.1356677558830621
0.20992106959015397
0.08421703032256365
0.6694704216395984
0.30439232738523075
0.6325118541049205
0.6601152764198321
0.47155459604988575
0.5134180163467839
0.749397425693909
0.12709726081940795
0.3970736190244428
0.4027035331665889
0.1685786233984312
0.33471889971781327
0.5600142649355672
0.22217086212565604
0.28548384546432753
0.31536237912586307
0.3776715403639735
0.2626247445902276
0.5481348294837877
0.35441159423271806
0.21403087550041916
0.6142962950724553
0.4672908942071629
0.14733012852648425
0.562769675577032
0.26176487385290254
0.7025790718335037
0.056183852777008
0.3180269046788521
0.5879075069974516
0.7521716329204613
0.4086843945474074
0.33125106903221235
0.6217708947211246
0.450370916691148
0.4538203312492857
0.4288481238819496
0.6296590690121567
0.2793556954080582
0.5721122048840592
0.7482993565521192
0.456414604200815
0.4082687969981776
0.729657180988544
0.28963028961872295
0.1945772732577102
0.45911436578642806
0.12223533137236627
0.631105228718603
0.265176791394112
0.2960167552259567
0.2590741064397647
0.5039142350996972
0.13055183586920485
0.15542260005785188
0.568529616158859
0.341581103630602
0.4503001137063006
0.35465456116424204
0.31907479104147723
0.5050476328873118
0.3067424682285638
0.3998530190786947
0.37068365645717555
0.275924364519749
0.4104193210292463
0.5049056212984697
0.383027852258166
0.3740331204583818
0.43703751027756543
0.37716458288365357
0.28968979169437664
0.4834516067631333
0.22076297974432108
0.4186191690812451
0.4943999978836853
0.9198961794505525
0.33179585592007244
0.28790413561458067
0.1894667541335406
0.5108549805824693
0.571366072297031
0.24631742854500488
0.3974143315812438
0.24631742854500488
0.31146918875707924
0.4765318360736796
0.5052935889725719
0.7183397321871273
0.27114041468909206
0.33080419225966373
0.3314275305424054
0.3885642541650761
0.010812519538347252
0.31949951205664
0.2533803977615306
0.6105803497091652
0.7243142340487041
0.2836055620454431
0.6105803497091652
0.3122721519000981
0.7560720263165723
0.2122298531362512
0.42369107570086756
0.2822095049899703
0.2361919633461856
0.08330137255291759
0.15855756153116948
0.8506002614154636
0.28478287539355723
0.28478287539355723
0.28478287539355723
0.2802288610524842
0.2802288610524842
0.28478287539355723
0.28478287539355723
0.43514886934724184
0.8129475061706225
0.5154487092492234
0.9136343129702159
0.473451161126556
0.7151969069727238
0.6221187703632872
0.7509493673210067
0.2205623010211358
0.5963454236972143
0.3478484185247198
0.0038193853945556666
0.43316046225818794
0.17043377462989015
0.24404729919579116
0.3006686661950879
0.23227019315704747
0.06961538288493246
0.869841967768447
0.8112591292533158
0.40419613388196424
0.00700575940638237
0.10570403762623722
0.2766011967134759
0.02125426894230952
0.23405587961317104
0.5517537327809618
0.2647096572899256
0.5114831527460754
0.31447331905134573
0.8051068750593281
0.7899867224501415
0.384843557781541
0.07239666763614877
0.3412386141684196
0.5583829693743917
0.4308077446200596
0.14411701318181122
0.12040269584383378
0.2570402910454118
0.7860013515733615
0.29318216049554785
0.43883223855500253
0.31896269708325775
0.4584716977349968
0.3646184425722281
0.4315270190435886
0.10636442494054713
0.5674843736352311
0.20380668722642917
0.38196909870854584
0.0
0.2524556651275086
0.3392254795035193
0.27085767481294726
0.20499354631785724
0.4151177387153746
0.567692434466391
0.03293717714620229
0.5596925220389151
0.20360313747062436
0.397763272971906
0.3642568578967856
0.49751935482468834
0.06819697536969574
0.30300933569218585
0.5294561322252814
0.0
0.4598870290859484
0.4718638058964588
0.00880321732055722
0.00642563159654777
0.0
0.011363734190882855
0.014058598055473798
0.010261631467107696
0.014058598055473798
0.4244279034778477
0.029564939843899657
0.029731316668344623
0.165692099128145
0.029564939843899657
0.406552737909735
0.3008210224039724
0.3232017258701941
0.4076231548871932
0.11993153463097615
0.19063817425335788
0.3794862807029226
0.2777405103845056
0.2381481628783389
0.20701751436253374
0.08998660286662838
0.18049795046617817
0.4983612035361072
0.10529103241018001
0.537810036349294
0.7530571179612859
0.13943757446071997
0.537810036349294
0.6549881629815992
0.263797704596594
0.004777180980690377
0.030407844944422297
0.1809918461601934
0.3863032093878754
0.0
0.0040846335360177075
0.3083930401066249
0.0057004047035932185
0.0057004047035932185
0.3533688964977888
0.025791161475828838
0.0021978863172536305
0.3220221894229566
0.12608883681052266
0.05817818227975505
0.46617842497114703
0.7099975004342034
0.15087518566097266
0.7304522253959091
0.21316057851222042
0.22266971281764203
0.270902970154506
0.49991539009756586
0.0
0.3821879888838684
0.006001812872884955
0.16678421911846095
0.16350956960992222
0.0689534032071288
0.12136477489529333
0.018114358214957247
0.1277121946651696
0.15524792836770906
0.5900197843523173
0.009761524545816226
0.009761524545816226
0.0
0.007276835781062845
0.4005060646105111
0.5907197432010456
0.5986501406797998
0.10615416145720623
0.11986272728579905
0.2110302721220645
0.020309530116980067
0.4466708365729379
0.4888125588803729
0.017332721170128886
0.006400985655006082
0.027681819451881723
0.20031057913009367
0.7226619635954502
0.17952522686185454
0.005006191863735317
0.15604801200162294
0.2404064576529956
0.06011862547799045
0.04392614917834836
0.24971716728324722
0.5495817472111294
0.3738564154003457
0.2268813153403793
0.20061057707496802
0.2232085172528209
0.173184495127188
0.20629686282684692
0.2888021664687921
0.0
0.14467412507973088
0.44886848762540993
0.48775636871794453
0.18067082810968865
0.0
0.2493726479522516
0.23038825815345787
0.32925527284937367
0.17846770165032566
0.05157240968395558
0.06318932328660887
0.07983467878706363
0.11881584214573068
0.02573998866887693
0.19343586859243175
0.11081448796724266
0.004638096949073759
0.26460821250205085
0.0
0.011066833633582126
0.3503179675473638
0.041510286119030834
0.3563581954913449
0.49339907712615916
0.04730361785546699
0.016817505470945626
0.3863120567892262
0.08932029456123029
0.4356851609391399
0.2730771749520327
0.11382194896192657
0.20854743329198927
0.07629472753691705
0.4648012637396816
0.3442792603523277
0.07281789738485155
0.11368256840319775
0.09217359085391974
0.08846827063847372
0.35548682923698127
0.1698424104166861
0.48388623798182184
0.05080962409382422
0.11020813942610151
0.3848859952767481
0.11655006406206132
0.17154374365416872
0.011097592449297618
0.09815838276638839
0.4483709285129913
0.19717983083900098
0.2415888568966264
0.01003098717565447
0.02083295701649314
0.07024193677484966
0.01365613655206448
0.3111733486910071
0.09735082324161831
0.005857169289474542
0.3259968826147034
0.2244903088772916
0.07553725200624824
0.38984174262669
0.15085088158324006
0.36232252959762073
0.31196374800930227
0.32516746464460017
0.09428802810292393
0.23735817773643395
0.383296047824872
0.0
0.0025318176400120564
0.049451439634828565
0.01462831320109409
0.08391313432238473
0.26640182456337935
0.20754589750843624
0.1345184714672423
0.12338281527368365
0.0
0.019620215836210438
0.19277956773128924
0.3437687279930937
0.35294869827037173
0.1570580160987188
0.06832617539458537
0.1552952872270464
0.01885172916044306
0.009581775926625938
0.33957065695298616
0.1798109739632817
0.547195889164956
0.01764423028915706
0.19835480006947673
0.0011019412139560772
0.07914024497314225
0.14515003925386896
0.2828109671332617
0.0
0.018100350719981558
0.027309237478115662
0.4169171459845999
0.22161854007153808
0.00849223661355945
0.08440330834954493
0.0
0.0
0.0238740960070536
0.003458670618439107
0.015673918530002832
0.0
0.019286685275055334
0.05667152747626406
0.368027086615467
0.16105691592155216
0.32933379959873627
0.36591443047425026
0.21717957625397716
0.11797706805977268
0.17574707000382697
0.010278215421285472
0.028736033197388804
0.1486977356972699
0.07391213563417921
0.5321830716627433
0.3388172166531984
0.23253295374016886
0.17026576086375936
0.004232589962440501
0.03138933879169016
0.04232049863954253
0.2942232719392809
0.20208217879936644
0.17345258774101674
0.002704524499013276
0.0031640329240271354
0.0
0.0031583471998814275
0.0
0.0948964450722017
0.27794873469009046
0.3651454016572251
0.0161709340063801
0.0
0.0
0.0
0.0
0.1492367879521224
0.015135053858512985
0.023011194223597195
0.03414376675654283
0.002845446423220802
0.014954648643211634
0.0
0.08936543998958596
0.15234049179817782
0.11000040876418934
0.012392931801885321
0.0064903618128145215
0.11061837935185466
0.15526406961095005
0.1335187706764993
0.2312361034012663
0.01402315740426443
0.11721863489076874
0.009285452233227584
0.5037141346397832
0.36396679301633517
0.029767266751431147
0.15509640921501616
0.030246028330127985
0.012223412741773777
0.0022784814154670806
0.7062431457958563
0.02035031522929205
0.08545108334378282
0.0027350473169696324
0.06343576280186938
0.30195996071268266
0.008112529214291302
0.25903061756844653
0.043521940520017184
0.2908741261337862
0.005352831928452349
0.10533513716074035
0.26605314723006845
0.004685551452399847
0.08554281784990625
0.2951268061671441
0.026127494812874127
0.008135232135290509
0.387831332239909
0.18940932114445927
0.0
0.10473580250426291
0.08039062670888038
0.08467216167053673
0.0016814069452802589
0.008603950447905169
0.021940454640789978
0.0577722927636305
0.09978705419129642
0.0014048484790278168
0.13573600319305357
0.0
0.033685797647696684
0.006500114822597357
0.0
0.0
0.3675809262758877
0.6344041680272757
0.0
0.1690068398009357
0.19095384969872523
0.13937048705430416
0.19713301302924408
0.015229131799240622
0.04223137159451126
0.043822906436649156
0.0018019693569045028
0.11687275055293771
0.0
0.0016118278183950997
0.0022182703756363745
0.11027782904561816
0.022147581170419824
0.05071552722859796
0.0
0.01953383117107752
0.0
0.0
0.07415767969143935
0.06477021510319747
0.020544698159147848
0.00945825525835417
0.3685487216751885
0.002068067390849102
0.17852487203804557
0.22820758769636923
0.0
0.4077463847495618
0.21720687158760954
0.10901946980756323
0.14003608403715515
0.002335923031347452
0.01083530663184454
0.0
0.0020230323074052836
0.052602180174208396
0.002631045552537902
0.17913093062755023
0.03675693403407224
0.03869736129443315
0.19511701464883702
0.0
0.17723217032815397
0.0
0.003994954230980903
0.0
0.0
0.46991090695431276
0.08913323815079899
0.0
0.030151323561575932
0.13202419893223188
0.0
0.051971203264719296
0.21569122245091527
0.0330506676903588
0.012220491547849438
0.0025145185616096896
0.0
0.20047773458789872
0.0
0.06287974140030622
0.004712373053279234
0.01778440443632977
0.435646708146978
0.20952300618822095
0.0
0.0018151781330199006
0.0
0.06968626136825376
0.1398527793833003
0.5646100638480818
0.008612104236116844
0.0
0.2538798146760865
0.028196427395397475
0.001797996320068769
0.0
0.0148626696265663
0.017215977679609237
0.24849127389874112
0.06812366143672371
0.005935568719060785
0.17598779480254736
0.0
0.05563251603411815
0.0
0.0
0.0726402866861961
0.01199800951154425
0.006863438420269874
0.13310052798789618
0.06656287478218098
0.006886121034874791
0.10511947988037455
0.08862127352056146
0.17367573831100588
0.09426331201821642
0.16029898747770852
0.0
0.0068344374895888925
0.008861149470052346
0.010106435564009374
0.00397942769473715
0.05106110632075064
0.0
0.0
0.009480473982111952
0.0
0.0
0.0
0.003932467387864163
0.0
0.20230353618869293
0.0
0.042805436560786704
0.0
0.0
0.0023677970002919557
0.032889601338817874
0.0
0.18738569243528774
0.012017594925120802
0.0012313253086627804
0.01498897467253342
0.045887183741675025
0.0
0.003535074655774604
0.027093914386742857
0.05072773819434392
0.024996573969335828
0.0
0.019157285360712473
0.0
0.0012901594359317275
0.036562665363296436
0.004708296828720701
0.0
0.0
0.0017080406011690684
0.00848616408112909
0.15726934569396125
0.0
0.0
0.2827601078976666
0.02751155810470273
0.011990675060299993
0.07285675410521911
0.2927413163599212
0.0
0.005233286665355489
0.0
0.11330530511081477
0.04673267928974994
0.002503453987777396
0.0
0.11961033124948575
0.005570536594846342
0.0
0.0
0.0
0.0
0.006916496562405251
0.022858829502281082
0.13389971856073996
0.15998218249998208
0.10969801071793886
0.0
0.0048678490509869495
0.0
0.0
0.026533887156846077
0.2524048818445868
0.008698210757615428
0.0012544017656395741
0.03030095652132543
0.005047058486882765
0.0
0.0
0.002357620179984881
0.02546698901739443
0.0
0.0
0.0027763629333374135
0.0
0.0
0.08900552208453492
0.0
0.07092368879259996
0.0
0.0
0.0
0.0
0.0
0.0
0.001983127388935548
0.1667236624609405
0.21130965718346814
0.14333715035311237
0.0
0.0
0.0
0.0
0.1582772690980346
0.0
0.0
0.0
0.0
0.11021339518154356
0.0
0.11022246009084768
0.001837043542310159
0.0
0.0
0.10441622859822924
0.0
0.0
0.0
0.0
0.18558550664389112
0.013775954628113611
0.20760956179599502
0.0
0.0
0.0
0.0
0.0
0.0
0.0
0.0016161139685260954
0.13009696842611218
0.0
0.0
0.09621054212020927
0.0
0.0
0.0
0.0032981568449111506
0.0
0.0
0.14728643994981697
0.045050783567030725
0.0
0.0
0.0
0.0
0.09594334834274378
0.0
0.0
0.08890352541436247
0.0
0.05051402392141234
0.03356249163264784
0.0
0.010606926511421214
0.0038052963289611176
0.0
0.0
0.0
0.00197654902079286
0.026001055213622528
0.08808751620524054
0.0
0.0
0.08543885876089977
0.0
0.01166006074426488
0.0
0.020578528012315654
0.16350882589711516
0.0
0.0
0.09441840433779221
0.11037009277962259
0.0
0.0
0.0
0.1411104853335644
0.08422332106844609
0.0
0.0
0.04690429268566127
0.0
0.0
0.0
0.0
0.0
0.0
0.0
0.0027824769000552364
0.0
0.0
0.042344254415611765
0.14222557663147742
0.0
0.0
0.0
0.04092690584515612
0.0
0.046432378020819946
0.0
0.00566990042749911
0.0
0.42255096499057987
0.02264457845202182
0.043230569318665285
0.09803026216957512
0.025935453639184213
0.0
0.0
0.0
0.0
0.0
0.0
0.0
0.0
0.0
0.30594519598506803
0.2684858808148251
0.49260106255960673
0.4650728847284459
0.2934357806223137
0.3759663092488446
0.21819671678461378
0.08899369064282737
0.3699492679113974
0.4247860942318591
0.20171846486727013
0.16805832124274228
0.6353680333801155
0.6011808565623261
0.3637030732571679
0.3159834735423329
0.10169181532094371
0.5460262471151833
0.2045717345740942
0.2856416376360738
0.26767308816532653
0.17684413464021687
0.5085012987099232
0.16030419689012215
0.5993000511772396
0.19862664457274026
0.0833006461787812
0.2945796951924359
0.5217415759459443
0.28236047411844917
0.46241547008988937
0.29529055963411277
0.20974603109783413
0.41791332298398876
0.16953825786957488
0.4246256540443887
0.12457569542775711
0.6193711753893993
0.1565092629185902
0.24965815122040974
0.22225842322822423
0.4279629942619922
0.7314897637243507
0.20206181097757117
0.3499282657587748
0.12680127728098495
0.9999999999999998
0.13460359981702255
0.4807984946833651
0.4157496421889101
0.5285006172429696
0.5758760911895225
0.5110046421893921
0.3806976601361248
0.11804261023388031
0.4648847787792273
0.40901491329458645
0.08475907572739805
0.11882862295942133
0.3572888931091188
0.25606845861397065
0.41844788108266984
0.42073455425401945
0.31352628153437395
0.6129839614803886
0.46638693250907937
0.2769706739769492
0.30225250977537177
0.29147379310131505
0.40312578161208096
0.5491106998442822
0.3922794357626325
0.3698092174315029
0.13547834216662522
0.33040377101256346
0.2977105044700298
0.22458752056718406
0.17935979607113037
0.27795978243188557
0.6583579632315492
0.359189861991308
0.3164058474705846
0.261685306679112
0.2785704068485352
0.19985392738607147
0.7915035627632988
0.3316024825791699
0.16377225014617766
0.370460400427168
0.6379422023601888
0.19800000915518648
0.3656637539586884
0.08432794727489747
0.32592794533796404
0.17123687828445847
0.9999999999999999
0.48172710473554214
0.21473134865336493
0.9999999999999999
0.6162904391254233
0.20395262993690694
0.1948641906907604
0.21876965017570582
0.5760981525970525
0.7679234562947233
1.0000000000000002
0.3107320968786392
0.09072687572872717
0.21129295173532964
0.5920163326107792
0.23383303166659183
0.1766126027292349
0.2290895795040543
0.39002905651846553
0.6230626217887288
0.20558776958449465
0.305332212404433
0.208408713177449
0.5986944411837857
0.06964841722128
0.0
0.05068958253541254
0.19623141396128632
0.06812097127910452
0.4247984388563686
0.1951196642165807
0.2526049227545395
0.28305037312105374
0.367374243476655
0.2896239935031499
0.31709312647157456
0.24908305848883824
0.10759028449691962
0.273983934591513
0.41318677268019083
0.2015165330440309
0.3554214071734898
0.24226964558388012
0.2680987874706165
0.2920007555765047
0.5630733194394099
0.24569211008615488
0.2974426446129967
0.29482830863073434
0.4214076976270828
0.7331762115190693
0.13761429054260735
0.6464247409881395
0.5401198637791048
0.28196511284286885
0.4597525896895471
0.0
0.28107047031153476
0.8309675556136027
0.3062747384061934
0.45777418440761725
0.25919235028730225
0.9999999999999999
0.26442867432736067
0.16358985796269063
0.3938166316749508
0.34415287843885983
0.8407929144072163
0.4244542358648399
0.22745539578173282
0.02845264335889744
0.0
0.17434208246167504
0.5317045167157193
0.16786608708151832
0.09741816118486506
0.0
0.6050803774556532
0.5735770071390235
0.7890705166353293
0.45221007339657204
0.10955458508620972
0.011646423726120955
0.27722790089641847
0.6405685870564057
0.49369822459080637
0.6152629527024541
0.08296025325676093
1.0
0.1686902260324017
0.13849305633352632
0.5173547696710372
0.493912315513421
0.40185359219232575
0.2334071512816967
0.012217843587204015
0.18325023981463706
0.4177572350241213
0.17800609511117466
0.3208019011181721
0.5442137630795606
0.774992338801953
0.42608791633388193
0.4530223814301541
0.334408981113296
0.15972847722554176
0.10797169637770092
0.0
0.24458600150790388
1.0
0.6756102624751622
0.5141990860861522
0.5548217088207539
0.33121260277014275
0.10047234595998836
0.0
0.7089875168112512
0.4854425521147971
0.3257233150194396
0.28958972492242235
0.7978179468528995
0.38307169986544604
0.04926813466475388
0.442044213595041
0.28001390349000893
0.13722964276781796
0.2992974744120532
0.48239336586004455
0.11173140122143205
0.32685688842171545
0.5130014014759133
0.5273278881779283
1.0
0.537149355827565
0.34219795654735147
0.21761212278171657
0.7826123776913767
0.18063665124292347
0.33599367855677226
0.12538822537281116
0.22543609207051282
0.0
0.3927726743205239
0.5150805955862793
0.5330962718689031
0.8575743872909868
0.1798513785295526
0.583578040856226
0.20925061901825695
0.14283246453358964
0.6738161434336825
0.6958682426626425
0.5123910773369512
0.2610410137233659
0.7461932708407577
0.19408942450229963
0.39434041278567444
0.3669683893670139
0.43037452802829673
0.265983818910727
0.9999999999999998
0.2744224383830178
0.47170376918928525
1.0
0.7682736995968044
0.5374579868673246
0.18868923064422669
0.36722869354578874
0.3090475712650614
0.44550416580600966
0.22437945401649817
0.5556735484508869
0.5333598773728158
0.19144014504183812
0.10454633933297323
0.6846187495678769
0.08048585729711323
0.4306941028958693
0.39658189959846507
0.13849349455756596
0.3768547021325024
0.31217582626450524
0.4058853590928699
0.28944193709060906
0.5591538967456294
0.22453838416048147
0.2128586189938976
0.49084681323546214
1.0
0.3928823860105284
0.6493186401239299
0.4216483231588507
0.5279997235249143
0.7743926160317373
0.131981482175475
0.7371529589162089
0.11055092160298279
0.2549823129703054
0.5643545673570166
0.4198957531181183
0.0
0.7821673878206108
0.35669676054367017
0.5149114434599554
0.3807810691582111
0.2678661080464739
0.09671667398661377
0.19031668754525588
0.358471226048703
0.2252294142196238
0.6739401328124828
0.07393061311835503
0.6022836015218818
0.5581537992124107
1.0
0.3660669668437462
0.2944276700007254
0.12577619003178778
0.3450360160893281
0.5267195449405173
0.511956007061918
0.32865856318265396
0.4982823552856598
0.2979857047953384
0.17209486767015653
0.40895808117497445
0.060159541987098414
0.7860703832889845
0.20915874880348698
0.16666590325179637
0.5572159085311823
0.3738092111373711
0.3566779789008517
0.0520918353981953
0.19408298665037554
0.16384117402220996
0.3204641993665668
0.2899337668822736
0.4431390213220611
0.0
0.0073326514986518905
0.29326814271997637
0.38160466807771415
0.22422601471320222
0.10418723796605182
0.19680476363609783
0.19749252436176762
0.4264086468139431
0.4903219024000122
0.4108704349011413
0.4590028316960963
0.3883952697824461
0.5170058666265489
0.013446112386680933
0.40114350118286213
0.2789759717796276
0.47634168259465504
0.30070612391392637
0.39674375838419534
0.198724625363765
0.3330013533703248
0.3049644709947099
0.8575743872909868
0.2631990301670348
0.4607149722905168
0.2320600368482393
0.17893646142978845
0.35726096117780265
0.23215233365362398
0.409526409353647
0.26765241373432364
0.31964231798810006
0.6082070331589073
0.0
0.302085897920306
0.4627452403795298
0.42620862034401175
0.19261318927399096
0.09354105247562816
0.2973833073703937
0.4025139180732691
0.3540046090881911
0.2920967743641815
0.5144064687470633
0.4334950422813442
0.33993354606691223
0.46203978575592936
0.2114479265202294
0.1937327766607088
0.013449165677295389
0.8294325993104308
0.2605708363589444
0.18381144125986112
0.17609000887312398
0.5101503201086353
0.6804927289094237
0.33813718863158543
0.38978598399444336
0.229546400106658
0.44777064548612455
0.23426222155886117
0.1265523769984108
0.61461127799477
0.4945717905196095
0.3014605980788993
0.10092211080583244
0.13680987613295353
0.4484230458321158
0.5856285101360141
0.3524206414651921
0.28549819354334643
0.1458525020642441
0.4525401415271918
0.4801723346815801
0.41895511034238325
0.360406991888706
0.7130137062434587
0.6991270797428102
0.3450360160893281
0.3523689569133489
0.5347484629932576
0.23894206136740928
0.499592824204132
0.4358714797935058
0.29220876012423336
0.08834128843001694
0.10915689208422541
0.35349610924928593
0.5074674121449779
0.0865958533013814
0.5437538017621661
0.19872975347830368
0.5601582384097683
0.41394862612508065
0.6655085307630789
0.13916361737924568
0.4895576124968932
0.129737968981398
0.277041217919581
0.32864313401399337
0.2627542890465789
0.5604615957913884
0.19144740622182777
0.31947909866522234
0.2716979908037636
0.0
0.36184511630980626
0.40511354739684846
0.2085729276915853
0.3057942781022349
0.16180739242989325
0.29871494125571435
0.2522501873674937
0.45374542993210054
0.5897500593846751
0.5164388643492175
0.3942010133561926
0.409526409353647
0.43362218190804974
0.6026148568344831
0.10451396346785459
0.32343013179543767
0.4564800372173994
0.012039058778076452
0.17220683554273591
0.21513072662290417
0.339547897349659
0.2233998746698063
0.4305874934610794
0.48251108163283263
0.33110668887713945
0.22219496316982143
0.531142819641558
0.35073054351668315
0.15685410674882674
0.5432489525070027
0.15398352860446377
0.27038605527823606
0.26645582510617266
0.2919419682711571
0.48285806689198335
0.015362896650447239
0.31088309274166176
0.39197490383210865
0.3222260037456455
0.8176650675320343
0.6926994380472201
0.18712521401136548
0.44698682040529364
0.27100879935539146
0.08767392257794963
0.3275326060184884
0.369311725869059
0.1432416071080266
0.4394368507810045
0.3495021510013258
0.2899862535667629
0.4375150863803523
0.16454998815696528
0.15575324316665917
0.2504020241184597
0.1060611959990946
0.13219111430389568
0.1786998877213999
0.11285867975133838
0.2954717581869744
0.6811119550850386
0.435032881364931
0.3112585874774342
0.17513724827524074
0.33564313957689107
0.17683851605772374
0.266308992098646
0.5901897862900428
0.11264649642539175
0.41442448401770293
0.24261025171281883
0.4999767418956457
0.08234767504467227
0.12989079509819365
0.14283532440099309
0.29991670064920417
0.1900556903964977
0.38862157723244295
0.21531947585436806
0.41356045685477577
0.34462092396891447
0.23318271933904125
0.42532632825592503
0.17665527462006708
0.1819843522696094
0.3742021700055891
0.1972740143666294
0.2706229223634155
0.34258075851130276
0.4214962267218589
0.46770143345202025
0.13261958837421362
0.20859484965102118
0.23385155110115707
0.4789972772114548
0.2574783452584633
0.23837734733756347
0.14363621363803472
0.30045622726240395
0.0
0.01807177140763556
0.45382800724913497
0.20776704008870828
0.11545363145060553
0.4207911591582878
0.43231663163641026
0.36842694964510864
0.6478210686086165
0.14220338276940703
0.6078515429333621
0.19382521805254907
0.43293550520199764
0.47724847792198455
0.28495529064587755
0.5887074382402906
0.5527265324830667
0.34248089073688615
0.3065286945804433
0.16454749972445676
0.32596503807408406
0.16331609815551784
0.5101500578307736
0.38949682405140845
0.10588020864407005
0.18381223498348895
0.07838793273352915
0.11952517693524643
0.11809469904095235
0.3157582928644262
0.35778511970445837
0.693612660842056
0.16005756092700596
0.24316640924426725
0.5320085324332798
0.22492520221533766
0.16398631046974615
0.5109474562488334
0.18346060275905174
0.9049784281130793
0.25111714229454685
0.234516780484443
0.1779438901199226
0.10628147204015151
0.09795529908852181
0.48682619098430485
0.5643545673570166
0.4262229066747873
0.15165322665663675
0.18220904833562282
0.3769153071959834
0.3607885220225761
0.34974212183538833
0.30525220127875585
0.45672840006989684
0.457436649972409
0.327316066183845
0.9356485614434553
0.43645493095566057
0.1540181888177121
0.14058453656470937
0.9999999999999999
0.3177092167733413
0.027573011231848733
0.22140939253888323
0.13797916753662123
0.20879111497882397
0.44774470518138887
0.4467458022018229
0.16624210821585672
0.12260052845016324
0.2995476894019788
0.3379324638786919
0.2996829196372844
0.13674143639864186
0.7619190521621101
0.42705521932960033
0.4965242160711974
0.15870208051420653
0.37385245747544776
0.15025353448602988
0.6177660675510703
0.34650853812141424
0.4810346612304668
0.2715723665761532
0.33821794603746774
0.29218671061619866
0.3791846365329288
0.12742338398780553
0.6318896787850266
0.7790126682844003
0.1833708317536856
0.5696071127372456
0.15429485486820196
0.38283307863524385
0.36118873189984285
0.33718439563371444
0.04826572138211704
0.24104257963899894
0.3964067349843853
0.2401118564034347
0.34866942849706184
0.10626659410964408
0.28001390349000893
0.3084708589953738
0.5612765893634576
0.38893196889128956
0.22226259549941604
0.3371774213658941
0.45983902972103424
0.23110649528777985
0.5876637453551973
0.5150805955862793
0.6705807191272014
0.4504127902912585
0.5223812822715015
0.15659765850009089
0.39997008639690973
0.18717584037254056
0.7638528212805327
0.5535989365401807
0.43587943452224687
0.3425443790853019
0.33184385054385845
0.07817139469129786
0.11120369162557893
0.23208336342991764
0.5401950262899764
0.315430593636877
0.3545082712067257
0.3305329343086477
0.2102352660357529
0.08528153302978639
0.2617617277242065
0.05091264004822894
0.10298274712798833
0.11641327795946059
0.5888722884400247
0.09855271546369472
0.9366658954117374
0.21002120789249357
0.7808638607760546
0.33095299545967194
0.3332145552601592
0.5079577318506634
0.5112226353079015
0.30584151007132154
0.7753889240138666
0.3289584916330651
0.34455499542191
0.14110723124461838
0.2672830586655029
0.4758720606942992
0.6336414531730445
0.40914693124257573
0.1628665782124805
0.3430336377943109
0.13324175789908432
0.2571304398996854
0.0
0.6353680333801155
0.18627014385908225
0.17959554440242928
0.1693422267932992
0.4990665409556309
0.19957168256949487
0.3369860493778281
0.24778252687654273
0.6100151316044441
1.0
0.6138397676365164
0.22862601123485035
0.5150805955862793
1.0000000000000002
0.7023375992590623
0.3266164881166692
0.40324766433365167
0.33763107213328586
0.1803406241753524
0.9344762579243221
0.08444388525729725
0.31868741728020183
0.17220853108142548
1.0
0.2568560919573566
0.1677799151428048
0.2688367331639213
0.34216452723959
0.5829031324104745
0.3540304416384056
0.12242921926809283
0.9999999999999999
0.504256766661955
0.0
