0.5904378705633582
0.27358426274948366
0.293100561620349
0.8064741263480203
0.09081626845635003
0.024368237338403754
0.12500316443394996
0.4684686796350908
0.5319934290137532
0.19628305981515595
0.21610392257841915
0.6426889902059791
0.6259623136491713
0.5818839094249091
0.4521702886953182
0.4580271655380866
0.2092424022373455
0.3003834915610084
0.28986764971275886
0.7394630095418016
0.45668132268714196
0.23110367226092157
0.17442174614239656
0.04344781223846412
0.05288131370503856
0.8158345719270309
0.3783641745659649
0.3715094227435483
0.5729885034141656
0.5617652711336596
0.30116279444380395
0.28142547083161257
0.3424887818489422
0.555795733425083
0.21125138083755235
0.14456760451640377
0.19322863068978677
0.3327813154539271
0.675124397165588
0.09702272811481268
0.2347070376220372
0.15244250666328443
0.4636820092744341
0.3053458657224799
0.3808053221466406
0.17606892239121802
0.8023429685593205
0.38282555023518633
0.7377017850723812
0.5778788578515588
0.2681169609022777
0.5608871135495205
0.6877200958698314
0.150675698458118
0.3974232289430915
0.27735636737695946
0.11802366868146791
0.238284949112954
0.5074891412003922
0.3702404952145783
0.29050580271053594
0.5324787612074289
0.6277690629034179
0.29825597794708386
0.26754465032630875
0.8162997515402146
0.373115971187795
0.28642710267203664
0.6585637900625045
0.6038480258911987
0.4861873306728465
0.2890387869993721
0.1894163351541913
0.3700255488006217
0.43710900900004657
0.5112293144649124
0.6828564965994547
0.3646152974489937
0.1927864589652033
0.42386115625307696
0.5128021772020764
0.6200461479625226
0.41071039082941563
0.1946050950285629
0.7214839827089875
0.33546812906482426
0.2858291898413835
0.08101957871626778
0.41484422199957316
0.4973964649110153
0.5079615544587011
0.4045549350100378
0.4126071033720697
0.3515760494123925
0.05336016869289745
0.685047890075787
0.524975744396832
0.35279259817431047
0.41826585650019443
0.5927819167611645
0.23750094294981644
0.29619776901491873
0.12861962626234455
0.26936276571240975
0.6398369730857547
0.4564365896600267
0.3140500303626268
0.5402322511050708
0.18779777296289876
0.6058917433645021
0.4866513514570173
0.27618210054742565
0.3151133063715725
0.13215724006964655
0.2799077054326088
0.4295000117301657
0.652515616749865
0.17362599130030837
0.3173680027682559
0.3892963587377752
0.07316193684381525
0.6435951664947469
0.11184353981081707
0.2719476826680658
0.4220908841688269
0.16720897782529073
0.6125953122299214
0.4437645697136846
0.6254317711639797
0.01757682236116496
0.5839117600539911
0.5379640670943695
0.4166009278433759
0.836091932123099
0.3353947188103083
0.2462038683515456
0.3733094605906092
0.5332668865404713
0.5816541899477976
0.39984071723444087
0.3483507705162909
0.15149753438988212
0.3792355779814819
0.5181727102971876
0.4862401361992756
0.3496972790955753
0.5170065797565543
0.2055296770669523
0.3032663964635219
0.45035561691966786
0.5102754086668211
0.5004513747864323
0.6436572966771898
0.9007261773821634
0.44242705237753793
0.46639195548375845
0.3447537342642319
0.269379890183177
0.28494132019721174
0.053142966879228655
0.6658177951848406
0.4987377264256353
0.30357656848936687
0.5224198808204015
0.5659848745324172
0.33717771021751775
0.19623792911079618
0.7019539472834976
0.33644380866634094
0.3482207255826072
0.47704749499534443
0.3291584656326765
0.39490169962723803
0.37679714318372237
0.33844417339076843
0.24105327159808013
0.2838374134305175
0.6704790910291217
0.20706201613811898
0.4326508096270214
0.7362749083064688
0.33523805583614
0.4167951923085537
0.48255004318085404
0.03869978261648278
0.5905014281348459
0.7296919431711714
0.36525125329351166
0.2765096021608159
0.141698095486763
0.27541860055272366
0.1357914801094587
0.5737291537881946
0.18540538116744026
0.5876017736636915
0.27781383748956745
0.8272596706064919
0.0030642607110675808
0.6038809657210531
0.2668000895002111
0.5592331234641718
0.7869856247614162
0.06806728038192131
0.035646711800799855
0.30732609044117926
0.021922216833582753
0.7133376739673061
0.6616832021170526
0.23505099324897052
0.5261829128938277
0.12539331158161848
0.23956614275945076
0.7197508936763044
0.45742834076479266
0.21047424286387612
0.7354456379488604
0.4473921670422738
0.43742930019070414
0.7437033729768412
0.6191210865537884
0.32271247456266633
0.7494828017520518
0.8055596715511404
0.34432654172963495
0.4959559062304431
0.1736516345380882
0.7932146050016736
0.7131756308990822
0.253908223203979
0.3318709155724703
0.3607982840783079
0.801847138029502
0.1695158485937716
0.5662431002293208
0.30400624695503425
0.2179702994073034
0.27117861897079126
0.8148707657265595
0.3116257207946613
0.489794719149531
0.44954727182994164
0.25220503583984355
0.5398827299731143
0.5778471672570089
0.4224590877016038
0.251495700907442
0.6905343853634973
0.19123594050467047
0.26390248857002185
0.3493595372288658
0.6597192601251407
0.8500580144580083
0.48849090385706295
0.0
0.7444302985883381
0.3132005353177586
0.30882981703547396
0.48869744240079116
0.47379496300244345
0.4336866660307079
0.4459386669876528
0.5036986701796242
0.5584954767723705
0.3855613677387016
0.20742457237368292
0.6250180456866482
0.5952091654752113
0.6117906626341109
0.40518684408349576
0.4758216084512488
0.17913282443548717
0.6787942856507875
0.02933940714485318
0.21027471869065598
0.7570376832567371
0.2476401160679353
0.44115359107174146
0.052212050703589634
0.5373025271529986
0.09580044879961451
0.4966141111282718
0.2424165741756889
0.3041078491220173
0.259117007346974
0.6043073243084554
0.3414978881313246
0.0938491785218311
0.47691909023098605
0.4444418828346275
0.44912011551754955
0.5876467387548814
0.30937248261445327
0.5059677129022939
0.16375410102610613
0.19179330072890588
0.7138447045224661
0.29843193324262746
0.7163495089901923
0.3875894026763174
0.4660568920056901
0.4432772997631914
0.2573864585579561
0.17358480242541582
0.41414239049254403
0.33896089755553543
0.5848578804040377
0.5019374113030336
0.5008427183311663
0.6528210917681176
0.5308975359251591
0.5673322249209042
0.7370731637433371
0.41450306328633735
0.18011261017837088
0.49909708915287526
0.41717179591310305
0.38379995085234286
0.550795284940665
0.27116733295095624
0.622988090882619
0.15773198537414115
0.44261402784684584
0.7095429811810664
0.3335716669809732
0.42042096141631113
0.10919669493095052
0.1248288711012813
0.5422422358507569
0.3507731320395136
0.19527926897419237
0.4391443314340504
0.6296690492419376
0.46811717225149696
0.3297129817584703
0.16985997620442694
0.2267217226305791
0.037449434828813744
0.459278513621333
0.4897938672393091
0.34714708060221305
0.3756940051359498
0.2936121564048142
0.1211562881779121
0.0
0.26205777383576256
0.49349287502264266
0.26211846055446103
0.3050778590925701
0.6596940781416597
0.7106217281900441
0.24789227091039448
0.32149071147625713
0.20683452328683036
0.3475976024288113
0.35254573297089786
0.4523118636458117
0.17044941290233792
0.7318450573876719
0.5722493790419925
0.6604372925689177
0.16250757818842645
0.5345406382972719
0.2589619832118649
0.8397718052911074
0.11906900318342957
0.2478916682349906
0.49560420952205436
0.4704350925106743
0.4669148771219437
0.6477915805697935
0.703267105844166
0.4325797880157096
0.3278890414886576
0.6278825181429453
0.2459468197524943
0.7741444974602341
0.23102726702629883
0.71535460961419
0.17178738935558222
0.267489545658572
0.580715134853535
0.1311822283536361
0.21295085008573697
0.05510155276124904
0.7339870973482234
0.5991633480017219
0.21701404010122216
0.48557664052818433
0.9056781786934377
0.5232027605123102
0.4659451314163664
0.5483943620270151
0.41962063703462804
0.32360958094475445
0.39608668382537643
0.532530372284318
0.657328891419874
0.16312415268415817
0.7564710458716651
0.2463574167422003
0.5401688079425362
0.09955934026006168
0.41266184449191534
0.09239311926766763
0.14919173977151062
0.16970584436506891
0.30703302015930334
0.35214910465315336
0.1039112005972723
0.19901592500254056
0.709342168842526
0.4898623411137867
0.726219391140097
0.7824481236541052
0.18772311326732444
0.1767064549553758
0.3337417488253575
0.7821230649078451
0.40728538540490283
0.4226869431619701
0.49114403014024693
0.045189820726898325
0.3035145895858147
0.323486576396877
0.6074147667349996
0.6987639472940169
0.08021192039285799
0.3533447721787393
0.10172778147755551
0.13042992039491055
0.5769924550733998
0.6039797934469924
0.2741316995518626
0.4990330768631699
0.39426613046796094
0.9999999999999998
0.15192806572151202
0.4495717270660965
0.359325810002474
0.600194761719975
0.33346652105296354
0.6217116150768786
0.7117918573047548
0.09445010071121464
0.3225352985644736
0.23135951697122725
0.0607567266540012
0.026805158430695752
0.6546307358495239
0.7191638506329361
0.5426547002648813
0.635290495260331
0.28337322347313404
0.43688151789792745
0.46644895839328154
0.65147702427715
0.38919933541277096
0.36111288398018987
0.35225139410933787
0.5710152388868405
0.3609639263759507
0.1808909773146197
0.4793084440292571
0.7411860886179025
0.16211253124144567
0.7533956381730343
0.05803044208732081
0.6196341987245138
0.5626584657774457
0.2964590116856049
0.37899982716137104
0.1574856367174574
0.03934969864271429
0.5685840130771548
0.2862272847620857
0.1217237589085712
0.858054537827184
0.43251046576787666
0.37013951857712996
0.27125633442218605
0.11913220237457184
0.3883160417921537
0.3295491973415223
0.208766349909743
0.25960913472239977
0.37801885534098695
0.6718351209851062
0.5586620155410206
0.30264954665793226
0.2198563399650172
0.6019901223698463
0.4862893491425218
0.11919150384054943
0.30843081119149734
0.0
0.3534370040820183
0.21054018088013451
0.5374449715319666
0.25319856359840615
0.16031391565594236
0.6335529786788543
0.4757344588750093
0.6787466080308019
0.18421537811417812
0.5497655052892291
0.655067388550523
0.3382183163283174
0.4697835584452306
0.3624957244973675
0.18942054998099286
0.22865573881217877
0.4397838105914754
0.16007076529620465
0.30020935609538835
0.449397018001994
0.5222544492929623
0.1522933560244669
0.44505089246201257
0.5292288048748822
0.3059876746338479
0.22586389125390768
0.2856407905446563
0.324663541653276
0.3115520228943988
0.6455565617112451
0.182692967443933
0.4376017118436153
0.4190959633110268
0.19299724477770613
0.3039138667888711
0.029297362860304266
0.3186432122232193
0.6579531344505458
0.7273310096363209
0.25601595978250874
0.2891482284400988
0.3445259924122597
0.5170871623646706
0.40314738262885436
0.6903351953799446
0.08148140199859588
0.14084974091153046
0.23327306117292437
0.6922862656212765
0.18393465557873315
0.4530119026821159
0.4867929003151774
0.14511131381432152
0.3869050088385496
0.41505243646162326
0.43586451779335605
0.7115104212987531
0.6345217191174228
0.31576170952957067
0.5075439514762803
0.3138069484810645
0.32801944627089197
0.5543639962066151
0.4655251375559546
0.5505578171029433
0.6035149654171098
0.7382481359084565
0.0502235828942863
0.290131348018394
0.6544609545069386
0.46652022856762904
0.3920992601260724
0.6165021012468807
0.5090710885928545
0.3227892948224473
0.4766672632769569
0.2749223873278206
0.45197769620105194
0.4586075827779598
0.17832290640091947
0.12514522312026655
0.21159502401814648
0.36770250935319854
0.30968069301542517
0.7167001148705725
0.061666710994268646
0.19104129434486522
0.3897777004424047
0.12275005823861547
0.2398112404656229
0.6850407416074896
0.6413293864604693
0.5911901383846253
0.4713527473409776
0.43026471449358233
0.23267846081662452
0.17789833294971633
0.28060286781594806
0.5874513213319885
0.4461968582360457
0.3701375502509371
0.25437474440126917
0.33205007289564686
0.10851616395794281
0.674351951489572
0.596093946424587
0.17552075705531728
0.2278672184469335
0.48848302071185135
0.7268926029223014
0.5007047071216851
0.42430237913861973
0.20166572791732992
0.6175256072868783
0.23752470540099807
0.21364984689317498
0.34543399656807433
0.6205067333498355
0.18873191551614357
0.5189037641682509
0.3150117090299789
0.24034204773185452
0.42075183557083173
0.35188064459050444
0.14196765792842211
0.5235958901474124
0.5271486283190604
0.025039443619641895
0.7305116819645853
0.5695941109899204
0.309002756110012
0.29928888679005516
0.2754128954935056
0.40467552159411
0.5052120733096429
0.1204397359326659
0.20367918791862763
0.19487936999488556
0.6702269923014841
0.35014789075788777
0.0315309871698427
0.19321630446467772
0.681318911119271
0.9076719356275738
0.5064012187800476
0.49923680761581557
0.07243030808549075
0.0909834056180591
0.23899375660922262
0.6581139554611285
0.38313592509647526
0.63668432138695
0.3700218653318024
0.47122086925927453
0.06730611770204376
0.2344517114635243
0.30489393615370103
0.11751821330584866
0.4359081456386724
0.2240727173608863
0.6531597710992044
0.6632292626213783
0.7277050948278736
0.5054254988173306
0.21416770901980017
0.38097585087556113
0.4929997421072034
0.1364956603285318
0.22722195340502035
0.658915214574746
0.4139984075131378
0.31441620107787743
0.5855861916597372
0.39318040463485765
0.31409018488037826
0.7089708860297306
0.11813361564946363
0.6602019445739904
0.002799890936208031
0.6714898899677634
0.43529070421553534
0.4079403220791261
0.5059941206143087
0.5286142528898251
0.5620361234031285
0.24116034949223986
0.08607034228690649
0.16982159367679625
0.030836433766221034
0.6568385763010036
0.25255738887369605
0.6125878572398961
0.6440394029805457
0.46544522703885705
0.5029683976363406
0.7403278673784178
0.12185740545816677
0.35495544914260324
0.3730360395270421
0.13232322125377313
0.3057934992797173
0.5493455136294624
0.17860101106675713
0.251790564279265
0.2999371805633373
0.3552874706661209
0.2184271741361644
0.4937464597696703
0.3096677368158662
0.19408186873191377
0.6055305960865185
0.44746904092288353
0.12019717904906176
0.544730873776529
0.19550278232894394
0.6882153191801491
0.0460129259064893
0.24210160824262436
0.5655451081178451
0.7449333173554704
0.3734790080316541
0.29880485568472404
0.60343439561251
0.4372102346580163
0.42482373478093594
0.4192039320712761
0.6012342605237041
0.24673401414975732
0.5719677711628884
0.7277068171149528
0.41288138509521094
0.3859446860449739
0.6981725101056013
0.24105203454180527
0.1477505060795613
0.4297583029660323
0.0908443601186247
0.6193757202428593
0.2589495345021188
0.24153030671241885
0.23461069020663256
0.4348193994252652
0.0921714757942865
0.14456930261322898
0.5426324171899628
0.31570676502645667
0.4105978532705644
0.3105722855272638
0.26504828335697733
0.4716886233173744
0.2833728944322887
0.30287472795155823
0.3308943978858782
0.22419141703850945
0.3711811769986738
0.5106250577809353
0.29760341968490867
0.30681460564769225
0.3912033340647896
0.2639368320496555
0.20606003045133642
0.3607893092766574
0.1999096979652737
0.26914642365146896
0.46919689600431397
0.8166888105364771
0.2649980196930547
0.19662105545119266
0.05851308383527708
0.4135349976187664
0.5295170848912503
0.15494652694223607
0.38046580168989136
0.15494652694223607
0.21940541320046086
0.44868191910418764
0.3984021055543567
0.6986672733129901
0.21127445416016277
0.22736605605314744
0.3368931756357819
0.3196100361916847
0.007164962593434286
0.1905767536437639
0.17424153806661224
0.5596209537930862
0.6846578142851724
0.29527386412944523
0.5596209537930862
0.2626976391360895
0.7711404751589862
0.1446229725187536
0.341242931561988
0.20686100789553372
0.15250572013583247
0.03719592429532753
0.0
0.8075213965761716
0.30054379392411795
0.30054379392411795
0.30054379392411795
0.2948878198444764
0.2948878198444764
0.30054379392411795
0.30054379392411795
0.3383545997822427
0.7859876449178984
0.5267301321824367
0.9143082088680935
0.42610369115098773
0.6836076117954853
0.5443427381194306
0.6523425406714548
0.1937173474733832
0.5682377054232012
0.3410871179948737
0.0
0.35761572216822507
0.15531368486646652
0.2504489189469493
0.21393214189344512
0.22676353364524823
0.0
0.874090193145571
0.8070260543314294
0.3024460896237385
0.0
0.09475942151785388
0.21664685379157664
0.014975335580797187
0.21153410354984756
0.5147906418674394
0.24316467810559156
0.4625581449768711
0.2981696558296992
0.6050889332009523
0.8056533618219909
0.2976420532794325
0.049643627839242456
0.3242234733472421
0.5144021168136481
0.39684697233163474
0.09544612581365954
0.0874718879225445
0.158993164245713
0.73086976837439
0.18231788212925204
0.3874447741859973
0.3250656004165808
0.379275119747962
0.3126533149486251
0.4264734003822897
0.051963912008977486
0.5181897527358724
0.1566139028379657
0.2885804512079096
0.0
0.24558858500921718
0.3358434066922734
0.24914039331401802
0.1928582282422232
0.43073585885723836
0.5922048504152999
0.021812492024509633
0.4509725202540088
0.21653337049479865
0.3337606514491408
0.3380949925467763
0.49872555176868627
0.0
0.17034981973098867
0.47186063171927056
0.0
0.4196249774869247
0.49247525572945433
0.0
0.0
0.0
0.0
0.0
0.0
0.0
0.37144605183471363
0.019863009048202474
0.019102548075434864
0.11874363167398068
0.019863009048202474
0.3357615472513604
0.2058239487259155
0.2956620599283702
0.3470954388315977
0.12924702600132942
0.20662756581505123
0.3245577161338203
0.2454775819418629
0.20681089090807744
0.20936820924093577
0.0
0.12400719646957283
0.5075909538193266
0.07666585653250915
0.5348587832116156
0.7585108053779351
0.12904938083671022
0.5348587832116156
0.6155050915021665
0.1447584855424244
0.0
0.0
0.08274789257060682
0.3628410631160697
0.0
0.0
0.2387628724575533
0.0
0.0
0.35969696205311613
0.038256265338790174
0.0
0.29985693767752697
0.1105174330927987
0.03919406410949695
0.4343343568930771
0.631312592307962
0.10553630988053718
0.6991063558369802
0.13313114542730287
0.22553255618331178
0.19844938690992228
0.49528230999193795
0.0
0.3590976433989439
0.0
0.1271330015201221
0.1682428518381612
0.04772183304460181
0.0305592091483154
0.01137154797918217
0.1339456647557101
0.16232831386090915
0.5962357425352814
0.0
0.0
0.0
0.0
0.36971164114681004
0.5861056455217104
0.5941456953338076
0.10264460047099806
0.03853497716637932
0.13219144943699518
0.0
0.4587401895962212
0.490183905266717
0.0
0.0
0.0
0.15997085285309515
0.6922668790309753
0.08667778172054214
0.0
0.16726958111669304
0.24879646646203385
0.0
0.029074181791349216
0.1953002446853761
0.5318439330522615
0.3487366749894628
0.2172206990739681
0.09924083514495123
0.17824113491735327
0.13300549028434394
0.2283329567706622
0.2235561405848443
0.0
0.17122157003837263
0.4622079265498314
0.3823082754700926
0.09664064445346791
0.0
0.16856370192858738
0.1967929538347439
0.2824593075521337
0.11531140809796366
0.033895393158063024
0.006327239796783353
0.04157436992436073
0.04240770441955466
0.016993300522103162
0.17188028929520194
0.052771776054813216
0.0
0.13791924924308635
0.0
0.007169167408699637
0.2626674271430878
0.0
0.31263573650450993
0.47994431882670724
0.0
0.011113992001794732
0.2629558811999856
0.03010868159317447
0.3860769890211453
0.1570056155162499
0.08254617154132014
0.14609742968096484
0.036161156863876
0.3975121231996419
0.319489425310861
0.05652452075615124
0.11708042312086273
0.06486321752965937
0.0941096093810362
0.33463230889023166
0.11804588685759562
0.48618006919717976
0.005027582498687912
0.056162696485897924
0.3273751393177425
0.0844146631967466
0.14493756533691923
0.007280363798767221
0.048194278300876095
0.4451817830770745
0.10065224391525786
0.17478792366223012
0.006587420029039175
0.013840647657543845
0.046611561477889515
0.008766766374910494
0.28440171844662615
0.0636731601760012
0.0
0.25400025400038095
0.20760953059042928
0.051532180198371524
0.31062871342539433
0.14584477226000883
0.34632382718713184
0.23441623435861758
0.2756222503746622
0.06311136528303303
0.16831723786047692
0.3698518395194022
0.0
0.0
0.0
0.010102711676820204
0.0
0.21408200251778145
0.17222173965959922
0.06782654557766184
0.10000683805135045
0.0
0.01305715065946209
0.16972926678232675
0.3005798773249259
0.335059639604783
0.1332772449567967
0.048292913669323555
0.15026865946639956
0.01311625402906483
0.006338856770752877
0.255700759455122
0.20542030300249906
0.5421961796597423
0.011919120938314591
0.1612676144586932
0.0
0.03773238178049891
0.07261984751757047
0.23479544455683657
0.0
0.0
0.027705748368958536
0.391100732090489
0.1675368123109651
0.005451922116800838
0.10306495358571413
0.0
0.0
0.01531605570392529
0.0
0.01052271132943518
0.0
0.012711704179644085
0.0
0.28202699032687073
0.15700831883599742
0.24844050833901826
0.33305893775941564
0.16686807997906908
0.05586523043719998
0.12662326076535266
0.01495130752901216
0.01831596472440696
0.12719392217135048
0.04823110667168688
0.5245220487097113
0.23476785293880426
0.17975106952356748
0.16613511972125958
0.0
0.02022143735201607
0.028446849235741353
0.2626960619669454
0.16834170486521055
0.15121083790116877
0.0
0.0
0.0
0.0
0.0
0.08786656961941754
0.21428324916426641
0.32536234381947904
0.0
0.0
0.0
0.0
0.0
0.08367163756780445
0.0
0.0
0.0
0.0
0.0
0.0
0.0
0.12634152330527965
0.09797418326286265
0.00834520198130272
0.0
0.09944724738270205
0.11923453791343615
0.061141977029340835
0.16077638689807883
0.009450971712956578
0.1109597001606667
0.0
0.455304535568033
0.34418786322276135
0.0
0.13009867802610722
0.02014024296042133
0.0
0.0
0.6917589883227329
0.013848663683856269
0.06069692884729232
0.0
0.0
0.26892567689099744
0.005376389034369917
0.22347400229918446
0.03158632611789833
0.24375830361394524
0.0
0.05257767100504277
0.2271806719450747
0.0
0.0889785020415934
0.27143181628974733
0.017088789759973688
0.012954857350983675
0.3358100833353359
0.15684999268901761
0.0
0.06296697039626596
0.003951911972955956
0.04300862325902613
0.0
0.0
0.015054722250902796
0.0
0.0682699372638321
0.0
0.09750055145933896
0.0
0.03721379737246089
0.0
0.0
0.0
0.3304125480736084
0.5986869109146685
0.0
0.1568376833840059
0.19166919089994572
0.1132608727377402
0.15224969704171842
0.007340830620475827
0.0
0.0
0.0
0.0909333870239331
0.0
0.0
0.0
0.0688411943202085
0.014137689072902176
0.03808576792752598
0.0
0.0
0.0
0.0
0.022269265194176602
0.0
0.009418497112434527
0.006499660966826905
0.28715707500581145
0.0
0.07556333136151157
0.1275336963725813
0.0
0.3958882046007186
0.20050316090596157
0.07142188901175307
0.13453755887608168
0.0
0.007428269293038947
0.0
0.0
0.034513799887362875
0.0
0.08905441692409397
0.026155060769143472
0.0
0.16602447917148302
0.0
0.10788307342391036
0.0
0.0
0.0
0.0
0.46003002067303844
0.0
0.0
0.019646358384460987
0.06038131736502989
0.0
0.021075839116889684
0.1588867014505347
0.023916652049196886
0.013217670407239996
0.0
0.0
0.1299209924424615
0.0
0.0325419886917522
0.0032216835368728157
0.0
0.40082022780156357
0.1790676971730747
0.0
0.0
0.0
0.0
0.09167483119038194
0.5257815243328051
0.006136277325609323
0.0
0.20138499370135626
0.0
0.0
0.0
0.009982516104641173
0.009350007839389345
0.22445858929338755
0.03266755654949203
0.0
0.145464094578618
0.0
0.0
0.0
0.0
0.053742612641126376
0.008144054633497799
0.00469247562857805
0.09747988744694266
0.03355726490389963
0.004695842784886213
0.07592765036349643
0.05909321547366486
0.1314114737104825
0.047811225240462156
0.11663733146183448
0.0
0.0045702249730117635
0.004228943966319585
0.006481327838589097
0.0
0.0
0.0
0.0
0.012936334390882678
0.0
0.0
0.0
0.0
0.0
0.15905225073926996
0.0
0.04434312647088683
0.0
0.0
0.0
0.019888576105565204
0.0
0.15262205211509292
0.0
0.0
0.009878054946036382
0.03145064305022755
0.0
0.0
0.0
0.036450017219152496
0.01691325701596533
0.0
0.0
0.0
0.0
0.017973786173025363
0.0
0.0
0.0
0.0
0.005883823024367264
0.08013663101940248
0.0
0.0
0.19005339906536206
0.0
0.007772940193121999
0.04993467333201847
0.27001331523495314
0.0
0.0025237080777472222
0.0
0.08849995870914462
0.028594005208338217
0.0
0.0
0.08972753338290934
0.008087774117340817
0.0
0.0
0.0
0.0
0.0047587262309288295
0.0
0.1067018859948409
0.12488438612392706
0.07147021929399285
0.0
0.0
0.0
0.0
0.0
0.22327049493292286
0.0
0.0
0.0
0.0
0.0
0.0
0.0
0.015107276750779084
0.0
0.0
0.0
0.0
0.0
0.07169214527913988
0.0
0.0
0.0
0.0
0.0
0.0
0.0
0.0
0.0
0.10663183961699998
0.18170964182902516
0.06916595077234082
0.0
0.0
0.0
0.0
0.11245738205681956
0.0
0.0
0.0
0.0
0.08196000714767104
0.0
0.0905539371776156
0.0
0.0
0.0
0.0791445307784222
0.0
0.0
0.0
0.0
0.15881531947989735
0.0
0.18653064298214236
0.0
0.0
0.0
0.0
0.0
0.0
0.0
0.0
0.09494730013519119
0.0
0.0
0.04954140979311287
0.0
0.0
0.0
0.0
0.0
0.0
0.10205587295591054
0.0
0.0
0.0
0.0
0.0
0.08006637846968671
0.0
0.0
0.05944743613622676
0.0
0.0346948173865902
0.024353829987153942
0.0
0.0
0.0
0.0
0.0
0.0
0.0
0.0
0.04687228461981005
0.0
0.0
0.041136042023518164
0.0
0.0
0.0
0.0
0.11472565766984708
0.0
0.0
0.03685994266410833
0.08114710535994138
0.0
0.0
0.0
0.09270584746907598
0.0597687687181263
0.0
0.0
0.0
0.0
0.0
0.0
0.0
0.0
0.0
0.0
0.0
0.0
0.0
0.025930892672208942
0.09466357971473101
0.0
0.0
0.0
0.031125093114567005
0.0
0.024392973166986655
0.0
0.0
0.0
0.41766736743276334
0.022570978477877153
0.0
0.06848864778946127
0.0
0.0
0.0
0.0
0.0
0.0
0.0
0.0
0.0
0.0
0.26551494961466343
0.22715719972794896
0.4713766122046438
0.38500093298371174
0.252413181384983
0.324648585672263
0.20574044054941068
0.05683488741846776
0.35098892277273175
0.36793236867427553
0.13860646053914585
0.13146058750574247
0.5844823461968591
0.5726730591616312
0.3254473645379974
0.27942146844403876
0.07445832300900855
0.5280058523143987
0.16218641233264605
0.2655472571257748
0.2468531086327532
0.1568944935286267
0.46841684322720456
0.1134798599457648
0.5812409248724502
0.173491471867931
0.046065641599775164
0.2595299124932738
0.4880135244254367
0.2634490121917004
0.4177356753397637
0.24148345016090234
0.17531753501835684
0.38174115800311603
0.14482313359083887
0.39519798134015316
0.08826773904445999
0.5910489802882957
0.11637874755238438
0.20526513898324383
0.19123203498162866
0.4059253069763242
0.7078431616973234
0.16120096737433134
0.3088750706115667
0.10290201539030369
1.0
0.09185298992002214
0.4483255438946444
0.3775352525862385
0.5037852745005716
0.5426068605542923
0.4708813568563363
0.35813872573684474
0.08868919388469994
0.43706288835958873
0.3512857812679773
0.05476892048369891
0.08529827307767315
0.3322461582523085
0.23073493343504128
0.36838712807117846
0.38278724706509065
0.2828091545014261
0.5748254456972675
0.4257073347972559
0.23802326525760922
0.2750808294233129
0.2670460042005765
0.35875093423575455
0.5344416768076533
0.36126455159287896
0.3252552414656108
0.11789987366787519
0.3067257347517338
0.2583596603645506
0.14817844403779087
0.13606637351495526
0.26754542183200414
0.6358264282101329
0.302595830367548
0.2596774212258338
0.23032076094435505
0.2553814737643547
0.16260785211731038
0.7627997631180192
0.29483736961206647
0.11766029641450496
0.33526500999897724
0.6112866926316979
0.1503925167761893
0.33777297752560914
0.05862715796419971
0.30958747765341066
0.14460412112467172
1.0
0.4597261802155142
0.17295428756975542
1.0
0.5942488519833317
0.1616213478003073
0.1531962691124844
0.16648768530532332
0.5561073673144175
0.737742515140261
1.0000000000000002
0.25829180765784115
0.07482550250256177
0.17220088732657085
0.5378186716189827
0.22328737787933314
0.12849116631342974
0.18431297286245324
0.3249361279981642
0.5966425860339208
0.1650258120647373
0.26388148860498134
0.16565141400208105
0.5743943238722745
0.06279533326299962
0.0
0.043204574130110245
0.16871921206607982
0.052420310213367814
0.3773385317324715
0.18087633833823402
0.19371799129033243
0.2444209248977783
0.34508337388043636
0.2576860410813748
0.28063912569887356
0.2219399393907392
0.09891223130002574
0.24363384912588157
0.3703316655382841
0.17771389014509664
0.33499551273324607
0.20389307837941748
0.25323926028896704
0.2612534880597124
0.5295655779783207
0.19097452988991737
0.24378801039683629
0.25352435060213263
0.39724896167029283
0.6982809330492742
0.09802503126806972
0.6077045181005084
0.49976221461287224
0.24463205197350074
0.424170850428379
0.0
0.2510332231875999
0.7979273356863384
0.2710281536025587
0.4109834023010666
0.23414052298696655
1.0
0.22737267731533353
0.1326011157463856
0.3733419784417929
0.2744757227336611
0.828684432242772
0.3933416294022608
0.20658465479629304
0.013779366476870083
0.0
0.11079667410599646
0.4839501126268445
0.12006695374341751
0.06851449710610232
0.0
0.5728218533941851
0.5323774149120579
0.7655938281598353
0.40993906756460097
0.07981285669453478
0.005914033643686233
0.22963777594597584
0.6016256834639909
0.456652375122513
0.5907251015036807
0.07117404528527199
1.0000000000000002
0.1464826837627672
0.10684517262080913
0.4736493223422173
0.47396047684606424
0.3716060383632719
0.21380497991247954
0.006165192231262293
0.13778641794995083
0.38481663363915325
0.15308495459614524
0.27675287525449466
0.5212138075986602
0.7773191988134867
0.3627399543421561
0.4141977622587447
0.2905915526360931
0.14524468959394432
0.07862147338744065
0.0
0.20906573022757427
1.0
0.6635213794204923
0.46136129769152096
0.537040117822274
0.2990851456603789
0.08395647103851979
0.0
0.6677372730247183
0.4543595459788596
0.28317909674526875
0.26255820506544647
0.7653930013685665
0.3391930686878667
0.0423030468616293
0.38304851724865957
0.2452992370362656
0.11857524861459846
0.26589341279148043
0.45369492837105824
0.0805349512466815
0.27346031810290267
0.4614050442178462
0.49464355687016703
1.0
0.5098676150155695
0.2834735662492028
0.2105050887276871
0.7526656316058516
0.11212252943887155
0.2938946560758385
0.0782095953771585
0.19607309206318788
0.0
0.35063124668817464
0.4742748301107399
0.5015405012497723
0.8511393860530199
0.1291745404868586
0.5644644985609698
0.1725083400559015
0.12409203092059314
0.6376956803365887
0.7014740117490971
0.4808679124925939
0.23449287708936398
0.729309618606931
0.15585270548392868
0.35558679222095546
0.32913295162516126
0.37636676227622035
0.23434342824543186
1.0
0.2487728533648143
0.44313141198024225
1.0
0.7461165353059446
0.5123307936695173
0.14722438465818172
0.331480465559374
0.27779690221266795
0.44241600383150764
0.17770698585542108
0.5104547006724168
0.5093372638097817
0.16824178016433797
0.08251318538460031
0.6592805401141715
0.04244947632090685
0.4280451769544987
0.364810427068998
0.10856468849327422
0.33517456414943025
0.26545985235498504
0.36839641113679117
0.24006805308916646
0.5000931559621231
0.18409387935968682
0.1811264765185576
0.4727472063849498
1.0
0.3555978785768063
0.6256532429832029
0.37736809381706704
0.49667694835799536
0.7539514262658016
0.09342094218886461
0.6956411107483851
0.06366403814898342
0.22177579164855446
0.5248188377119212
0.37891377769604173
0.0
0.7615711910694042
0.31713062927531116
0.48531093179195084
0.3579824181345092
0.2390542300239112
0.07899441553416855
0.17034898662984052
0.34191380311483743
0.17257401761497804
0.6714228376854687
0.05537921583841572
0.5742764313809295
0.5072368969817246
0.9999999999999999
0.32958992395529535
0.26499517515799365
0.09267783973447973
0.31051296375675036
0.4912383376154619
0.46567697484974413
0.2974780426868402
0.45249285289005825
0.24905806405031386
0.15551910627841534
0.3658391283527338
0.03633185280868732
0.7689186073428499
0.1720455838787645
0.11195370357537873
0.5253855430628325
0.34516456834028597
0.31565625602694364
0.04487103646464061
0.17235534766437663
0.12008508712254518
0.295020169524478
0.2626612780174317
0.4102075022726025
0.0
0.0
0.2505051430979212
0.3578700917347282
0.18908189404937736
0.0682415941911047
0.15403702438482436
0.17538867835909633
0.38113013901191656
0.4442195943723541
0.3541924479210509
0.4018920769841596
0.3376650105996608
0.4852750503350617
0.006658015644424142
0.33397197141305346
0.25140916929054047
0.4443313531610442
0.26651297216729836
0.33927458848785724
0.15859941018493018
0.296707257507018
0.28091172571287504
0.8511393860530199
0.23975536515573453
0.42516033918476304
0.18980264576498895
0.11459935995058569
0.3175810870612863
0.17294506062231785
0.39731531061189057
0.21926347875767538
0.29531091041311597
0.5884693916111259
0.0
0.2464687329634014
0.4363220347298769
0.38705386914489537
0.14697330964359723
0.06833372508143983
0.2573054960710923
0.36842423049870776
0.307091570646371
0.26639550067970924
0.46246083876679694
0.4308202937475843
0.3045799423689154
0.4159512502319269
0.16872649541305315
0.15690923275086865
0.006714574972208248
0.8089147466398174
0.20779959513996488
0.14595129497381817
0.14148219527546835
0.4710013390259508
0.6601327335617423
0.31333478674010584
0.3552965119269257
0.17604425395890058
0.4187963762643413
0.2046593898602873
0.08642822762844486
0.5610070200842032
0.48035950241807607
0.263286574064143
0.06618451882956133
0.11466871952245417
0.4378494505315138
0.5579443292521709
0.30034822801070366
0.2665971919086054
0.12689814688015755
0.4090401859548612
0.45877473126490764
0.4051989807762058
0.33502498044391
0.6784270351401612
0.666830948987614
0.31051296375675036
0.31925361476625735
0.5007651688931857
0.20694719678839024
0.46198942668795995
0.37728040800919505
0.2722740301120589
0.066103412319434
0.08008826794301478
0.323049869362704
0.45389386179320884
0.056900842190048
0.522628133932499
0.13996821291372466
0.5250122948375889
0.3765815635268723
0.6317647838423186
0.10372178480070646
0.4619967450215973
0.11086696103977217
0.23107980211573634
0.28063848270284786
0.21743682464182937
0.5480821962309277
0.16590432326810448
0.29133373609353636
0.21004938787837718
0.0
0.31406058860427405
0.36344561363296185
0.19339088077248295
0.27806176082446604
0.13117089246982788
0.24198132353921978
0.2282861184600306
0.41004511741792515
0.5496121488107646
0.490878062474956
0.36483239945876855
0.39731531061189057
0.4146442175933488
0.5628570270694833
0.09501368081146533
0.27116673768449256
0.42910364195686684
0.006001112925887818
0.14857173654702216
0.18772763739573792
0.28782976316093195
0.20395643538683741
0.406593430751315
0.4709460535735754
0.27884724048142884
0.20169856571887232
0.48468110244983337
0.30905173396811375
0.13943763389635297
0.511759735398519
0.1113278585324701
0.24275711917348008
0.2220837983687175
0.2751106303240615
0.4310230664322137
0.006335932847717442
0.2794503755532008
0.3469202006912727
0.2657329961294046
0.8038103946774356
0.6634467689693644
0.13896729455106724
0.4162100999937845
0.2403174692349413
0.07000034490835781
0.303496011534596
0.3299231968873308
0.11379309920295536
0.40269423555416517
0.32017745044273266
0.2607425767766438
0.3797891435974381
0.13894451953624426
0.11771448189978172
0.21942512411562085
0.07246499436968128
0.09802628488008325
0.15715016266572704
0.09734949026552557
0.26242920218880095
0.6445441169016324
0.3970686530499285
0.28224233362223566
0.13570568992961418
0.3047736575924663
0.15039437915071868
0.22519493528840132
0.584074373117826
0.058884821940873515
0.380889944535967
0.2109511593081544
0.4488706262147105
0.0705018943004875
0.09672086416611288
0.1200864054130407
0.2754498592726082
0.13681808685365995
0.3726657306758269
0.16368968121785427
0.37202160443839943
0.30450865729523574
0.19649721417173963
0.37577228985553507
0.15534314486668815
0.16333339043634587
0.32962607081676204
0.15238021915909117
0.2425668935812322
0.3051647436442558
0.3623768012086595
0.4401808108253671
0.10004309185592972
0.18052879598229876
0.20746501519113975
0.4562319498223298
0.2203587671929804
0.18968682349532398
0.12078996870051954
0.2598433530728189
0.0
0.0
0.429599043079637
0.148375999775479
0.07484269658673882
0.3670455201296933
0.39768004144433566
0.3331955941422747
0.61036785322249
0.13266938721531785
0.5433255096608391
0.1695229465820618
0.412500691587483
0.4420636956755274
0.26272812381876604
0.5540711113114827
0.5228384686995856
0.30290258048506247
0.26838844234393766
0.13843284696868857
0.2983465475190716
0.10997191955888136
0.46709174409425286
0.3282815860213727
0.08276861118108032
0.14423931402768228
0.046771280694088625
0.08862898194856163
0.09741427050150962
0.2712766956316743
0.33078708245381166
0.6840519590506748
0.11842840443717831
0.21427294096610722
0.502268986205651
0.20076263769060076
0.13771256033252055
0.4941543172574619
0.15025649738766125
0.8914326698331649
0.22052569034389977
0.2123297286017393
0.13017128759798355
0.08822743856974606
0.06536085902693688
0.444638790203535
0.5248188377119212
0.402559640113416
0.1070623032118272
0.15618937570891928
0.35054770061087076
0.3305721490729602
0.3282785727813972
0.27340763171633403
0.4270242040486697
0.4382113671937056
0.27716393385284654
0.924594093703161
0.4040343746665525
0.10082931736254176
0.10438273778219602
1.0
0.28237891785999714
0.01590137273341232
0.16907722337418774
0.09601745635025613
0.18256397293762233
0.41026203927316895
0.41608576684145376
0.14791742567968819
0.09954156866332821
0.2768189627516841
0.2799590563498284
0.20116519001637542
0.1239642412349553
0.7375194074349555
0.4019773827926699
0.4756071433957444
0.13071896192933638
0.3476213360557014
0.1161817408834138
0.5905637764768835
0.2973523361619569
0.4345244415779883
0.15786945356259025
0.30746480954087163
0.2643322077561525
0.3320467156845993
0.10616595383265084
0.6137407059496732
0.7390987862124669
0.1391175750626087
0.5408483176446856
0.15198405519626876
0.3458372529302519
0.3295537883048688
0.30710543570837634
0.024369934119274066
0.21176201019975704
0.3589075950093883
0.22609573158890273
0.3197964413566181
0.07210487571137
0.2452992370362656
0.26571433019002777
0.5307161326019522
0.3408050340545557
0.19769175530743896
0.29474884174390586
0.40933785853877536
0.20567472667480308
0.5672161445609746
0.4742748301107399
0.6605750571411316
0.420254232078367
0.48457319718670755
0.10055114788274915
0.36611669013181114
0.16397634214901166
0.7458986321462044
0.5474784618223865
0.41944348117712477
0.31891564522043986
0.2939183505405286
0.05968000694733373
0.07983895209651594
0.19548026998225754
0.49751210450579114
0.2903251180621655
0.30866246562629496
0.27631509097072987
0.1825156490609953
0.06283334228677766
0.233855082394933
0.024299975065166214
0.07354797555467478
0.08944753261690021
0.5669178857798528
0.08247349320030146
0.8708501702258885
0.1797211749296182
0.7536182808936941
0.2797467694600782
0.303293523440547
0.45840028354777257
0.48166648516612676
0.2734098866081587
0.7516622902265
0.29898758241850104
0.3122773504121873
0.1007393714967846
0.24057759469787476
0.43977509756430677
0.6113719002056148
0.39488037773999407
0.12914917153576339
0.30149837863065937
0.1065793717017636
0.23318287762183307
0.0
0.5844823461968591
0.1271802779381501
0.1409477555290602
0.1463132055944507
0.452797370715846
0.1793802893533317
0.29111031433705775
0.20851897500511538
0.5779166190068721
1.0
0.5887594087601227
0.17977131057654303
0.4742748301107399
1.0000000000000002
0.6894310837730281
0.30982317412972027
0.36431527744301867
0.2877865523515064
0.14585202165206188
0.9368557656478476
0.06753362954281494
0.29679606801265973
0.13759992504947804
1.0
0.2205863910013786
0.1392028451712072
0.20128818824511485
0.31553516573555696
0.5569331799504189
0.27837393788131337
0.07829100122435717
1.0
0.4571729956790416
0.0
