0.5997372436066855
0.3688228170678566
0.3794629309543889
0.8197555155322214
0.13937007054632097
0.0638823455832281
0.1943046119723095
0.5090816456225794
0.6086604148364533
0.3056375701670886
0.3096703334586476
0.7380380652041292
0.6806916301544683
0.7025252349731855
0.5704281722777753
0.516174067373201
0.36768049574990364
0.32280599109985764
0.3473293415203087
0.7545249901412826
0.564881653474228
0.266249946164299
0.22172033383216264
0.07392171079989804
0.13870096468507861
0.8261514847680581
0.43295827578696366
0.4208501687987444
0.6253565477475294
0.5995370737825308
0.3696245971999196
0.36444613381556235
0.4535628533175225
0.655999762191966
0.26103943436371746
0.23547748504943333
0.2849440009605057
0.3770801270307412
0.7036676985311815
0.20586904727551145
0.35694965472075046
0.2299122345830217
0.5268200519688865
0.35907050492159187
0.47222795598730727
0.24616728491707707
0.8097716580680481
0.4056480073797742
0.7734458140438466
0.6316949258653013
0.41972888520317025
0.6421753415100141
0.7077036561360497
0.23088537807790413
0.5051980481888325
0.36612186221057064
0.20372605213074046
0.29093128629871334
0.5444459904546469
0.4134931253560139
0.37899372286368976
0.5563348964670461
0.6950896802391925
0.31597283836911
0.3171213746230116
0.8258733401794142
0.4788995384576974
0.38569152289253944
0.6699439120380212
0.6512263579047255
0.5960669444459159
0.30813418556796607
0.2865910210813141
0.41425209082657855
0.5165238577401409
0.6104189285605623
0.7141777421993534
0.4203162163839167
0.30269527027388954
0.4857095815027735
0.6270452317817988
0.6384393319666702
0.4547715467318958
0.3301368773358469
0.7515690384752921
0.3827449529918075
0.3700170820159173
0.18107163165512155
0.5047751841515664
0.5160909223743408
0.5807073522395
0.47668384532731684
0.43303621968215883
0.42317409378219994
0.20720963426609804
0.733828982882235
0.5298719492077493
0.39608837859542895
0.5071259839042878
0.6442365476899566
0.3003760922881834
0.3624100731844229
0.22652351199744764
0.3429410806176214
0.7190513750966387
0.5363256180000064
0.40111944484033013
0.5766575056420226
0.27174125696954543
0.6942282921401517
0.6007706355482189
0.3514512146833229
0.38813958155862394
0.23071861509154495
0.3589863435789426
0.5268822244336381
0.657467054637114
0.28490736831273733
0.3666837744038769
0.44790057450191617
0.12534873789383988
0.6661933919601664
0.18755575489775145
0.3573099011310733
0.452529896709601
0.2803966234050475
0.6184356851695801
0.5398085998598809
0.6561453678892294
0.1029400899554282
0.643781912285179
0.5615223303436782
0.510719046903793
0.8712701946378946
0.37786039830813756
0.30099709805186675
0.4046788854486652
0.5657595629619333
0.627219765601712
0.4448190987530705
0.40269636936168346
0.29586300631926465
0.4309537088336867
0.5888837364145804
0.4858952969873702
0.41135547815443596
0.5723216533397877
0.3125814198363023
0.4118984427848533
0.5163668370877239
0.5848215022337018
0.5671736961729816
0.7145217148854511
0.9177722761801064
0.5258939076969049
0.44418182901498066
0.42013868376240526
0.40901965071052787
0.36537651846418384
0.11484922258599992
0.658531421921998
0.5263301158944751
0.3763605017522128
0.5130167937035071
0.5773453126085644
0.40854455067370143
0.23994864622669684
0.6937025683884118
0.41244120003364976
0.4412295013040493
0.5662306526631287
0.37239724040080374
0.40925245781391034
0.42979846829918295
0.40711270460448085
0.2802021264765254
0.370219039989172
0.747082777308328
0.264145772003753
0.5205476550655992
0.7665780439676875
0.3521660170971917
0.49830708496686493
0.5545340082149838
0.0710816780338698
0.6154257462562237
0.7387204801603221
0.42185666865848487
0.3861916578274314
0.18891771711529426
0.35898234768804177
0.29223246173337375
0.617572039974259
0.2581449759509657
0.6190642044539925
0.28065871207286003
0.858734872664548
0.09317499249439311
0.6615762800691383
0.33056501694130264
0.5965437342109042
0.8380719872273514
0.15828073479841892
0.10617392701680825
0.3456971098368637
0.12889796265256198
0.773475960068793
0.7137082823482699
0.2586456233089836
0.6024179601522991
0.1877032074577715
0.3465007955058478
0.7321049246096192
0.5323731795097528
0.254780605606584
0.745791666275163
0.5151533602667183
0.5393124405031445
0.737200880700596
0.6437360121040477
0.4558304194990756
0.7529826199614538
0.8033247522108531
0.3996426981095251
0.5576908878857121
0.20794777264062902
0.8026151281742774
0.7416564900772982
0.2933488954744693
0.38333018885960124
0.37968777023064537
0.8359688158975922
0.34087242953734337
0.6246906759649604
0.35826035499369485
0.26286315508729713
0.3056471539689153
0.8662837416899852
0.4025203642893311
0.5963240372937331
0.47872685913023044
0.3241180343837907
0.6142964524307565
0.6203714557170563
0.49354080414893786
0.31190693388089175
0.7123933121407529
0.29522327220463784
0.37727541044055285
0.4344318292112564
0.692831866211316
0.8845250468957859
0.5267200374470898
0.05107339842062521
0.7565467683265282
0.3754250533213248
0.36527470401607204
0.502744915257456
0.5344014319701912
0.543579480602901
0.5123850495099602
0.5216266384340636
0.5593309550730018
0.4990819582719822
0.29212606368000854
0.6838394178558838
0.6324299246996609
0.649044383392725
0.5013606973961452
0.5549625164673027
0.2530969610824074
0.7233305575185517
0.055460799056315534
0.35651830345263175
0.7710476328106419
0.29709691891020723
0.5237122290737056
0.12051236319329155
0.5866419384421463
0.17812511411131957
0.5533794573662736
0.33375519142595367
0.3611385072483134
0.32169204226753895
0.6754669398615166
0.4440476814740898
0.17654325512492341
0.5369339318821437
0.5116528399913316
0.47575576866200436
0.605129976270214
0.33950695468535536
0.5588446404652474
0.2897732667634633
0.3366297424755551
0.7660377782924457
0.35273153848435107
0.7470870649533886
0.4396807871739315
0.5376948567849437
0.5296832182008926
0.32736304419557893
0.31299258265601
0.43843866996704567
0.3521550884993781
0.5842723062935078
0.5281528221188355
0.5397287763514929
0.6960951804779364
0.5382511608187595
0.678005409165198
0.7678327578581985
0.47734456911226986
0.36904212852363005
0.5305378008749867
0.4921798635472252
0.43228547551805235
0.5881234366157788
0.2868088887253198
0.6427952524935889
0.24490693618067208
0.4993228514600924
0.7431423453608391
0.39889646304223425
0.4736762555614358
0.2200064198025876
0.16678416200228674
0.5693091488032681
0.40400964174866144
0.2817307397295565
0.4842093570421189
0.6525350982645437
0.49012367921451044
0.3790883003500573
0.2745793311606836
0.21919727668582104
0.06922333197506195
0.44030660041333985
0.5662664555587368
0.3947158032188008
0.46147948243642783
0.370824032881446
0.19569095641008316
0.04766674224456608
0.3245217772575065
0.5136805580080561
0.3095356666040419
0.38329305911561484
0.6356756033748109
0.7442554912184692
0.36630064198192464
0.3700009863543192
0.2449374841213576
0.377938380125934
0.3639033782206553
0.5331810722740568
0.26548938627148033
0.7611121473848758
0.6133763541062672
0.729028386998503
0.28496967815266677
0.5928915129385269
0.35459687297875425
0.8492060486268314
0.1368014004035624
0.3000916853462409
0.5747569013381083
0.5217062498096858
0.5312568780653576
0.7047477764974003
0.677537293625321
0.5212471764825719
0.3615346290180207
0.6924560184551443
0.3210745193074555
0.7932846467871927
0.3155914226711599
0.7373880906416879
0.2514179102879725
0.35387261571690803
0.6368218140741398
0.2359056975804691
0.26535959185858565
0.08963770782656683
0.7163694246186626
0.6227132215740093
0.27480315045819026
0.5145605463989904
0.9268037377164158
0.5561281328077822
0.5586893591227479
0.6111461911163674
0.48632312424925517
0.3864534221068281
0.4552663504031007
0.5559051932005287
0.6603074401550948
0.22173927919445893
0.7685795937856548
0.30943769870452964
0.5369466284720948
0.13680127343021398
0.47660383636758996
0.18300816786569765
0.2483349415044363
0.2747203603408288
0.43059243614623016
0.4363950510375958
0.21382904152252702
0.35164436934352783
0.7401977342540571
0.52100480201576
0.7995347790961358
0.7900826754822972
0.22448664885472902
0.2551622860728456
0.381592023648009
0.8331240194283906
0.464600273003567
0.49155126432505414
0.5770081522994744
0.07284047559852443
0.3179553745666239
0.3850398793122015
0.6754167011966825
0.7633211664803371
0.24268677087881307
0.3380236368988841
0.19578707807545917
0.16500130615841033
0.5786031227100964
0.6760179325199138
0.34349270959254247
0.5713478547493084
0.5013597576842067
0.9999999999999999
0.2992623361868518
0.49892605186951766
0.467854619851617
0.6486880577795769
0.41029308935520586
0.6896525390269317
0.7633178819101636
0.17156710041915757
0.3579472237541589
0.29690104879134155
0.14001897932528576
0.053942462986108865
0.6535074304570846
0.7540558172980376
0.6303175863475867
0.6513997909134042
0.3368667796152946
0.5513533789535179
0.4703793812251421
0.6444406982914875
0.49417776601914704
0.4085549101072091
0.40589972113236455
0.6480311777198713
0.46865628828845307
0.24015182815391267
0.48839844794228726
0.7967480701286618
0.227722597092648
0.7801017180251648
0.102200883439407
0.6580172632201996
0.6260423442299341
0.39265492312757905
0.43694161889637334
0.1923411655341625
0.08700221338046042
0.5800109683929638
0.41847221912150856
0.13036234166091196
0.8516012566140316
0.47484139687719285
0.45416736889587744
0.3453411965367958
0.21068411343250593
0.4012284348504843
0.38489288668715266
0.2554236924826619
0.32112783674148854
0.45193002706363594
0.6995984086936362
0.6217933052951694
0.35414566485162363
0.32496881434856634
0.625879251168994
0.5157952155081754
0.18885752571096934
0.38765343345015285
0.10373403525177131
0.4309690184829382
0.3456750162001344
0.6102110001273331
0.2566176183726934
0.21088945305337967
0.7222397375536189
0.5140001415794934
0.7273029747239932
0.2549007910194022
0.6013278437180685
0.6764021333915347
0.38277597615325765
0.5513711544423254
0.4820430358488741
0.304503689018867
0.28283475554500775
0.4804632456046522
0.2022286634917965
0.4014039024472163
0.5081395708732518
0.6656480135174025
0.24158671714725002
0.4783876737944805
0.573313049700737
0.3458853055686347
0.2932554119068917
0.3372867298189068
0.38962230910023793
0.3939635212239988
0.7014348325634516
0.2721511792129167
0.44743596147630577
0.4386764602439497
0.2686220483660736
0.40452480804833757
0.057299661927172105
0.42363726407385327
0.6866705573466615
0.7475872801420417
0.35099029124906467
0.3338823021331008
0.431965992648221
0.5937865092931978
0.4869909935652062
0.7363627798534402
0.1084356856296796
0.2495952258515381
0.2822270851682054
0.7248642971348108
0.21487448656188188
0.5254010698664419
0.4979831442067987
0.22822991684220514
0.4748488418200708
0.46054557482575736
0.5485698877416628
0.7459161585753596
0.6775288902827469
0.375291761220604
0.6098136576032083
0.4106623479550548
0.4541491706801683
0.5824943949882939
0.4933006537295892
0.5782234831491018
0.6518626194929232
0.7567882970751248
0.0783255396948574
0.35722293274144656
0.6666094777871358
0.5730803942821334
0.4449335990073035
0.6967035106616468
0.5285269058986106
0.41846627238280465
0.5431009064107775
0.363662928671284
0.5130922384302243
0.5322286278012669
0.32404735162108755
0.22954745484650121
0.27021827370988094
0.42971060892191
0.41484060512087734
0.7582037059379337
0.09802024400805792
0.29224460559645377
0.4471307414897202
0.18963482884786612
0.291544827185625
0.7071278092970893
0.6838512668205166
0.6256204511985488
0.5233438527619795
0.48324203916656827
0.28699001206251756
0.24848866730182143
0.34375160508592767
0.6955375023991643
0.5014038533836718
0.4621320088120959
0.3486172308155002
0.39256926409855625
0.21722233318541798
0.6905367538617255
0.613435138330321
0.32109115225519075
0.27811949980818373
0.57909125484533
0.7489197435894763
0.5883959653555988
0.5107684576947722
0.28954206704033403
0.6025550037190475
0.3258927999819729
0.25296241862121094
0.3769432337374898
0.6384409603954181
0.3070278373978793
0.5590986589239592
0.40206914972299435
0.2592922077464238
0.5012229908908705
0.3965387898354293
0.2400462483830335
0.6045184228244622
0.572087176653649
0.05481571666290975
0.7590265148553329
0.5722816031219673
0.3918704196346327
0.39768375544493534
0.37295806992771346
0.42711211579279457
0.4873041801655686
0.21398558211105947
0.2896376580407452
0.22911415391050302
0.6951214692539684
0.39657520069835706
0.10678629667665798
0.23730395307279384
0.7070076347655241
0.898797763648268
0.5811351168992712
0.5849995900986802
0.13205845900795563
0.137598809494742
0.23198925738419238
0.7127843448361473
0.48835884711767497
0.7410041941192418
0.461610071967157
0.534215259351998
0.14427517405100304
0.2684232104546887
0.4008378843809467
0.16028597551281054
0.46346995834114907
0.29412974438788514
0.6514873347911062
0.7332466906702633
0.7461667184742294
0.4877881491807111
0.38008993929901985
0.46814493704551247
0.5196084310271532
0.1920482446800306
0.29640136761759706
0.6842546412906165
0.4233545994674678
0.3134855820643135
0.6045550217786065
0.4952193285039406
0.3713063544424531
0.7695179819561
0.22239188209693692
0.7257677959874206
0.030211356382139818
0.6860630259832685
0.49230601653060124
0.49674841611744597
0.47699555002417876
0.6015321403026221
0.6081718584679494
0.3249986743785772
0.18814212835318309
0.27160268059562
0.1445278586620535
0.6834101851559169
0.3664576390112836
0.645853364590415
0.6759481843027542
0.4634807463487713
0.5159157740352797
0.7741856713678215
0.13854167168363118
0.44918377521713904
0.4462812789628961
0.21390542375521043
0.36937660961652863
0.5723900655706667
0.27600189925462826
0.33176790825604796
0.3365403670085106
0.3846220334419311
0.32587316851022374
0.6113733165201113
0.39794570823725806
0.2379000555166392
0.6264589062450496
0.49158476682868213
0.17020574288216564
0.5865049636629898
0.3344240085548045
0.7342801905035901
0.07370251691174008
0.4073449063433384
0.6183387538056158
0.7641961903536417
0.454502514116577
0.38601821518067453
0.6413428720046939
0.4701613997080068
0.4904292580547683
0.4614053481053135
0.6627225980655548
0.31636757097780044
0.5881158873740087
0.7688675552001027
0.5063411305114692
0.42104934575197567
0.762833418132387
0.33673010910693985
0.24773703369598105
0.49019774146198025
0.17115141505738277
0.6403633735930616
0.2591926187869523
0.3564975226088003
0.28114812875538947
0.5693339280070229
0.17711746144139343
0.17137090267755706
0.5933712002999105
0.3747354132629198
0.49632217753533725
0.42390679524932573
0.3664576224719267
0.544327081563537
0.33739748711148126
0.5017097214908436
0.4184147003089092
0.33050308741648476
0.46467454061181623
0.505233700345342
0.4608961721306902
0.4578381633286206
0.4988589229962607
0.4892522970628377
0.3828201592859691
0.6147944699267096
0.2949432515107127
0.5567902959221417
0.5255918420775431
0.9224741359206632
0.3697018509172293
0.3654893856530094
0.3114378845848086
0.5988319722800582
0.5834636189989555
0.3420236362838581
0.40229074108677465
0.3420236362838581
0.409057667334629
0.4916229275860189
0.608658465150939
0.7228702616479081
0.3488743115996494
0.48774756999604785
0.33158684375409325
0.4437158493117462
0.08197328937077573
0.4201736146970562
0.34894992705725913
0.6495971277105249
0.7720002771640847
0.3065595843774588
0.6495971277105249
0.4209411156902474
0.7402125541662283
0.24283737663854577
0.46301198708593694
0.3586947498551156
0.3023925355404176
0.13682702599310154
0.2775708636101452
0.8942076854372871
0.28791175506755723
0.28791175506755723
0.28791175506755723
0.2914268621288628
0.2914268621288628
0.28791175506755723
0.28791175506755723
0.5354481123347781
0.8365774957482071
0.490659244034275
0.9113320313934907
0.5157923734769958
0.7449165141891267
0.6660286078267657
0.8409587514395546
0.24727973498535585
0.6219106467933917
0.3619237459706052
0.004733589557291811
0.5327994072655735
0.23323712438388755
0.26811934410836624
0.3963292622892268
0.25099102094563724
0.12573157222355194
0.8614074567382108
0.8388792669953675
0.513813636698988
0.008657906927123519
0.24588808057172631
0.31284209331386237
0.14054982094739701
0.2323656491293838
0.5507310717142624
0.30636954824473683
0.583578430125035
0.3470397132740769
0.8108785436270373
0.7681018846756275
0.47985880426920385
0.14747969476988754
0.3684324083978853
0.6044879809371777
0.4570694718024668
0.2357744226049053
0.21900982711298017
0.3654828034894823
0.830903320831091
0.3834441833446177
0.4848011127548544
0.3073775331982901
0.5019394056730294
0.42208254175716675
0.4394052485628502
0.1732914294524425
0.6342046671312047
0.2729554311117492
0.40766687616556563
0.09972255949341434
0.27991904611997664
0.41414993689409796
0.2733092871194447
0.23034025655085985
0.41154757792698354
0.573877820600479
0.10462243573842181
0.6743291546710323
0.19685925357152498
0.4329941313552716
0.39940483026975426
0.48815942090000136
0.20405611404210985
0.4208243728022034
0.5582151174081118
0.0
0.47380196169666855
0.4866375256778798
0.01120146135612008
0.008278817174817371
0.0
0.014641303348490032
0.018443858170292503
0.013631554395952728
0.018443858170292503
0.49146092586430234
0.031521907000174536
0.03392134202960248
0.22309961096832187
0.031521907000174536
0.46848315862774736
0.4027014433918411
0.3561955823603308
0.47391318680660327
0.12086051318667872
0.19551962892663743
0.3864176976460711
0.2892053510226652
0.25521043589096054
0.21580102834288906
0.14744386685360666
0.2749626844952398
0.49187900586523164
0.20025030427737542
0.5433967736623565
0.752812034017881
0.17820171526288617
0.5433967736623565
0.622775806388398
0.3966456268926109
0.006041848400764148
0.035546290554123026
0.27490437786171595
0.38121468938775
0.0
0.04096535967537056
0.3799170533112961
0.007391892216763321
0.007391892216763321
0.37372944152047116
0.02817649473184345
0.07974700446584686
0.33592727279307294
0.13771239030601273
0.17658457260894442
0.47478793923185386
0.7780548827508788
0.21660663165611438
0.7539801642705221
0.2974359671956997
0.23932171524528972
0.36926506968740397
0.5113639352710793
0.04291071620654846
0.4544069774044473
0.008194128486667104
0.21100814904637905
0.17708707877417026
0.10125361246512767
0.14917845359904147
0.021702166415283275
0.13399149821026995
0.1528863969942799
0.5896228788767005
0.012400418556849787
0.012400418556849787
0.0015042750105768612
0.00936536514040993
0.415008681311086
0.6034386792906619
0.619356121496043
0.11842597777350383
0.17094859841132087
0.29714471384345964
0.024419617724642306
0.43618479258878423
0.5396400016349125
0.020034219691838696
0.008051683116660014
0.09028638653368774
0.23201771801829724
0.7635896554298646
0.28463549606131666
0.08188609482723705
0.15845145959130624
0.24856346828976397
0.11935562462409802
0.04483885508183272
0.3103093266588134
0.5879041226583798
0.39536740807616444
0.2434133462447122
0.30819992154279735
0.28579202093307854
0.23622776101409979
0.20559548087726376
0.313987419235531
0.0
0.18740474398104706
0.47986074072103596
0.49125619122670044
0.2759738219997389
0.04211128597695596
0.329006676539961
0.27671099578664027
0.40543266856161975
0.3302866740983656
0.1573963185192269
0.12545954818811192
0.1729245303509834
0.2164030422606615
0.030352945827788053
0.19674824991474446
0.15251497082453347
0.009365574552736115
0.37187052549946237
0.0
0.012648262045628324
0.44224668655024946
0.0857178648258399
0.3750440044483288
0.5137128669088573
0.07769224725975864
0.01843860877080263
0.4861682278874535
0.15429372873716174
0.46916087584728156
0.3696043704552863
0.15189883814235072
0.282944739777788
0.11065449035433361
0.5285614929251891
0.3820971357820894
0.10564062310265418
0.118625099108273
0.12888213421722494
0.0914241069132725
0.3825603017481571
0.21737464845340246
0.49273127647814363
0.09813465785158318
0.17466712543996016
0.4645651049170679
0.16590429376574153
0.18233739548527902
0.012461061649790243
0.15667521382460536
0.4695728112542441
0.2849822984011569
0.2606561777242222
0.011092197673782908
0.09171321130193415
0.14911348373099859
0.016555323633074763
0.36724555410658316
0.16218889118914928
0.007799914395699414
0.40899718944307667
0.25093682012102075
0.09789390216989009
0.4681083710438049
0.15313496593378978
0.3820950524247919
0.41745729062932446
0.3921858880546482
0.13354807752752584
0.311961919456001
0.41116930638668314
0.020168724758468645
0.0036478759594315217
0.10261034396941579
0.016096594254936827
0.16910401520245255
0.3253283878431039
0.25847291077744133
0.18182807964938197
0.2159097468144599
9.119197063417597E-4
0.021619694973674507
0.25777168377332393
0.378435472530331
0.38034935906957673
0.17750109531897487
0.18563125134335798
0.15904818164254858
0.019476350994937355
0.010892228962580538
0.4143939065866038
0.18502181896320927
0.5653592766051533
0.01864613827098855
0.2599970109984819
0.0014893163731427546
0.07582847654848228
0.22964926392400395
0.3386377696173403
0.0901589892996288
0.04309436454963208
0.032938744304830486
0.4376649446849952
0.33750285991072215
0.009919730099885041
0.0913539478520741
0.00215795398875485
0.00215795398875485
0.027321866696671922
0.017232043444771028
0.01697760981505671
0.0014175836429817807
0.022366030256918853
0.1304304329970112
0.45894743206447214
0.16672045047792175
0.39568834358663396
0.4007843530600267
0.2654483237979117
0.19595980231759694
0.2302092528328721
0.012112474345782739
0.033277049592578954
0.15916096671000193
0.10440818002201217
0.5314572018515566
0.4565048159132998
0.3065303109065469
0.16921390797151506
0.006178092443742333
0.0340420332564715
0.04594936988749641
0.3250514408740191
0.27517377743612864
0.19444677474315109
0.0034674606493863853
0.004156305421498139
0.0010211135542877842
0.004018990596062175
0.031207713154014907
0.12455451960603232
0.3151693570812303
0.41891106843995335
0.07720648773429066
0.05832705957619621
0.06572519294277895
0.0
0.0
0.21873407197857342
0.01744592864672912
0.05102130901738645
0.03717948630028242
0.0037232767302252936
0.017685951689560258
0.0
0.13437985140420455
0.15567647569087284
0.11386225038052296
0.013587300352672834
0.007254307374097318
0.11272034629447214
0.1759674561828575
0.1894945995940734
0.30792336280868055
0.015343003668332345
0.12066859194151158
0.012265504348604146
0.5437984889818671
0.38720989315673315
0.09470644982201386
0.18045954765660632
0.03267962494980059
0.014461007791963652
0.0030586552761772017
0.7174617253689829
0.022538322322223844
0.11490018738519137
0.04507276087186826
0.14356406303800023
0.33113162065896595
0.04783108076619255
0.2999993605927207
0.09718877437591897
0.3395954281351967
0.010427452949919954
0.16180116443351286
0.30891313533240533
0.006315982306513828
0.09194550452761054
0.3440839528958618
0.08003067419632579
0.009490361111876268
0.4314946230522407
0.2264835218259233
0.0
0.15111643000194197
0.15470941904444077
0.11291675573916996
0.0023478223194362893
0.017929488375927505
0.024697122144173963
0.12620442283462446
0.135582117537126
0.0020080723309352177
0.18087266592845497
7.501098891342824E-4
0.037035595966051674
0.008580286374438367
0.0011084883413153292
0.0
0.4072197412075569
0.6826169695175822
0.03498701336466551
0.20691199299360147
0.19765384916830553
0.2000217690499925
0.24901728413151678
0.07066965760116024
0.10021084560346755
0.11415786505705017
0.00230823820501696
0.1470729699819749
0.0
0.021320584989540526
0.002934399839431403
0.15340010295783893
0.031228590573803238
0.06432768777209488
6.11239875027384E-4
0.02331927409885937
5.935885506279291E-4
0.0023244057633059253
0.15597251649449648
0.13366896782586657
0.02154611726214017
0.010113685348162177
0.45188919113981774
0.004135376692907942
0.28921625433614423
0.34746648793656104
0.060193715645811816
0.4292282578741706
0.220341077288333
0.15052451541894799
0.1433553598936126
0.0033550014339699006
0.011593039293155593
0.0248174704235193
0.002709190742923176
0.07674527556866387
0.0033792941805298755
0.2925584463978139
0.05054765163846454
0.04614430665844577
0.22004407601008177
0.0
0.25156305929029604
0.03323448788396868
0.005359818262016018
4.764511599468293E-4
0.0012924369656343738
0.4878196489843671
0.09852347684174778
5.307257017227706E-4
0.04198690247316213
0.17456333026610032
0.028747169646569735
0.07849729112895264
0.26972926902955163
0.04533524544525836
0.014168865434500282
0.003585650965071027
0.0
0.26875074770218493
6.317184875076478E-4
0.09470675417340603
0.005088858262679244
0.039741260175348764
0.4626628219001503
0.2511741586979435
0.0
0.0023822738641278564
0.042993816764492335
0.14290260486982445
0.19268895726765045
0.6051788970825456
0.009576459673460677
0.0
0.3323574163044767
0.087296278989763
0.0022278570554852815
8.775372866596721E-4
0.016148469635737978
0.025360277103991403
0.26914050817735113
0.10856790496260847
0.007656438411884943
0.21912278141149136
0.04393058353101024
0.06515135716333431
5.819278085675342E-4
5.787685830212793E-4
0.09582608838585338
0.0128169655832175
0.007458114432101496
0.17915624107990186
0.10781733375762875
0.007784645329603247
0.1168760949136239
0.11651335361218258
0.18778391265613859
0.1168049330141506
0.1919996923539354
3.418061505121788E-4
0.007712037545371166
0.009467501482959153
0.01122210671751694
0.005056611940759199
0.07970416688114366
3.2128597120589233E-4
0.0281824823305167
0.011381550012380134
0.03339154931159176
0.0
0.016040614983442558
0.00544631890740304
0.0
0.22163676814020009
0.0
0.05779533668792493
0.0
6.439668691981295E-4
0.02972629874256817
0.05100240607645397
0.0
0.227464716660563
0.026499834777706933
0.0017184400721377054
0.020985705535935227
0.04498871501134847
0.0
0.0046979098460027974
0.060318798596238545
0.06830818460874931
0.09051560134593846
0.01718565372396154
0.039577454106332705
0.008856503903810077
0.0018133684239155137
0.11340733989790563
0.009903361761056332
0.022778962152851228
0.022605647058987023
0.002360842688887276
0.008876484467188795
0.23743274841310863
0.0
0.0
0.3581847830240726
0.06088097830298947
0.013867635345970282
0.10040743689317705
0.3187194764743963
0.01284515275152302
0.005698782921404267
0.06122090551045271
0.18050618487981707
0.1231126092341519
0.005013029600783163
0.0
0.1444523012318645
0.006396373336900927
0.0
0.0
5.371851068233372E-4
0.0
0.007491871701221924
0.04904000042452081
0.2000249912989634
0.17850060518143557
0.13662909092377748
0.025829445321127468
0.010229680716967695
0.0
0.0
0.055278507891428415
0.2822133247760197
0.025567549337263382
0.001660505165714068
0.0674227642774244
0.006245704755148402
3.9975672810535246E-4
0.058074518609631844
0.004598998627009682
0.027624099636251932
0.0
0.0
0.0038952565221227454
0.0
0.0
0.1360142256049096
0.0
0.15652941801860917
0.0
6.849391678478974E-4
0.0
0.0
0.0
0.038510171686492206
0.002668290269976882
0.20407311448864043
0.24220497042422723
0.23157423724782114
0.0
0.0
6.7872588824357E-4
0.0
0.21259093520831673
0.0
0.0
0.0
0.0
0.14192675204005278
0.0
0.13012134494693312
0.0024395452571230637
0.0
3.8085429264512235E-4
0.13382963004676504
0.01393470936408413
0.0
0.001398190075121611
0.0
0.21626273429375037
0.029634493199115937
0.23406708213701502
0.0
0.0
6.60744814092357E-4
0.0
0.0
0.0
0.017794168384025418
0.0021854126515011758
0.17229023623973413
0.0
0.0
0.14698400864169686
0.0
0.0
0.0
0.0066493341891379325
0.0
0.0
0.16140711759145882
0.0952920613901604
0.017302685284726182
0.0
0.0
0.0
0.11700121100756226
0.0
0.0
0.12295772259343458
0.0
0.06840810626033689
0.046256453812347
0.0
0.0230403562785539
0.007680657744789871
0.0
2.554509174860437E-4
0.07072478771135485
0.002571260376050041
0.049707483352493975
0.13470188445432513
5.308345729836497E-4
0.0
0.12358883222867667
7.739032277039105E-4
0.013481808607574487
0.04378228046306225
0.044339957081393766
0.21311320919108442
0.0
0.0
0.18791037285823903
0.15152147807932037
0.056007056846975475
0.0
0.044679299251146595
0.20163555699967797
0.1063885849066551
0.0
0.0
0.09795822748718633
0.0
0.0
0.0
0.0
0.0
0.0
0.0
0.005664017500138697
0.0
5.393704240745314E-4
0.0642665283273759
0.18504032316470514
0.0
0.0
6.058878796736201E-4
0.052751605879183205
0.0
0.06804421487983248
3.805452103862762E-4
0.00662831256942946
0.0
0.4180179950558531
0.06612966917205776
0.0921694418127962
0.13463330872353643
0.05559094874568072
0.008021932350977376
0.003933695127842588
0.0
0.0
0.0
0.0
0.0
0.0
0.013846618519998128
0.36585102874657804
0.31410609093133146
0.4929207663425694
0.5518373667685624
0.3397053059714844
0.428008149132923
0.22957932001045886
0.1123621021936467
0.41393730256806754
0.4971869894165129
0.2683773292257808
0.2133541908709824
0.6860095875751971
0.6184355354037432
0.42780869632890106
0.3548751853549532
0.14012705045908871
0.5714028458304682
0.2567742553945977
0.30790914875342734
0.2925051179321506
0.19149743987540058
0.5349393375378643
0.22682018582866323
0.5865677134458812
0.22085619528679196
0.11999711447585583
0.3233706708357096
0.5563926356014987
0.3036177315343694
0.5088975177457582
0.3611336949468538
0.28454830362410616
0.44755354933471586
0.20887046501528522
0.4405498039984806
0.1660090420093648
0.6590129756293092
0.19329366265094255
0.2998019577710585
0.2793204745284178
0.45075962249627155
0.7555383783327826
0.2419068373248501
0.408180289920158
0.1698448698667356
0.9999999999999998
0.19357485843571914
0.5269175809900557
0.46709635995249554
0.559890882944929
0.6157541111595514
0.5664162961346115
0.4133274038923777
0.15234331525312042
0.5140709471468619
0.4910289860075074
0.12687923874634932
0.1627908264207516
0.38351530429963665
0.2773020369569342
0.486517142400687
0.46531955615481196
0.34802319495254264
0.6568938641817357
0.503333616654063
0.3261033925494481
0.3512229556312145
0.3052284086507088
0.44571817145060016
0.5703273708247957
0.4383793581723693
0.4144087738556904
0.15714062467470646
0.37813802005692304
0.3635719843229182
0.29196038406450847
0.24083580884861694
0.29583280061866063
0.683635615798974
0.4145981373251644
0.37757751603552064
0.31702815244550503
0.2999666068579757
0.2519201244978674
0.8165902571451877
0.384340795601631
0.24049124859903756
0.42353864789031664
0.6768397310449129
0.2562893255098446
0.3958994814342544
0.11681694358279422
0.35832908942510494
0.20319762604551714
1.0000000000000002
0.5103812988554504
0.2716043715856433
1.0
0.6323703968669763
0.2731613913272997
0.24954453983797298
0.27355143792872816
0.5873180808924064
0.7892531930033163
1.0
0.38102260670114224
0.11505012680532753
0.26162909214515634
0.6426840431267911
0.30702451713979917
0.2228133805880742
0.29324465264395094
0.4705133030783217
0.6493120373798742
0.2579431683728621
0.3418114378759847
0.2844311997411739
0.609840443843696
0.07885547046737171
0.0
0.0678351106256506
0.23097683713743752
0.09394305054744398
0.48447309416485856
0.1915109487207212
0.3290307486034124
0.3355640712207347
0.40181993992668946
0.3323832878032018
0.3580730197048618
0.27679928939564424
0.11654070959669233
0.32226511764984805
0.46695863408934757
0.22492222083266755
0.3688288821948261
0.2930934912029137
0.2742081868565308
0.3384930291015362
0.5967277736616112
0.3067720274143337
0.34689998049986925
0.34677991599544655
0.4410742492032498
0.7682654179492568
0.18551496661170594
0.6823550501657922
0.5817361537422123
0.3234593493261155
0.48563555445462747
0.0
0.31491319370740517
0.8606926051720338
0.3387175532405559
0.49119715013652665
0.2891340969455144
1.0
0.3184717333168355
0.20283454658459382
0.4170130008584288
0.39298207388273176
0.863238562408791
0.4537367858675775
0.25848029600778055
0.11127617350975495
0.01647121272514024
0.241847038308095
0.5826921663265607
0.23097699693244858
0.1384456253292993
0.0
0.6285424838556094
0.6067916636148466
0.7991168149111535
0.49495264935030636
0.14138927745739047
0.020041146958154708
0.33781417403059194
0.6928202020872065
0.5368041655643297
0.6449460455385115
0.10463105591216344
1.0
0.1929214636202214
0.16469149729680463
0.5631351397012447
0.5424431487441425
0.41405359512440987
0.2501039098877144
0.021739660452855063
0.23190000073220637
0.46884551084833853
0.2055371337773932
0.36639864901040137
0.5719576510309194
0.7917138411953843
0.5166760086085812
0.4989657359624019
0.38360878473066873
0.1676061024198891
0.1386715284845315
0.024390682225184424
0.28345350986891693
0.9999999999999999
0.6995289590695163
0.5966258698985842
0.5608727307401717
0.3606493959675372
0.13418133089391698
0.016672856212436693
0.7563784345124167
0.5319925485312496
0.3724485813076411
0.31756679419735556
0.8207223673447179
0.4222668645048586
0.06644456795857229
0.48107400573970954
0.3386713826129875
0.14465377254580405
0.3531606936208022
0.5222649424180719
0.12225376045322302
0.37868903439056845
0.562640923083956
0.5755602246219602
0.9999999999999999
0.5589335396661447
0.41687385314669784
0.2885056700744209
0.8095043375294151
0.2296820988650862
0.3781550339241419
0.17463407157518196
0.2592719557829445
0.0
0.44187686522204533
0.5574123969757483
0.5695295016269718
0.8650530185362754
0.25036207935188515
0.593318953201444
0.2478508778134532
0.1588876225417484
0.7093378047385588
0.7298968478604115
0.5680263261439908
0.3175067719778475
0.7717194813297129
0.25212812525165124
0.4399897215339854
0.4252899598880067
0.48255618338204076
0.2979536945960618
0.9999999999999998
0.30092160097352894
0.5159889967605711
0.9999999999999999
0.8009994694153296
0.5679518883115077
0.24201365139420192
0.41820293653744234
0.3554525153213851
0.44753002175279405
0.2771432619479737
0.5815888183861552
0.5636729388116495
0.21412735887432024
0.128904936212123
0.6991491008873726
0.12314703523675664
0.43282756816878354
0.42999472735197275
0.17889571114393388
0.4232310617736763
0.35529211872863403
0.453279437528766
0.33739442148231974
0.6266943802558749
0.27387537189830946
0.26159583745956844
0.5035094702787237
1.0
0.44113743094682734
0.6828888768521525
0.47829126770364994
0.5650464136626501
0.808716858052177
0.18341261668946718
0.7673545453059554
0.14598437465017272
0.3077851844914091
0.6006345788830991
0.4679283944911019
0.0
0.8084083760994554
0.3985364207690592
0.5446917340216887
0.4041180137679782
0.30648929440704425
0.12289062190702575
0.21719374711894956
0.38458981312057183
0.2971520043865806
0.706026927369782
0.09969756307726683
0.6322200288030531
0.6043253390978909
1.0
0.4032834480993134
0.32482299325190755
0.1682462311920402
0.37620607426628966
0.5750060660987346
0.5748852766905151
0.35380322404839126
0.5590692525497968
0.3531245253954636
0.19794952976851465
0.47415700114882897
0.10596048328434052
0.8180417013878789
0.25444589392141775
0.20628192929992467
0.5921655640079466
0.40318602073367915
0.3999271373902563
0.07315772791015071
0.2181553436034093
0.2128521186024633
0.372601682164923
0.3356987077711894
0.4703402819966208
0.0
0.016838339861041433
0.3524537116008404
0.41313623981798897
0.26622951470377954
0.1450446219396025
0.25837112047345173
0.22623070321822522
0.4773208264996959
0.5355098926752362
0.4656449857521065
0.5182868310733872
0.4572147411888838
0.5560688150483396
0.024103125499163058
0.48219584684293476
0.29992333479093414
0.511249003253043
0.33320138905224805
0.46123657602581264
0.23958994714368861
0.3776927070500604
0.3465567568022951
0.8650530185362754
0.28619405319837526
0.497454469461507
0.28606748471554805
0.22156847906896768
0.39523775047798454
0.29449048082139123
0.4271087871660388
0.33338980186111156
0.35278077837109695
0.6377529446769902
0.0
0.36682966371015785
0.484134109402719
0.47046218843268167
0.2752000724322037
0.1239898065184999
0.3416487940363451
0.4347416894853412
0.41997903222893096
0.3361434889299003
0.5824334041126867
0.43560024687700205
0.37190289984961283
0.512300625384918
0.25370059893256813
0.26456394312947057
0.02396269060498182
0.8527348316894393
0.3160141636488923
0.23159603744430685
0.22451338132681017
0.5529103999205975
0.6991760965978181
0.37475274015538956
0.41981442600126484
0.29530615249212866
0.489619702951935
0.25353201589444474
0.1633894394954058
0.6741041534808734
0.4927305970665337
0.34988141284605145
0.143098707819371
0.17054112705719768
0.44861950580772997
0.6016559391898081
0.40419787706595234
0.304156078425646
0.179826064821766
0.4954693130404589
0.47702336919512817
0.43956908256966926
0.38922502189141994
0.7880508356033242
0.7465046622347062
0.37620607426628966
0.38594841453940215
0.5765393449923435
0.2780588683189905
0.5441810127131654
0.4944345639397732
0.309632092717769
0.11202522115868446
0.1494422421516623
0.3981099700456547
0.5709690524586145
0.1281656287064746
0.5732514316819642
0.26061265847981835
0.5982624148003047
0.45891440346540624
0.7092831931033198
0.18323271308672487
0.511401411099428
0.14970113983213845
0.3336845705106694
0.3797859730004071
0.3154177862104751
0.579703199663761
0.21530528287055364
0.3661828216140419
0.35846084075709883
0.018342170364578882
0.410811199656652
0.44542617955941527
0.24925969778396406
0.35388413837663435
0.20603476719386918
0.3666209254155953
0.2778873454386211
0.5020606620212056
0.6351385290516466
0.5427848508826333
0.43639824000709815
0.4271087871660388
0.4387664488367398
0.6393138661959908
0.13109213495323913
0.38170852325860655
0.47800166302579566
0.021318251599889766
0.19435727698243127
0.2503075500340003
0.38315107568915563
0.2508437878953544
0.46324621744270106
0.5048091541237458
0.40403255920871567
0.2457363794433131
0.5817585170286097
0.40833678874546325
0.18775647815860622
0.5781577316437556
0.20053257067604643
0.3101413873159807
0.29639600744901484
0.32041215159726366
0.5511008955464005
0.04387420317292351
0.34492446936537563
0.445197455612542
0.3740183900198723
0.8373461247766862
0.7274103049335868
0.2421576306293406
0.4843369254191294
0.3156535504156589
0.09819145722038351
0.3761116457877726
0.42669149999150907
0.17068357423318303
0.4757674747103381
0.3779064628663192
0.29887910557077707
0.4962584702216414
0.20086911257475493
0.2167032988611809
0.2841383764843304
0.15093145005711056
0.17142129042792717
0.2079153531662982
0.13788124742284563
0.33433501980375785
0.7562772113574837
0.4753091203972408
0.33942980308095777
0.24400902294760562
0.3794302297459334
0.2157467366346824
0.319065572508136
0.6021023827970825
0.16852010114943314
0.47274958764390684
0.2868830578150904
0.5721888063225171
0.10303575194703606
0.1620274568497574
0.17747611971585908
0.33575228809634317
0.2596271730769861
0.4014403523028818
0.23143496378487607
0.47870272553432
0.3786841368437148
0.2817771859008519
0.46800922948610385
0.18502646107150933
0.2052269458138073
0.4268709323176554
0.25719454098606187
0.29220008222971605
0.39152384857366374
0.4793835112525701
0.4964295911416213
0.1740045828226953
0.257938450263448
0.26095151242743125
0.5055306755998126
0.30906992403370703
0.2895614018259356
0.165684580866799
0.3510081842147529
0.0
0.06499198174699945
0.49622891016505755
0.28918550430312023
0.18381206380122345
0.4764247084039373
0.4619009487593474
0.42268985366103756
0.6863286101878937
0.15550515027940282
0.6969209042469459
0.21546199085983322
0.46935721272677
0.5124809087478499
0.3136958343802347
0.6298039142938979
0.5862117721987715
0.3748078552754379
0.36126304103639234
0.19309738731064763
0.35048956102907264
0.22392141012642078
0.5488945839166515
0.4537298001862238
0.14182865552890103
0.2711196102192991
0.1215821242230092
0.1618407937204566
0.14392176582001098
0.3581252457746962
0.3906085029823258
0.6976287588928319
0.2142854736274185
0.271210577598172
0.5629416886633064
0.2658100347465298
0.17935146132638938
0.5482153031368239
0.24978593344023245
0.9181365718400266
0.2861114494684884
0.2592207940601862
0.2205041363630801
0.12934092822992596
0.14301081956457135
0.5481533684754072
0.6006345788830991
0.4530455395041653
0.18529867509887282
0.23158043589865024
0.40331904183105755
0.3864482741719176
0.39348754326193597
0.34475438301136274
0.47158334878514946
0.4899171155642916
0.3898509842876777
0.9468417419119531
0.48483966015391805
0.22515043910889415
0.17496964180977342
1.0
0.363118898514944
0.04446640637740394
0.2911405624702863
0.19629497358490483
0.23842007988052363
0.49743371900605715
0.49627804098719003
0.18565269562742298
0.15493641114883963
0.3529323500795446
0.41086328185185766
0.3689203952759997
0.1597557785958782
0.7919145037076547
0.46355134071017856
0.5056328413599568
0.22170068265403864
0.39774712023259995
0.20135880395196964
0.6264022724481171
0.400620131090975
0.5144347970999674
0.3777567052408821
0.38474717985740614
0.3449207233509289
0.43074192252281723
0.15302751068327125
0.6715884634490803
0.8286452611815822
0.2434618576901058
0.5869810060760094
0.15376432271477214
0.44167657346487715
0.41693415053236327
0.3945171634358165
0.07382583770436547
0.26852749623140076
0.43494557263949424
0.2564268977341563
0.42016279732914974
0.15293369757376465
0.3386713826129875
0.36838120211052994
0.6102163239916725
0.43567525414242925
0.25494596486933513
0.3694272339893537
0.5365249804734957
0.25827742283513666
0.6020612405293567
0.5574123969757483
0.6898649551522883
0.49647607217169437
0.5726104784149495
0.23368403646774583
0.45164567245058096
0.20940499593808481
0.7883007495444269
0.5696753215755874
0.4688633893629269
0.39125595181348777
0.37003857483402675
0.10150727585377312
0.14493362179098618
0.27294516125095913
0.5960860445817802
0.34677560275728786
0.4223858973645492
0.3867647461512222
0.23922986201683283
0.11206930168997827
0.28949563820073093
0.10761988083727737
0.15527261696682096
0.1457222071566239
0.596500052603644
0.13148529238589038
0.9737188904066736
0.24776261196132635
0.8015996028218934
0.3817996677993487
0.3723420772436792
0.5606910025980201
0.538581534912955
0.3521859501696947
0.8058945220389961
0.35892194134981065
0.3921302640484985
0.191541840537658
0.2915219980707134
0.5144559763196643
0.6550857982307439
0.4301513444074224
0.21364435745559426
0.40495204260658035
0.17329318392544507
0.2823921757163797
0.0
0.6860095875751971
0.23678613300929116
0.22922122243667628
0.19098821995825338
0.5614334366002193
0.21903959719173366
0.4000204481526206
0.2992172121103802
0.6456291860608857
0.9999999999999999
0.6417880448267327
0.2493700165326475
0.5574123969757483
1.0
0.7075438241867616
0.35069246272612176
0.4443438048732664
0.3785816478808795
0.23867463672601896
0.9299616902923723
0.09933192215229768
0.3445723372313005
0.21251081516833842
0.9999999999999999
0.29932936768438284
0.20348775728107596
0.33642326464284716
0.3646264703369679
0.6138164736364149
0.412752362336791
0.16630098584114994
1.0000000000000002
0.5478144329647758
0.0
