0.9050901620578874
0.8874726035264038
0.8545438315961718
0.9444729463678627
0.638613888746161
0.4759988624174144
0.7621383577165312
0.9022235412470857
0.8149494390075513
0.9041071332339095
0.8599488070887631
0.9754282388950151
0.964085713933417
0.9442417678423771
0.9545844830412634
0.8627029629545966
0.7936481995893052
0.7269950965303675
0.5639266475902062
0.9136657768647888
0.7064207232567875
0.7133771302556037
0.7196492243959605
0.7104739217706302
0.7111241843862934
0.8592859431448852
0.7994587717783754
0.6519395062773026
0.9787124584270597
0.8069637406537541
0.7660562456887219
0.8051237973183096
0.6309833427352619
0.8784947459542615
0.8959188881324596
0.6041356468171591
0.7424357458681277
0.8625365355654725
0.808724304023436
0.7899451428861808
0.7130904264300705
0.7476195809531943
0.8734102171703851
0.871097792357011
0.8389495505999466
0.725897871042338
0.8964025296846542
0.7613409685450532
0.913460647577131
0.9248291756750782
0.9087084741555054
0.9871111022371885
0.9002070726435591
0.7925875714338734
0.742739580425508
0.7847879148767685
0.6629210794045617
0.7679583217146262
0.8594280574790248
0.7823136244968608
0.9087697865971357
0.8423455938457072
0.9172059360262447
0.7336067752387755
0.6833017578600511
0.9658743486024729
0.9228880209268171
0.8872791362058821
0.8739270107099356
0.8543299390514482
0.8945978996966092
0.7581879843565387
0.7664004115820565
0.7224607246925312
0.7362775384548628
0.8914201987540962
0.90460247911493
0.7350731155791818
0.7823320059485472
0.8087633493836958
0.9589369720578121
0.8150437005436393
0.7575551582952833
0.6993993268235831
0.9343485528315829
0.800566404350444
0.7798570793430644
0.7120395635566853
0.9362055638069462
0.7623403909470278
0.8794452385947713
0.9027654669488385
0.9415654064617899
0.8801565825094596
0.7096986622612216
0.8493109043229621
0.748947210575477
0.7764287518508651
0.9165607655839262
0.9435146990325888
0.5264629358318763
0.660625207832195
0.8328357803444355
0.8156887198727157
0.8920332902683998
0.8596154272804573
0.6908475651168478
0.8047964188415109
0.8232449209012246
0.8228684782050265
0.9369150554246627
0.7863410946185289
0.7857725484834953
0.6982823817239181
0.7525960634224961
0.9057393553135475
0.9396973150976673
0.792042966243376
0.6508063382440082
0.7990648636638717
0.5809935383872442
0.7593500039141533
0.6945640022269945
0.6829097245540712
0.841126350717471
0.7229058482351995
0.9175203157814612
0.8112431637107946
0.8310299999041445
0.7063970027349042
0.8831261439997888
0.9431210915953886
0.869030059902811
0.993796992217413
0.7958350095293735
0.7176183213573494
0.6956847612710191
0.802181142598882
0.8993682216545533
0.9349918185375452
0.7692529451469313
0.7324086482825023
0.7873133228674934
0.9421037576113885
0.8663573069696401
0.7737193683658536
0.9085497033280721
0.8283743931415407
0.8505216780677856
0.8332649894936214
0.9204571470079614
0.8963124796903575
0.9649956012212138
0.9789197356549948
0.8690851442409346
0.6443018994538959
0.6382111574336004
0.7555184710453168
0.8091767157484276
0.6278241005660723
0.8813404473013309
0.7466378438807474
0.8562387914415547
0.8506038192655199
0.7092989792919876
0.8801082205897117
0.7776829606506426
0.8262683723576495
0.8787242367639966
0.777217490315567
0.9491372091239872
0.7627250719193339
0.8405612832543853
0.8735517593174966
0.7885127642497463
0.6657054421485131
0.7726995140020928
0.9260749461942044
0.7060664600512209
0.893559690077007
0.7833339091749195
0.6385675702018604
0.8218734242855564
0.9056343854499106
0.6873655449182828
0.9148657879287869
0.8860210584799083
0.8056682375286952
0.7145590144078386
0.6887994036853017
0.8137994609006007
0.6081943246011977
0.7809641057255402
0.5587581548373503
0.8310696703173824
0.7749028598113238
0.9744435021437012
0.6374306230034785
0.9503196656518119
0.7813816926489497
0.8783705719774821
0.9784765930460722
0.83021041069214
0.6248569824816774
0.806492036557125
0.784152935961942
0.9638713398274651
0.8655227884051607
0.6574892214122775
0.8869531004274227
0.6175079744926516
0.8836880093941141
0.8940042830644266
0.9246193390542877
0.7484710176333497
0.8662394895922573
0.8988743085663038
0.9245604164763639
0.8992705649957811
0.8442318558410926
0.8733095998468935
0.9262119537474809
0.8679051693372509
0.8302581552409672
0.7960372534483788
0.7213312495570497
0.8864173322835748
0.9108300424519126
0.6729711416607471
0.7659743378668195
0.7184869260986327
0.9465018255066192
0.8302238760039935
0.8830609934603838
0.9638070822269651
0.6446452759047469
0.6637508582067877
0.9819978637160789
0.790164355024077
0.9671553111704241
0.8048214008742459
0.7652997455712067
0.900332629457362
0.8928556623993222
0.9144270479995041
0.8934990545784048
0.7785991081354688
0.7726688653102133
0.8316182387785792
0.9155917669945359
0.7501584570203398
0.9703492767593398
0.8433524374929167
0.713514247533994
0.9071504073194191
0.811008920977849
0.5966426868491955
0.7444487540321679
0.9091987651502454
0.6826465377770402
0.7474266264821755
0.9223882277654701
0.8090452776658885
0.8386206997997564
0.7886798670266182
0.9287025359106977
0.8858768471051508
0.8294970318463727
0.7839253513931014
0.9446731963175234
0.885351004788719
0.9351196690221997
0.7045906635727586
0.835370833126587
0.8883104935493937
0.7533277472572313
0.8318461160472103
0.5298718087483503
0.92507724770578
0.6699749295383709
0.8604712176054833
0.7939425495249076
0.7227162918164213
0.6985276579919104
0.9006519542487029
0.8627311226212923
0.5612316044282548
0.7154879641492194
0.6669132257079664
0.7070965237863596
0.7478044255700368
0.788109578564408
0.8339701736407794
0.5592555438835813
0.7706933702714593
0.9435505035353398
0.9380174439858469
0.9029164718565329
0.7817103390536396
0.7771758852480631
0.925101967528935
0.6456768071894177
0.6690268216683185
0.8032144940829908
0.775372779309795
0.77073926277023
0.8852350375381166
0.8733050066198064
0.9484402041006827
0.866823582870972
0.9900592656284215
0.8752460404864534
0.8068255781331153
0.7925170675706484
0.9238276849080639
0.950708771564024
0.7482912643971512
0.9197401958879929
0.6663080208336599
0.8813094003180797
0.8352695731455586
0.7755118487856693
0.8506017336262036
0.7842717495777783
0.8019243483279146
0.862776707243903
0.6227671323687065
0.864620393865016
0.8643620733240545
0.6565154960524522
0.8973394760868876
0.8832525087142434
0.8185817335062572
0.8363481587413234
0.8694216526037705
0.5214996744536223
0.6988851002231532
0.8318434884169685
0.8657809002138445
0.7355145214965666
0.7895914651964298
0.8985248826016049
0.6439165145382497
0.5045706689928396
0.8608319533746566
0.8089251953053728
0.7660604280714719
0.6211294722684237
0.7813833710985497
0.9571274852249433
0.7948065863756556
0.6643541608125338
0.8190896418612109
0.7924255099109395
0.6183827466903172
0.8563681966044282
0.865372997295134
0.9154017588033172
0.8930006727683703
0.8336625073298175
0.7999104583613035
0.830033719048561
0.8011837449673468
0.9414802828828565
0.7817487393838857
0.7548001664808262
0.9461130999987835
0.7739729581699756
0.9153074331592221
0.9104842275765633
0.8853251863010286
0.8845257181721754
0.6573435623638302
0.9416157746749666
0.5677171752792117
0.9287084032614911
0.7820301530709785
0.8932702288246632
0.6915547501857292
0.7340564624276114
0.6937871066400046
0.7346425693684634
0.7168748187088859
0.6740845587461199
0.7792688516329023
0.7851029258032994
0.8624503719725347
0.8015800151717666
1.0000000000008087
0.8041416403296351
0.8657976482488065
0.852508764599304
0.875827718136651
0.8181204603603103
0.8777854721370627
0.8464953332279105
0.73759275420884
0.7317562709395652
0.9175884235046666
0.8946013465515157
0.8091555884391678
0.41376058519532305
0.7128546243401395
0.7435669639080612
0.8170253323839299
0.8390635012160377
0.7384982362001228
0.5175215321048511
0.8259659647814693
0.865790213471051
0.8956018629884427
0.8400905145547648
0.9650791895672068
0.841394577224071
0.8106271194943888
0.8093309375863794
0.8668869898088092
0.9410904099874524
0.8644902186232243
0.8169817508227235
0.8884736610111558
0.7332100404646094
0.6653077864533617
0.8005412375643609
0.9577951446773639
0.9792470769038427
0.7871120443146391
0.6427042975230054
0.7619780057980019
0.7036741603004237
0.8888281203255456
0.8000035242367924
0.7425143331954798
0.8318014054935855
0.8263886986443705
0.9274667411478827
0.744537103171475
0.8784119176570642
0.7400539818495203
0.9550331601980248
0.8348662346867061
0.8749307607743044
0.9576145874404809
0.7186196577099161
0.8088143978782685
0.8013325058187761
0.47849569154619925
0.7169532594879916
0.9193437677540283
0.9207809382482152
0.9382961789514562
0.9467910546017037
0.7857594562931157
0.8977256878849605
0.6958819417389388
0.8996794532315183
0.9122606851437928
0.869032701596818
0.1696612077291681
0.9442577314291385
0.869124314296418
0.6203229956650753
0.8902505806442889
0.9466959970288011
0.684197611235125
0.9613122572791114
0.36683035832443195
0.8749291694500072
0.876582746662485
0.872251087058462
0.8404305907777577
0.6731838268161507
0.6205756215227999
0.8640780378241094
0.6609186230031114
0.7345306818788585
0.9311004955578481
0.7255605334820832
0.8747951114656056
0.7414895467064916
0.7164526415548085
0.7709493904346328
0.817928712870565
0.8698720638581072
0.7143644731270519
0.8399968460635838
0.8578106971376868
0.9012750680937848
0.8320302320736855
0.8349619171963465
0.8381387768260045
0.9443440715525205
0.8568081982311926
0.8308987937712548
0.5821504849360658
0.8191970268743379
0.8089041197463085
0.8643439480836006
0.7390051382792286
0.5719263122229877
0.9347193909450954
0.8342330971236417
0.9290613705588818
0.7499760903469715
0.8701675711932197
0.9528384825880466
0.6552354335840443
0.8580125921674155
0.7274066865028174
0.8675224809221542
0.8423687103804138
0.8757116660721331
0.8590895085691537
0.7890237761841112
0.8398417104456644
0.9113107475718726
0.4758127585177985
0.800111296922359
0.8216980126684589
0.7803728824230359
0.8288354824114857
0.8211652114569438
0.8359388142208943
0.631721820847189
0.9565059807373566
0.5193485594888375
0.8237180147898224
0.7220546796662506
0.7831560952224255
0.5733861756589658
0.7543548715942198
0.850066740762322
0.8690704046926852
0.9498284410911849
0.753826565874558
0.6806329839986611
0.8702220279074433
0.8604829312863672
0.8371246604823998
0.9327918881107011
0.7306058197005635
0.7427679533475642
0.725897871042338
0.8158069846893525
0.7795375593922937
0.6952133143742877
0.8911661359405377
0.7533142722221411
0.8457914624332868
0.8151442211272846
0.8939990804574629
0.9440615010337762
0.9615625699772715
0.8539915876101359
0.8584934078313883
0.8222054244119861
0.853890771855311
0.8233907374935416
0.7973990723952189
0.7531735118727421
0.8950951111161134
0.9519251368411715
0.7703870847256056
0.6658252042854451
0.8934159612225125
0.9122085071065622
0.7644493381112288
0.962637702770172
0.8848819514643687
0.7048796098598659
0.7457675634974659
0.8303743127355071
0.6837254164066143
0.9135876825209123
0.7897704939971609
0.7219756510007861
0.8354517504258682
0.8945869330828123
0.8472601107726865
0.9761003401907979
0.6002716233253056
0.746626171899587
0.7740178584743519
0.8218488927634641
0.7537026073598213
0.9233629096017358
0.904043798501492
0.782795504382696
0.7212095902652139
0.4588174449059156
0.8956785248290189
0.7698083805546221
0.7817655055278738
0.9524458023787692
0.8069251695345996
0.8329586475897547
0.7215022864518612
0.7825950098335455
0.6227615601333573
0.8482749781983836
0.96865189146484
0.6291231318779281
0.8080193891817569
0.8901371980220755
0.9256391108268898
0.9171601262931901
0.8690846111148656
0.7742874628876767
0.8503022928129026
0.8031739973254586
0.6973610886036816
0.6765293601451807
0.9461422059316936
0.9596894422816418
0.7871144097933216
0.9063662964149808
0.7517775376578274
0.9061243258766842
0.7953348266779344
0.7663968465880293
0.6657970114402635
0.7600317669042997
0.76579392142157
0.8658623783244146
0.8791210890869917
0.8009495443322576
0.8654509048680026
0.8460610032512024
0.8685258095155812
0.8108017186410132
0.8233212889900328
0.5981876510001134
0.7223564833334508
0.8784426700776113
0.7452148125954225
0.8143531254977011
0.7110694454863258
0.7501436357900112
0.8811309252246072
0.8293832821815788
0.9588138967735322
0.586118676373963
0.638613888746161
0.6862001393321703
0.967874042922662
0.8803136855315544
0.9494229577722475
0.8807482221836072
0.9069905890288122
0.868944159719567
0.8153972654130687
0.75067657137335
0.8257390068974849
0.8958797595260575
0.8665330470615421
0.8468237597445033
0.8749014609964931
0.9418226144336326
0.8763564923415236
0.875351876189562
0.756667853920535
0.8015307030521793
0.6107799321339371
0.7429922565996021
0.8904375870871085
0.7895653064276119
0.7988907108424361
0.8552441846644461
0.814171183062537
0.8159089191228998
0.922002950939617
0.6968809233918435
0.9368320066727962
0.7475357184554867
0.8278469700798555
0.7930124782565074
0.8945457899876663
0.8403611106675354
0.8626148400574248
0.8161542315352708
0.7087195231849737
0.6758249951680595
0.7413005406566017
0.8122926124391463
0.8322792207646226
0.8425183346748601
0.9571583877523583
0.9085603331774129
0.7869900393527318
0.7787144971541082
0.9754120153098139
0.7077611557750757
0.7385019875597444
0.7448963100287642
0.6005209794678106
0.69450913906262
0.7915770362756637
0.7254719434374584
0.7384763408039133
0.6259115566362041
0.7439173939154746
0.8629812860874841
0.9540410255541169
0.8426792630979381
0.8317420997274566
0.8964854585770649
0.8266947597242371
0.6262513970336183
0.8796381313897542
0.7795321122785192
0.8833581465256635
0.7405705867220146
0.9410658122343752
0.8531577175167304
0.9259911946132938
0.8457188009234696
0.6006301679541489
0.9315224731120234
0.862718572565548
0.8476125774264263
0.8422245179218762
0.92069728662256
0.7705446433939181
0.8899493358782263
0.9067567782297375
0.8959731245895884
0.8392546186532409
0.9884857738822561
0.7417692274717654
0.7224252341178612
0.8714068983239099
0.8014955937626711
0.9104989369762188
0.8340391612882656
0.822546554305665
0.7889903966555458
0.9089610106543597
0.7553161355137329
0.6695559507037924
0.938241971062055
0.7986515037029871
0.8947886003435895
0.7490947344376733
0.7654551990249449
0.8101770636535672
0.6054442220885613
0.8851359232325078
0.7039097305346275
0.6233730572334757
0.8699425244429263
0.8237557730404137
1.0000000000006974
0.07819327031395147
0.8101286727231687
0.742484438909708
0.7060617115081244
0.7258333645376054
0.8597956749337277
0.9999999999999075
0.7204002709774342
0.8976755163824919
0.6105015587456647
1.000000000001569
0.876960060357308
0.8614512951483233
0.8798955334669657
0.9050137195694078
0.7843378740635369
0.9050137195694078
0.7250101432201617
0.7722425825927113
0.6549868213303037
0.8064127763159902
0.9999999999996316
0.9999999999990378
0.784483768004641
0.99999999999971
0.9023082189062271
1.0000000000024922
0.5591197614616937
0.8129357639268909
0.8073255445360912
0.733928731181149
0.8129357639268909
0.9999999999999319
0.89473466810757
0.7675559289716153
0.9366538330798935
1.0000000000010612
1.0000000000021194
1.0000000000008238
0.5827830063910548
0.7690169393356674
0.784483768004641
0.784483768004641
0.784483768004641
0.818591293934211
0.818591293934211
0.784483768004641
0.784483768004641
0.8874541273949115
0.8367654939972494
0.8143496372222799
0.7922707056190973
0.8939842373888537
0.769920539555376
0.7811692608697485
0.8332707570740016
0.5846515320372563
0.7309847458893752
0.7021704389594935
0.6077621608596157
0.6596565815935046
0.930373513994305
0.7356326293162121
0.5518170418786036
0.7383873070028856
1.0000000000021194
0.6488181665507097
0.8890325259284952
0.46926488478124817
0.5729492937583057
0.9298392584078132
1.0000000000011864
0.41389756347574447
0.6195639880204741
0.9014611862465093
0.9172298866783185
0.9041639937888648
0.759451824394931
0.666154196997844
0.5665647275396374
0.8512904899471844
0.7834621910944968
0.7022962592686295
0.910405928177785
0.870331609267256
1.0000000000026186
0.8432636881089495
0.7418773640331938
0.7706466974353089
0.5853204607858202
0.7201310430774923
0.9198989328111536
0.8249452562066834
0.7238618473633749
0.6892387057375192
1.0000000000000822
0.8214211612003554
0.6190472105859093
0.600488276574547
0.651629073155329
0.39091459326368855
0.9026534113275361
0.6254673585966704
0.7256296132548788
0.7899857620132179
0.6863513843885669
0.7068059049036841
0.6455735061688854
0.6953471844464884
0.8442509258933507
0.8866352389870081
0.7536256457011502
0.6946554880949637
0.9317118920876263
0.9002288961315891
0.9018833222366596
0.8076498906745914
0.8120313407134471
0.5701068097347236
0.6015163456195572
0.12475722089859498
0.6300772389003415
0.6517632136292507
0.6344542514223804
0.6517632136292507
0.8620014460732793
0.4662540761219532
0.5030615382935689
0.19122792682927559
0.4662540761219532
1.0000000000004758
0.9527087940204115
0.7090071534951402
0.8938995927310142
0.823509206886668
0.784483768004641
0.5993899124405819
0.6043909816378573
0.5657664420574108
0.7348820872284595
0.45235569728746183
0.7687006506408343
0.8972443375135783
0.8005412307068985
0.9229205433915268
0.8705440972940708
0.793961396945237
0.9229205433915268
0.7231487780218777
0.619523765681026
0.5639492983882487
0.29928523134224466
0.5793225303287799
0.6664667938206275
1.0000000000008455
1.0000000000012246
0.7590548791945306
0.4968983197811542
0.4968983197811542
0.7760464955118795
0.4270817526941501
0.7754855314562148
0.7727237719373578
0.7090377064673138
0.8052998809524993
0.9999999999994892
0.6936863852197219
0.38713332965630254
0.8806732160275205
0.560315574051117
0.7451872614784383
0.6622020486241585
0.8854894587276884
1.0000000000021194
0.8337601120400089
0.5879178203978285
0.8726815440060646
0.705172733109966
0.5721076917507797
0.6305684064952359
0.6550537946536424
0.8626862742726413
0.7781768797318148
0.5208259810750111
0.6236973401949819
0.6236973401949819
0.6265003187042965
0.6444528053963352
0.9313943436981817
0.8984707452227448
0.8909650971469272
0.7713446576127034
0.6543621831580548
1.0000000000009155
0.2273728020922106
0.6029999899700494
0.8392956089666156
0.2794484547925485
0.5745466887482041
1.0000000000011122
0.702663491677807
0.8186284409572111
1.0000000000014253
0.7865001402933235
0.9198989328111536
0.5861289705110303
0.8535582511026414
0.5624502952939552
0.6807472155708871
0.6364034053683305
0.5474148042530971
0.7363289933822948
0.9000045606139352
0.458552333549293
0.7960204071447998
0.8474780891799378
0.670949122666164
0.5722288038507684
0.9175851307117119
0.8950130327899267
0.8005033307424836
0.8481794698299232
0.8597956749337277
0.8460872397867223
0.7364617683641285
0.5303230344589789
0.8576226741766282
0.7910662578697074
0.6902421097639456
0.8810824837477076
0.8443416541547704
0.5001386876289593
0.6744805694713797
0.48940491498796307
0.6236119703422267
0.8176381638618274
0.7534731591320626
0.4529397594169197
0.7282948077959877
0.7523613187890044
0.8403554735511326
0.7921571367279224
0.7710448885866493
0.4505819433330136
0.46854934918306734
0.7950243650339172
0.7981703788023395
0.623863445074936
0.04697737966463593
0.7513895432627583
0.616695378826888
0.21782204353148657
0.754668833378336
0.7026227500387401
0.8626862742726413
0.45214850148105656
0.9198989328111536
0.7925342208704429
0.601368769879197
0.7181803516498428
0.6170489026053215
0.4101637887404298
0.4201839495704673
0.10308835614689407
0.5665854844163192
0.3806840481266384
0.7501642784148214
0.8500348682863713
0.783810933422135
0.7823457569882781
0.49082029606706884
0.7451279634097498
0.7941557236012168
0.4203739181225282
0.7430105723314917
0.47113267398106706
0.5320112132335734
0.8592984252214502
0.6266751055765678
0.7551175308817702
0.6600060346610023
0.716532140997714
0.5122766224516899
0.7076666787634661
0.8182292193445532
0.5692398472378267
0.5296491300805908
0.7282356271200512
0.77447766223503
0.47590320333213143
0.39261307129938355
0.41657429096769505
0.5350946488398467
0.7720574584426637
0.5645398354047264
0.8019740965102555
0.576842680973331
0.3428156793319967
0.48628481015943464
0.9202970978892223
0.7837242183168074
0.709453365289889
0.7640221910027446
0.7403367508922448
0.6721093540892635
0.4053123686114928
0.3784885547260399
0.5175168756481916
0.6257464696078117
0.8715420182830806
0.5629994915424673
0.8191606804443831
0.49892704421226475
0.37197300173384906
0.7559448553567186
0.9420116731310869
0.6164135490967899
0.784483768004641
0.4107869472189369
0.7460825055448803
0.5524518138766353
0.4838239318274419
0.43951406135203885
0.3200130210818676
0.3200130210818676
0.4508120692676219
0.46511698110594873
0.44521583829871436
0.2673320890180512
0.42806141718003965
0.49179458082875255
0.4509658248510947
0.7221101218604752
0.8171739523044066
0.7371699763968551
0.5895655034541954
0.9130202941256079
0.5510583389356145
0.4022174923877513
0.4661796428981641
0.6108512495102006
0.5180619668611667
0.8012372261924601
0.8111725835703347
0.6721460973738327
0.5484880378942851
0.4542494548282042
0.4558985972646796
0.44421642183479965
0.644715164199653
0.2464872541457223
0.527145481051034
0.538895585604493
0.5294261664944413
0.5886322761712366
0.48423619506453697
0.42891519743228856
0.609700672058768
0.9359304138314725
0.8017770022557295
0.8874120432190588
0.5114869765145871
0.5636404411442945
0.12358972678226988
0.21749125253314208
0.5511580977482042
0.20340437133826092
0.7348820872284595
0.3550086361416853
0.5620962877457032
0.24195675393430502
0.1412611851405363
0.5276284940146266
0.5952817067444804
0.8193290131660449
0.40528928631494826
0.24089973690885236
0.6118595908464672
0.586259783373492
0.8257923247312886
0.37187943918308697
0.4662853909394044
0.43884969331071777
0.5857168783415992
0.684419084652296
0.7360246021835405
0.7954663814726596
0.7899201498811045
0.44203232524181124
0.3186649589489655
0.6244231318390444
0.8295191314101342
0.3952580032119114
0.3645625752138938
0.4874562793956241
0.7562678227557793
0.7542409608798313
0.615570297965647
0.764635730134462
0.5910307881390275
0.7282621861316588
0.49130664037044824
0.7581520488634393
0.7915517791386213
0.3899855660455121
0.7233584359221025
0.6932840029025458
0.8019297369826726
0.7246940104976498
0.5931578981602262
0.6254414908821352
0.7382310030517739
0.6874537487162136
0.6448348438088168
0.8131355517789846
0.488501449353614
0.8632822536465729
0.4617421084609374
0.7788440683471388
0.5689024346922372
0.5262353565129919
0.5262264222674456
0.22128821357087364
0.3875879986740566
0.5858148197883948
0.29651785885447424
0.3618026549474358
0.8973025508265802
0.614487104381572
0.7207820935987229
0.8190315691183222
0.6365112741784688
0.5390356913831233
0.3005226576734684
0.9218023673463603
0.800155665101178
0.6533677198574721
0.6725614389448641
0.7441786647894846
0.4450885834394742
0.5214698093544651
0.38216469007221937
0.7176749262973784
0.4320155960027184
0.43934556303391475
0.2436980343065669
0.32214005068253254
0.320351980643961
0.3018834685754251
0.8723412202541471
0.03970367744912128
0.5386663639971544
0.4159228607304893
0.6855170542570598
0.7120783711583472
0.6294691871989808
0.6647388090865437
0.7554490231414857
0.6442644690828904
0.677275129837672
0.4764652392257352
0.606893831562928
0.4911737389089448
0.44716147379029064
0.4349629619721794
0.4415601514753526
0.6381515090789526
0.3953892327716088
0.4657031804410677
0.38905965116107644
0.45116992105430614
0.530209386714148
0.45725803142070504
0.7372386668539754
0.22544862796631623
0.5341437649115259
0.2529769512529763
0.3231268620733126
0.8286857793627148
0.703560644546851
0.4734538103419578
0.5158637409579784
0.6564403028755169
0.5467794687051617
0.5140442306987085
0.8516924557389105
0.1260207803534827
0.4705176299596525
0.5509185007624907
0.22776304475529247
0.5543218972843655
0.2529344133272759
0.42513649618510424
0.33740361089736004
0.44593361151497724
0.9001943609543408
0.6890354370385358
0.859893072790546
0.44139281840821304
0.5630361907627274
0.7553432286428652
0.7569638371679974
0.7673987734947568
0.3680505020249302
0.6088245294420604
0.6926580505875602
0.6784815873287481
0.5410355057075109
0.4156105111850343
0.38363191478438263
0.6930112774762874
0.4657899413616439
0.7196753151506647
0.43004692853069737
0.717720352831276
0.22201260554116603
0.6269338201097286
0.30970818553207796
0.294848000028991
0.5625319117733483
0.44751836272895434
0.443240618604237
0.37999345657877986
0.8969541439953342
0.4030739385473848
0.7330311454949792
0.5557123366176907
0.7978052294866181
0.46182553700195295
0.519948894010455
0.25179092970407246
0.32218501796836807
0.5065568078378069
0.40857843488812556
0.37223292611314956
0.4915636357542831
0.5241344798330099
0.5108632561611617
0.42614129769183606
0.19439380250342841
0.29269670654900093
0.1403200727504407
0.44016238745491276
0.20974088514467654
0.5587135371998763
0.05339102455316061
0.8043999576085463
0.23217712207601046
0.36736647377273834
0.4586056205595439
0.6095139001259965
0.1910392574009511
0.7697228329079695
0.8440313030252019
0.3696455294012665
0.6223695475655303
0.6278254720027222
0.3072287086931363
0.4292476485106049
0.7179232609470809
0.3048884687469339
0.591336782124892
0.26046919997724743
0.7183486908713091
0.2496562136115072
0.40545228682437034
0.7919194087270317
0.50573475568352
0.9481949496976688
0.2300946888153433
0.5548638147913164
0.500905981311995
0.7075354711994059
0.6804947647216807
0.6043622870410279
0.7188564766619526
0.8680248372581133
0.37881737137447297
0.4371394099810391
0.43157090648775787
0.4140066493471445
0.45498027884455405
0.7373619558948901
0.6514281153883552
0.4770070997431149
0.5701309485698405
0.14704440009758274
0.4290124379310691
0.4800808682812209
0.7599802707668126
0.5259943793135431
0.2784370465516109
0.3010481365467393
0.5602547813564448
0.6643167577076872
0.5474724072527776
0.63881142384263
0.33826153658403857
0.11417312050043289
0.45299621493004005
0.4845968760074831
0.14292215403182904
0.7499114559949108
0.4616874120922397
0.6990458750145201
0.7241804257654979
0.5452673480632989
0.2785002788558181
0.229885969947161
0.4697629701199266
0.4431779441313915
0.19668476756083195
0.08517402146847217
0.31457147915582195
0.5062913605672569
0.17242548134076238
0.18686225730124395
0.6010918464010777
0.5210740676261011
0.830638819665889
0.2999632140977575
0.27083060924411695
0.7412510970229136
0.16782430529852538
0.06728066040737715
0.47819842277521274
0.3845626660516291
0.6931201118145979
0.13010531285464438
0.4875518781124099
0.6140957160172612
0.08985974238564297
0.31942313279657913
0.08388213880517333
0.7078506226177556
0.18102589528269733
0.16490302101076856
0.22367655306129353
0.18596390754529804
0.7704112925505411
0.6540257007087705
0.5173608297573166
0.4303531103623033
0.13243884563679506
0.31183205743064696
0.5683900700917268
0.11834580934644207
0.2411700186228576
0.41524034361486195
0.4472610226736934
0.6204384882252778
0.6846458110139222
0.5565902834717843
0.4888152810068046
0.32803161697358213
0.4776525891188441
0.20134231304181793
0.2479508166256902
0.5592800039078856
0.3320552525647577
0.4441352347973243
0.6962190570654943
0.6584959426177638
0.2397747211069275
0.5534087327003916
0.10979021386582816
0.3001489704008963
0.39497607989899225
0.7178947412444687
0.7049206281064707
0.4149205049957223
0.6054516892286333
0.3782114226731661
1.0000000000007536
0.6075196920218893
0.4902122546071692
0.7124926867031679
0.4790827671462797
0.4106963831340276
0.2915897857255909
0.775599846830579
0.12531972115301518
0.4261808438272412
0.1800693832155559
0.48702707474711093
0.7088278753439288
0.49642966454357407
0.18153535985377456
0.55471085086957
0.5216566557617999
0.43349971455056924
0.7384455675452617
0.6151035253246714
0.2487171154067419
0.2520658295099556
0.6841716742233623
0.5142405215025531
0.27359589061422984
0.4383619553746314
0.5905045873481737
0.6253431806493606
0.6023621170435116
0.051432152872537926
0.762156833482164
0.6100369212910431
0.5183868237625806
0.5213979431654
0.37297115707203354
0.6927116525929135
0.21814660418285023
0.22898348595152918
0.1545570363872438
0.4213640856267601
0.4503247720223202
0.2007905430270033
0.14904065938205946
0.44837643010752193
0.35261136903031354
0.3787779441070968
0.0783364948683661
0.6172764703709676
0.27020703263822826
0.27169377888624063
0.4588278343224935
0.2501927172051136
0.252630865421073
0.3587129848229419
0.3014994634554237
0.6226377489445877
0.45503646700147743
0.38750596423284095
0.31900458265867043
0.21906542433095283
0.2162392924545917
0.7120389232834553
0.7092183677299813
0.6513468062578095
0.519003148819379
0.40986097596495674
0.3533732921717614
0.48506691364789895
0.33649185983593455
0.4584530993326939
0.391489341615705
0.21366063313302272
0.30004448859912514
0.3983821524835396
0.568640636553061
0.8870401555889936
0.8457042909563725
0.7080647010820247
0.9341511910700072
0.8509816336616133
0.8931782642871016
0.8305229105302717
0.8199434435664684
0.8338050126244106
0.9365883064828519
0.937808905559059
0.7981842790977633
1.0000000000001243
0.9522606287585235
0.8493184676419291
0.9296035776403117
0.6502689726708135
0.9055824632988351
0.9030884454851913
0.736725586091234
0.8645226286556924
0.7515396406552667
0.7881285239083976
0.8543717349606624
0.9379937736118429
0.8148379047246108
0.58979634977984
0.7980220455333465
0.8668396842801341
0.6773476228238016
0.9405410897000188
0.8863101940720953
0.863348756133945
0.8479051998656133
0.8254879627365874
0.8334338941698204
0.7800641836502076
0.9232050208524483
0.7700819778607757
0.9486336702713739
0.8905729481688294
0.8323870770890951
1.0000000000000007
0.814984810501674
0.8154773814964524
0.8863401333794017
0.9999999999999007
0.7744848212881918
0.9019304547582079
0.8256224030278445
0.8061818145319902
0.8645496596885761
0.9049104923262358
0.7711066563737827
0.7038828611152042
0.8949765220028845
0.8941862077081134
0.48570396157499907
0.797428569574413
0.8969293819699058
0.8176002465628787
0.8976051340260511
0.9024516941504785
0.7948088257268122
0.9612813864384465
0.8255847084576503
0.9320941961536505
0.8886304603718268
0.8647626246134728
0.9552610889453454
0.8640290704953031
0.8034065667371727
0.9482329303406467
0.8131438108273692
0.8728739857732737
0.9400855867604918
0.7581210664001586
0.764615627279871
0.722951374935321
0.9323455176366647
0.9026519247059681
0.8508451658677816
0.9380801197640962
0.9344908066949518
0.8478609163136182
0.9660033666862659
0.9223392813057077
0.8484531420027251
0.6775024011460133
0.9232050208524483
0.8696466357049116
0.7663763755560878
0.7285747878264563
0.8111291461059846
0.8681196800294212
0.9999999999999493
0.7937908217822723
0.8071866916491944
1.0000000000003302
0.9085867888362948
0.8898472153954546
0.9072036401379535
0.9135335618891957
0.784931845041353
0.9825759300195672
0.9999999999972116
0.805752787086495
0.7791099327397563
0.9412943825538311
0.9675409665949861
0.888726252825456
0.5644325126853997
0.8626184098799818
0.880626211902109
0.8413777893717262
0.7314352371411986
0.8998205198105905
0.8891810409796855
0.8123945402230794
0.48484273160622293
0.30987199257373166
0.7546491273172722
0.7346762357537018
0.8431807347082306
0.8787235573773379
0.806010720423972
0.8511039248186485
0.9300526666433322
0.8839353246894011
0.7721938590258525
0.9121341338215557
0.9440085460700381
0.7462549626215403
0.7795470509492909
0.9337231892638659
0.8403123311900925
0.7719413401749609
0.8324091476449196
0.7130317585114314
0.8904970944984245
0.9053822516517431
0.8094177316097327
0.8156964216917398
0.9067856203520709
0.7575937446961359
0.9457154446575259
0.8795074889271389
0.8553591163256855
0.8399447443341304
0.8540454745614959
0.9219845182256878
-1.0
0.8071883097840965
0.9296005722737
0.9329709279709714
0.9389001882200733
0.7444969101763593
1.0000000000003302
0.9478764650193923
0.6849914248692643
0.8583410766158679
0.7546736551024422
0.9754856375614681
0.927960535449415
0.5876798037440539
0.9305521521107578
0.1917365821190767
0.8676380945325991
0.9650415495682083
0.8884867265772474
0.6531817147127282
-1.0
0.7592570447629011
0.8603621248025364
0.9161722385302286
0.9558875707722145
0.6578380925044885
0.6517447645591158
0.8736817295609964
0.8443861177562271
0.8090425619476598
0.7663763755560878
0.8109707720073609
0.9485264923135701
0.6022213146415343
0.578443026417383
0.9486555454944081
0.8472868533502332
0.8282367344927642
0.6773476228238016
0.6702427912617116
0.8083771740819955
0.8687732035941943
0.9017868353649884
0.929480444244038
0.8061818145319902
0.7285094890506731
0.7874141439419643
0.8916543606653009
0.9176704371577162
0.7498381250485953
0.6619326584692605
0.5552846857342
0.8314440122270128
-1.0
0.9019926191925435
0.7792974160398084
0.8146571087922544
0.8022008282519749
0.8967904841735458
0.6713307619460156
0.9597917659667814
0.8887866022403071
0.8497395076834522
0.8816814826230663
0.9999999999997817
0.9484236807319447
0.7270880382129868
0.7546736551024422
0.8617153005941778
0.857735614624128
0.9135899023865152
0.7791733767366781
0.7042188728972231
0.8145919339591275
0.8867794828336665
0.9133702829354353
1.0000000000004643
0.8698417375833363
0.8557703007410069
0.8837873973776276
0.9129832361861672
0.8087615702861531
0.8070991981730434
0.585294668155429
0.7972565535150884
-1.0
0.9152514278945876
0.9273465550692005
0.8599610137117241
0.9205802822912785
0.8771695656650558
0.7473908406218954
0.8273947239169085
0.9030529780394625
0.9051792648184798
0.8223752376058269
0.9127869618976848
0.8212098361337878
0.9125324323850192
0.8450927357713662
0.7549017087109263
0.9174916535019574
0.8945033110847938
0.8469896657829332
0.9999999999999007
0.7858744869159413
0.887181074618904
-1.0
0.9999999999983403
0.8284367552054924
0.8977985472655214
0.856621098510337
0.8542104117599112
0.6863780742781395
0.9035949651373067
0.6676049448783022
0.910114020572333
0.8431437799089069
0.7872300954436255
1.0000000000010267
0.486327601573806
0.6863780742781395
0.8800394127500547
0.9352677129528617
0.8293115751994101
0.8755727611010732
0.6323880093875938
0.805407070400864
0.9741709281657351
0.8971305801643443
0.8571334399300087
0.8524576899108373
0.9999999999993059
0.8324716666327159
0.8597791646274
0.8271758909960443
0.916980956943425
0.9754856375614681
0.8620193777851034
0.9660033666862659
0.7487492755320346
0.9011643166806956
0.8421801666507802
0.872068808138572
-1.0
0.9514391413772426
0.9333952894479155
0.8699415762057914
0.8996733252439296
0.7453937404089784
0.4376614947364465
0.5599919851927497
0.8257519197407608
0.738465219943932
0.8223752376058269
0.7140514900479384
0.8099550368217643
0.7126862236015503
1.0000000000001243
0.9467190051278774
0.8870139530843432
0.792154919517044
0.7867834801753745
0.8797748890913387
0.9553444184078151
0.7915860587795512
0.9334764494866582
0.7991549477183005
0.6300244195081465
0.8941507056213103
0.7283918577721566
0.9228954505882122
0.8070649839047033
0.7581210664001586
0.9190544665666002
0.787522719651958
0.9372280772352871
0.8027696740879022
0.8451309376469549
0.7717984991906819
0.8805895253001486
0.7506815333083282
0.9269226805857398
-1.0
0.5999561349652547
0.9407971417878791
0.86738563253726
0.8516363415705255
0.6835191268233202
0.8616359078110875
0.8768091352729586
0.9475025004673655
0.9462387584780234
0.8073635562589939
0.8859501466648855
0.8843981490546898
0.9167980857252197
0.6576230869976916
0.8854152533056403
0.8649308364844176
0.9217718931163431
0.8081283858457687
0.7911502823649186
0.8039795845407365
0.7901886850701484
0.9047503579849572
0.9205802822912785
0.8346735841300733
0.958763054701667
0.8460334107904984
0.8424153064195188
0.7900883067578469
0.8891598798361458
0.7088395190924681
0.8811188624919285
0.8367030134393851
0.8601280435503379
0.5932883250433161
0.8575298947216694
0.7890391661176352
0.8886504116089431
0.8592820492730286
0.6467147229177004
0.9415940830075881
0.917731022492486
0.9096437664885202
0.8980081986517696
0.9579914611580885
0.6863780742781395
0.7867834801753745
0.92933163453587
0.8090595058633566
0.8450927357713662
0.6526091743123356
0.9999999999993803
0.8254060143620345
0.7927152244882597
0.8914778210073543
0.8407547192777528
0.8927486174717744
0.8312265122306096
0.9019840551813614
0.9041319199035003
0.8319216396377022
0.675012339153211
0.5684972720612282
0.9698753354216967
0.713971348983071
0.9468283688643792
0.6835191268233202
0.8945053737217086
0.7877142886148868
0.8670235778349595
0.9006906470867929
0.8115158923759747
0.857714715308518
0.9024516941504785
0.7035716695031718
0.6981556779688597
0.9020744956891895
0.9999999999999493
0.9770699200829706
0.7867834801753745
0.9354879497704235
0.8217312501759523
0.9127358945398812
0.8407547192777528
0.92933163453587
0.8115158923759747
0.632029198606794
0.6586700790045004
0.9017078230462152
0.8960827326437748
0.8098150580063918
0.8995119928265453
0.8650664529054762
0.8126845359514488
0.9024516941504785
0.9026510059970774
0.726048443447725
0.8402348706210284
0.7957747823520988
0.7768736791350468
0.7213172900233328
0.878063090939056
0.8837114030260798
0.8270203914005954
0.9134813441370425
0.7342670135703268
0.5916514741885633
0.8941152039733989
0.917731022492486
0.6802709491491895
0.8924646992476347
0.9043049071019966
0.9210219679615114
0.7655305305779515
0.9566801243469527
0.9146748823918798
0.7592570447629011
0.8702277256661533
0.7088395190924681
0.7080647010820247
0.954033095974693
0.8728932252460392
0.8945877768517139
0.7818945810586634
0.6740863582247252
0.5988780643086675
0.8602740125253431
0.7655305305779515
0.5922816401393216
0.7663763755560878
0.7080047871867267
0.9048749548641103
0.5840317529893383
0.9141510165314132
0.9460821829623337
0.8465876733562105
0.9550650858587197
0.7355991841155953
0.8404305854363433
0.7447250094605421
0.8844989456956013
0.9681302601437901
0.7997275001540463
0.9315928819274134
0.9029966829359717
0.897100741545117
0.9662621045784733
0.8871289029136142
0.6912955352066508
0.7658148891547482
0.8707716385270216
0.5980366965491355
0.8838945004392144
0.8488246528147992
0.7194258450149614
0.9435361781241358
0.9370611020974502
0.813501266388907
0.7547356388771648
0.8711288539197068
0.8773381487854791
0.8109733831768614
0.8688486799931939
0.6695236612468587
0.8734916885705154
0.7800675346228257
0.8992217230637609
0.9264100564549369
0.9180513368740163
0.9454041714378897
0.8020649303343967
0.8070859815327129
0.7716832700103025
0.9429221023694788
0.907693334272597
0.8234170397173008
0.965497409107661
0.8146942053639061
0.7851974189329334
0.8077860743776347
0.5588544458817667
0.8543744044367189
0.8563950891404245
0.8300129382651916
0.7855904127854942
0.6609137403670696
0.8614530220250189
0.8981532773437525
0.7785490072206802
0.8612960421735667
0.6532658723243351
0.6996405563606861
0.9158492800742633
0.8809271182836138
0.8354147266834423
0.8719689844869409
0.7522799496035991
0.9031819456412636
0.9087869136792583
0.7206816424741247
0.8792255486673873
0.903017871797989
0.808857769940849
0.8856919846487826
0.8332703409858907
0.947035836162277
-1.0
0.7905456341070721
0.7623133475029792
0.8535678439060617
0.7633862011173435
0.923010653673943
0.950758996282526
0.8494644608252772
0.8192772010585343
0.6438210047423311
0.8545954103375755
0.8326999220709492
0.8997831769097061
0.9216883463553919
0.8884115455212612
0.9043072935613579
0.9338387863865519
0.8981532773437525
0.9190853462103047
0.8784822201379686
0.8305728902053828
0.568180798429005
0.8539862203593392
0.9314497176280077
0.7431386103513488
0.7611762015696796
0.669196267182095
0.8222928472656161
0.778694442498549
0.9323455176366647
0.7704956767778113
0.915539970103563
0.883705381050377
0.8586811097960628
0.9273904616921083
0.8844989456956013
0.9141638211086494
1.0000000000000007
0.8450927357713662
0.980278843821058
0.7904538233257588
0.8050496367009065
0.8936681126135085
0.8977924523839232
0.6693702595795495
0.9741709281657351
0.8699415762057914
0.8210510739965087
0.8209193935192074
0.6425310866552446
0.832676664429322
0.8269504248578144
0.8734046432945715
0.9225622553925175
0.7866908079573016
0.903017871797989
0.8494686280188052
1.0000000000005402
0.8286505459486478
0.7469140666626188
0.6022213146415343
1.0000000000003302
0.9415462033311974
0.7006304352318908
0.8879112197357102
0.5462368185067047
0.9317929259647838
0.8714437986555893
0.8583335978081531
0.7604124646660794
0.8995593646568404
0.8865304955400213
0.8522103086434399
-1.0
0.7967611481414203
1.0000000000000007
0.8745372301408959
0.7663763755560878
0.8498435548903542
0.7992599675028806
0.7419848634343299
0.871573602046276
0.8983831974560161
0.8764392087786859
-1.0
0.7791733767366781
0.8924646992476346
0.9482329303406467
0.8924284045713738
0.9275278285449461
1.0000000000000007
0.8687414653754463
0.7831847327658287
0.8265144847294823
0.9261867930018789
0.9418347687281907
0.9169093563256681
0.5450579154005637
0.6997035187950208
0.9412189023143485
0.8644032518424571
0.9316333804636605
0.5868985076732864
0.8771695656650558
0.9247431161610755
0.9133702829354353
0.9236841665824553
0.8266329049519477
0.935151064675499
0.9681302601437901
0.6469093030359734
0.7592570447629011
0.8519331554257896
0.8914608549904743
0.8317294392797697
0.8799991149690054
0.8391130022518509
0.8381584281343321
0.841198270647763
0.9553457482085452
0.9110768955968341
0.7738082064162926
0.8980267005820781
0.958496096420852
0.793516244066421
0.6666003022527401
0.792154919517044
0.9783500975651133
0.8195883658454642
0.8991277600281634
0.8040015273347598
0.7736958547509261
0.8712812739965021
0.9396831505478973
0.5976200002758378
0.7818198302635249
0.6894627229450954
0.8849821142903578
0.8967904841735458
0.88558089015748
0.7280021093708975
1.0000000000010267
0.8911214350939439
0.8524899516224993
0.7911502823649186
0.8132414423219376
0.9229830806324072
0.9129832361861672
0.6332547534940403
0.6430063731855175
0.8873045834548139
0.6161275019539979
0.7441305365165239
0.8699415762057914
0.7088395190924681
0.9050052051355979
0.8610148944064792
0.6975634305212607
0.867689816703173
-1.0
1.0000000000001243
0.6982088398327086
0.8874082449840366
0.5988780643086675
0.9334764494866582
0.8379106677642914
0.9322311529792202
0.8648858927611299
0.8540168382686396
-1.0
0.9073638957488057
0.6197706844901942
0.9052289318725859
0.9999999999972116
0.915539970103563
0.737303052100936
0.9266398186474865
0.8511060866351327
0.8029169159758025
0.9100841950143495
0.667071558350638
0.8075877329549571
0.8403895062846323
1.0000000000004643
0.8907556589014058
0.6952444091860275
0.9100744195679896
0.939787083879873
0.8675929259529201
0.7319236518942098
0.8003244156845027
0.9999999999999493
0.8287676328526529
0.5890506130662733
