0.7159728917499292
0.6151828364942453
0.5927045503573981
0.7760615848930993
0.2810621843594943
0.6330265141671648
0.4373968147862071
0.809285629436941
0.926513748288392
0.7992366223391156
0.7118930164707522
0.9494840194400705
0.81381939482599
0.999999999999989
0.9999999999999967
0.6702239318359364
0.6306928873011424
0.3091791471361345
0.35578001914776386
0.921156566970283
0.5932211429717184
0.006897351382096428
0.46553413287417394
0.8173565051445117
0.5812456977337762
0.727120721246064
0.6319520714768834
0.6703642939847703
0.8839103015951633
0.6016847243561078
0.6690273547979695
0.46760926885428516
0.0
0.7633163952868097
0.8373644989632736
0.0018083261437978218
0.36302097381486986
0.5603863184479065
0.9999999999999871
0.6724638027034121
0.8164965809277273
0.6763149815354786
0.5166633495077037
0.7595171353413118
0.7267265186646568
0.47737812641638216
0.6544465781238368
0.37821452633894465
0.6794630044299819
0.690418650987581
0.6786777382894693
0.9582126290465942
0.8524958456634859
0.6060091888823197
0.041381089630644415
0.449576334330015
0.5427134442886263
0.5492792113039229
0.5151002228241732
0.5479078446509041
0.5664731129087159
0.5692181856858842
0.7712150420200171
0.45681036740105396
0.4212889571509898
0.999999999999999
0.7457770650750616
0.39006908857356243
0.462568888630931
0.800637027751287
0.8042187592487429
0.5277664284251081
0.3806029821375961
0.5294363513144515
0.6297587308444256
0.9139726027061132
0.8853027911951721
0.6760763071902567
-1.0
0.8049488990525704
0.9521866039379416
0.5858176838252734
0.6095043760464255
0.5926735705245785
0.9527918260021813
0.7323401201190275
0.7114649022679486
0.6251934867460079
0.6918474619287436
0.4848630127336582
0.8164990414636607
0.7444212365084305
0.8381825443018208
0.7103250927571699
0.4987573689532382
0.82160656424732
0.4810784716071975
0.6814046375766442
0.8348277636075869
0.7851074328362394
0.411590280296284
0.44101525291020516
0.6749861130628745
0.4602274574081267
0.8047493613404247
0.5193132394245691
0.5211848354086372
0.5300135388745632
0.3672852923935937
0.7037579683713707
0.8790320651973826
0.6370356958491381
-1.0
0.5922937301405429
0.4158168991909562
0.8952366312634864
0.8362908259054094
0.5253485704195641
0.00931042710894126
0.8751889080162826
0.51471201976811
0.7731618638907651
0.5678516688220344
0.7071067811865479
0.025298545958911758
0.6826638775943581
0.7141541850923111
0.8977431717975851
0.7966185365795755
0.38390988132425496
0.749132905283714
0.7754559187362766
0.5455058190980477
1.0000000000000133
0.5298021769443969
0.707398322348331
0.5115109837963057
0.5044108231015353
0.656171508530892
0.8497223379188389
0.3686292981737083
0.31855362166294005
0.7369872561578402
0.7775703128294518
0.5043628353882318
0.3504524694021578
0.8242568077209728
0.3086577097949242
0.9450704690397604
0.6835228880862283
0.8197423902388526
0.6799656605994782
0.9512072865355414
0.9135516816881983
0.7875798441753432
0.003261566377789597
0.43623551835868357
0.6911458308331749
0.5150174891453787
0.4138819682558492
0.7038744258229236
0.20645676157474718
0.27646964516104483
0.6443469919104479
0.4693491936366703
0.5606672230939657
0.744491578805164
0.7302283138037864
0.5208103555394734
0.6158045338217639
0.8391366465702945
0.5156161563012012
0.6959405039609999
0.7869114653694058
0.4739610149704121
0.5773502691896266
0.6759892700274253
0.8730491740902727
0.3370570901755412
0.7503375513022676
0.5794869393985997
0.0
0.5070235625576649
0.8396823943142432
0.6713614947026999
0.5669562925874592
0.8042521122287042
0.4279985883249756
0.2700198583783243
0.45644938468617147
0.8477913861708873
0.3567277105804986
0.7565679500241229
0.2765130312836871
0.8250538868382442
0.674421753943246
0.8784564974153621
0.5773502691896265
0.8372037483208306
0.39017736651035867
0.8161266523354803
1.0000000000000027
0.8485749049266303
0.19843402617502387
0.24335676153006322
0.8065407253553725
0.9234377253238482
0.8864127244529163
0.40993084277124303
0.6823244416105027
0.5015052738096801
0.8247730191497881
0.6676931461449975
0.9247494513082236
0.3399198612884066
0.6167724950980193
0.5096802119086086
0.8489425697540149
0.7475850428818704
0.8676591414180678
0.7430258411879369
0.8091038521901015
0.7084994852764492
0.745051199926338
0.6733903620554693
0.4112487671400825
0.9588604621212131
0.869506615990269
0.20086702855325256
0.6701816856605411
0.28389291408323775
0.9262010028886517
0.48496460337010555
0.7266605014861973
0.8984297375720807
0.5800587447712501
0.7584638073471143
0.9445559289366556
0.24879985129233192
0.9373772629931446
0.3662960872396928
0.22638124580097782
0.619952703063471
0.6691578529640322
0.688182999165383
0.5399614604253148
0.7446556726631883
0.5060899003520414
0.6869709003348641
0.8265445490846046
0.6712657969999564
0.949066072315659
0.9152804395659129
0.49802365820086403
0.8547160910615953
0.4588667552302596
0.01823396352714798
0.0
0.6138417922566042
0.45861435796973604
0.4272167484854971
0.8787064687598904
0.6665754351840626
0.6693589852386166
0.6615878355096085
0.9025543241361922
1.0000000000000289
0.8294283311950131
0.503168593542838
0.8181280712456177
0.8189278295730735
0.9061769302977312
0.5242485969315538
0.07578054936913897
0.7293848669882872
0.5789081990382983
0.7767842355333175
0.2608164016845474
0.8962527479066927
0.26343920663110226
0.30146997679573767
0.41106619747210144
0.01587644135397894
0.43482683926090293
0.7482330158943654
0.7203132552467074
0.45198113239570753
0.5778696009451421
0.7120339177125959
0.5326000883550546
0.603579968789851
0.777984482579116
0.8970045639335338
0.0
0.4044695693270042
0.8524763450679826
0.8976597049848951
0.9391034622076749
0.0
0.7524146127626397
0.8697672471768659
0.023758279046224372
0.5634711196218531
0.5124816033829106
0.38565184716153156
0.7064589523029541
0.6814024402924375
0.8974224185458042
0.8492222585839169
0.8412755903009436
0.999999999999977
0.7688030213933862
0.5796368162581075
0.41512198847690274
0.6784636489648156
0.9306675805676388
0.007762580337429661
0.9377084503449802
0.5264259402685533
0.8875590980825373
0.6178997888878192
0.7304955789013724
0.8772940298792331
0.011434329737484735
0.7764559275781978
0.8989387645620935
0.29972696650621383
0.5602992667836215
0.7479649998362615
0.07524517234212781
0.5842440536013579
0.9999999999999999
0.6942245873640717
0.6849653873238662
0.6491800573707135
0.8660254037844394
0.6688912683490859
0.725077681124822
0.6884179020779535
0.5935919207965039
0.6771900468453903
0.8108350187702946
0.26647707834560175
0.4107644528433704
0.5818685084544747
0.234030862014593
0.7740272514800887
0.25915351617908416
0.8668243437665406
0.8872253224170287
0.6203916332311764
0.6022702961056274
0.46579323393218885
0.4775215989914436
0.0
0.7575279105964496
0.5530150245090524
0.8129760614442203
0.6043525478528912
0.9263478935160979
0.5094458951232916
0.6556905468540187
0.7121269776374128
0.8227222256823906
0.5281059240576029
0.5874245273621828
0.7589843699677993
0.8944271909999086
0.5856375002252828
0.8767853141057386
0.6906557964269457
0.6250783598931958
0.29818788542005625
0.838512955873472
0.4416592777929785
0.9383257994206143
0.7170125371341483
0.8611492468229197
0.37664550160574095
0.6577622872358787
-1.0
0.42284989167367254
0.501434366261363
0.577350269189626
0.8956738833960255
0.5773502691896275
0.6704000028219698
0.27224029908457203
0.9999999999999977
0.29404260225280493
0.8680066143843621
0.7975404718619341
0.8126400587339901
0.5821679572813762
0.807346426096383
0.6765589260297766
0.6810343277531018
0.27085249419470614
0.7324888057650001
0.6483193649767574
0.8164965809277196
0.2945221941469501
0.5820835944492403
0.472589591630001
0.6763997807990841
0.7078498675092711
0.0
0.0011057045599832953
0.33539476407337276
0.8203421210802665
0.8129966496017135
0.5450558183505517
0.8522430728106204
0.777714025869208
0.5287065094337075
0.3442913616142403
0.6957130202853562
0.8503748626244779
0.6719148154653756
0.6127029538247684
0.7352044466022338
0.670946292720117
0.5007121964779219
0.5778051272945424
0.9379267954563443
0.9302274514405919
0.5220615256826138
0.47810659655210436
0.6676407483719558
0.40257236103775096
0.7607030886729663
0.8664459983650747
0.5867644842179156
0.5867839973388124
0.6345786045713648
0.9999999999999962
0.6778574932712277
0.4820946265488344
0.4285665503035686
0.8165928439485179
0.7120766201441883
0.7789238387503572
0.9537916412797184
0.7723839869174179
0.0
0.6335192552649834
0.4854892487692606
0.8178351497565638
0.8032678140040446
0.8469078548418947
0.8845285349907208
0.7980063307319131
0.4920215338270555
0.3639967767502922
0.5142315887925129
0.776678600880641
0.8277090040538603
0.8230546707930821
-1.0
0.7393321342154132
0.6119927057219571
0.5498008680849849
0.9156886786352074
0.8411882389071136
0.4110353436905227
0.8055815765418317
0.3193065261901927
0.7605806577314688
0.8602059817896732
0.6410421139734451
0.6724209685347854
0.39209631904845155
0.30579287825071294
0.7347644719547375
-1.0
0.3344024906523925
0.8851346259934798
0.6247688078665377
0.742066840225778
0.5352119985849942
0.5171653452299837
0.6253971734068712
0.41588659969023684
0.7954921361523912
0.26718386239410163
0.5978664312066572
0.6743335962967428
0.6765896988312486
0.2895746439278444
0.6226284955562444
0.7464455777560934
0.8137380642732464
0.5720445681182225
0.46677087668446454
0.47311972057736346
0.7138930573374278
0.6160604900233604
0.8840585659957352
0.4778214722436833
0.4364357804719861
0.8675852411853869
0.5938229388584845
0.8445838594832548
0.2796325416843605
0.8686977053173275
0.8173598688516658
0.022760570954098176
0.7071067811865454
0.34408801678599654
0.7800340039551715
0.5038776582005112
0.669608221716043
0.8752986476281288
0.678411700012936
0.47127015065332983
0.5862670376136904
-1.0
0.7493744654099884
0.6742527539033897
0.580047975067309
0.6690017462522483
0.6704636109539279
0.385281182953285
0.7071067811865465
0.8061746614584994
0.34860531547682466
0.5863005123246654
0.16072601275996748
0.5323320158410663
-1.0
0.6748803810642189
0.7948815915220417
0.6262386142110888
0.8970556725478291
0.4223973699685632
0.7346110933639775
0.8096377585723041
0.851348048846014
0.6773071895091475
0.7830460926273416
0.4669943329256564
0.4212008468220684
0.47737812641638216
0.8261022748075172
0.515706775863543
0.02567760145430841
0.7521522885432486
0.35935868760623907
0.7213249981342182
0.673733939642896
0.9002604819995385
1.0000000000000078
0.9999999999999958
0.6242806196385495
0.8064932320756817
0.6811253362952328
0.5834818045776854
0.6594662707886215
0.6795402990638896
0.6414550987137473
0.7540480570724489
0.7906610775680291
0.2870831296715276
0.5194384770001406
0.7941585273472219
0.9999999999999979
0.6735069112218667
0.9999999999999944
0.7758775920824487
0.25330715380849395
0.2961915621228052
0.5320487236259664
0.6188518406074126
0.7173633581333158
0.4721388111120449
0.5749752289002145
0.6951193191424617
0.548943105918446
0.8029807466958081
1.0000000000000226
0.4396582930503375
0.4384726429497524
0.5656630993910303
0.583093523346177
0.3668569441374316
0.8697651251194939
0.7113370400203807
0.8077389040889912
0.5097331074442516
0.0038740094102320023
0.944086018950917
0.5689027201712656
0.5084454263874629
0.9373850629377944
0.5095335706732949
0.8687307145249565
0.8982396323153344
0.6498266676872861
0.6397181491229018
0.7455473815457399
0.8975324425616835
0.411056512398775
0.6305971353967748
0.6219756739009081
0.9011194311102885
0.9450412880564675
0.6720621255429623
0.6652122763464811
0.7253335764068585
0.46896003317915164
0.5516919351671431
0.3571693122994497
0.8255896104240877
0.8286273090700983
0.30422892489474074
0.8181550415033346
0.23902050199849265
0.8734884411324889
0.5058523488821594
0.5516573920928836
0.4608045578433492
0.6762344198744903
0.8183592644568486
0.7551611876217666
0.7783714782249783
0.7144167593077698
0.50000000000001
0.686812328714925
0.7448615708530085
0.8945868960432307
0.024327453539211615
0.5069577725420237
0.6129818212004607
0.8595777288413743
0.6212027591018036
0.7277473023766746
0.34468678631447486
0.5190159126132982
0.7598509672727091
0.738092565530564
0.8470942171623991
0.538483788874411
0.2810621843594943
0.673011559493157
1.0000000000000018
0.8058553417733514
0.9141604749769814
0.8965416542724299
0.7504220093632644
0.6382245017469201
0.1880482011216208
0.5304763910714838
0.873700277073391
0.7750268057323827
0.610149112569273
0.578213946124314
0.7564006794940736
0.7277479813736639
0.7823770310344663
0.6713425183337363
0.7190069816241275
0.44998247808857006
0.41622033568428674
0.577350269189632
0.8060574545630568
0.585140418685881
0.5458260977367972
0.576609353790955
0.260357879322579
0.24561645407606886
0.8692037903416696
0.5127689690318417
0.7574866346014243
0.9999999999999901
0.7811165624105226
0.6850606035036043
0.8067828393860836
0.7442457527906903
0.7745880910991569
0.5719816967297079
0.16628750836157566
0.516994378509625
0.5472154447281242
0.24654675224199132
0.8594167073137396
0.7068626620736866
0.9386526172827397
0.7284461972180413
0.6159545029566986
0.6800303832563268
1.0000000000000004
0.6159206554484673
0.6064512312514204
0.6059710943909052
0.25911821895481507
0.5877049488150131
0.7351280852959582
0.33844053660023166
0.547579295227505
0.44412263762066945
0.5130476885002049
0.7780393429656267
0.9225538482331432
0.6832739303403552
0.3571385858712489
0.6306431800919124
0.46953840197904334
0.5783509225068596
0.9133840998520196
0.6546639764297687
0.7923306900787395
0.820873497056819
0.9999999999999964
0.6228031564080962
0.8106220895325672
0.6938634337918783
0.5249957975429692
0.9279628588112727
0.4285545816883418
0.5869851862139076
0.897231549857393
0.8736590500065992
0.4478063237888456
0.7443724517071167
0.8456772689262235
0.7610450694241065
0.9272727196543076
0.9549966957435713
0.4596268990243627
0.3671320014714702
0.674689645677942
0.895579733633711
0.9487359372879651
0.8347185586128922
0.8368457576173766
0.6980568244990859
0.7668155882268662
0.512004132413607
0.5509290252684942
0.7709560547617377
0.41419020252835803
0.8218241719266371
0.6988101913054836
0.547953822606272
0.02620892305603411
0.2995836113169882
0.8946987768153034
0.8191660924302449
0.5141792143421648
0.731447956319243
0.7206299585646977
0.9999999999999831
0.002670640838363638
0.691846214802948
0.6879173759188785
0.6670832949789833
0.68679394135525
0.7122812664819624
1.000000000000017
0.6813220248015875
1.0000000000000058
0.4035482913431467
0.9999999999999958
0.8661710413884057
0.6868082293758611
0.6835191026369856
1.0000000000000207
0.6770058964939741
1.0000000000000207
0.6719641681870031
0.7504252679547957
0.5038347430584086
0.7157270953652916
0.9999999999999656
0.9999999999999758
0.6770605404320232
0.9999999999999994
0.9999999999999926
1.0000000000000058
0.38122937743614915
0.6835191026369856
0.6763746531815132
0.6968152579877326
0.6835191026369856
0.9999999999999903
0.8190891090022966
0.7122812664819624
1.0000000000000169
1.0000000000000182
1.0000000000000313
0.99999999999999
0.38432200069855105
0.6726304877851825
0.6770605404320232
0.6770605404320232
0.6770605404320232
0.6758700151480841
0.6758700151480841
0.6770605404320232
0.6770605404320232
0.8164965809277295
0.8164965809277176
0.7773387809169261
0.7672389274792907
0.9999999999999989
0.6781448909135718
0.7016740272631186
0.6869889615307044
0.566091732415667
0.7286394215639554
0.666666666666649
0.5441543897373204
0.7087858418756696
1.0000000000000313
0.6679332336369519
0.3816084712222735
0.6692361142690141
1.0000000000000313
0.7081211253101541
0.8692748832099323
0.36250398726683486
0.5006714045720689
1.0000000000000386
1.0000000000000309
0.3534606080219313
0.388846749733962
0.8767598713281056
0.8695097493089868
0.9999999999999967
0.6686562319185213
0.5621118613236943
0.7101024959114703
0.7720205059535242
0.6781207577922264
0.5329848627752273
0.8736952376664943
0.6286701539527795
1.0000000000000075
0.8179487138296271
0.6873913639505715
0.5372167321629324
0.4124789947991873
0.6774494279352545
0.675924978144273
0.6068098754318717
0.6659191643223489
0.6088528689221956
1.0000000000000209
0.7531999538263642
0.5260107887038737
0.36782435776879235
0.5077915863181471
0.334881607166322
1.0000000000000024
0.39095626812861894
0.817509128123062
0.6872626407554618
0.5145747272056882
0.6779448914917318
0.5132220863281778
0.6684936051993221
0.8228138216107032
0.8668534467119585
0.514995305962691
0.5341865417550958
0.868016444082442
1.000000000000009
1.0000000000000187
0.7555089529269797
0.6752292116556743
0.5019057818308456
0.5015881586593601
0.0022959159955703553
0.5046200287924802
0.5116364139884539
0.5052500130079468
0.5116364139884539
0.8223824783541243
0.364072828177332
0.4004290424984024
0.05809394099805767
0.364072828177332
1.0
0.903821950608204
0.6669508471095102
0.875509182595761
0.6774287399105576
0.6770605404320232
0.4030802142050797
0.4415817467266711
0.38936379342940425
0.667861885309878
0.3331483793379448
0.6736857907949609
0.8736534760275845
0.680453782821925
0.8715253193965833
0.706775049362807
0.7122812664819624
0.8715253193965833
0.5981746856065491
0.7071067811865483
0.5013423169193689
0.0618648954309382
0.7127262669123304
0.5216130594269645
1.0000000000000215
0.999999999999994
0.5106995386308345
0.34681558486449854
0.34681558486449854
0.6943760253558909
0.33174925059327137
0.6683020872344996
0.6882877288243452
0.39215202781105457
0.692001917171472
1.0000000000000042
0.67877710510541
0.3342809336356684
0.8661955984627175
0.4291670482076859
0.758868761207812
0.5528852840375307
0.8356937149642464
1.0000000000000313
0.6913502666893496
0.5021182901964959
0.7608058441083942
0.6820705332336762
0.3471826258502392
0.3483450568779143
0.3669974753822992
0.6759578296972011
0.6779320790033421
0.7098019636986407
0.503298660839788
0.503298660839788
0.05826230764273354
0.5060407260888232
0.8203374826744846
0.8787439149634683
0.8777052172920087
0.6876255528764246
0.5866295976868839
0.999999999999969
0.04008819495753459
0.5309040748104764
0.8189785678203303
0.05625422463210831
0.7093527767018153
1.0000000000000313
0.6666666666666675
0.8660254037844413
1.0000000000000209
0.684452243201215
0.675924978144273
0.5777248559320685
0.7238707145074093
0.5076651092212574
0.5481421284770758
0.5786279380198909
0.37648107709915957
0.6681185999636186
1.0000000000000233
0.3743984344501113
0.7750609499672593
0.6737906237367962
0.8177687811412744
0.34994273282095606
0.8720063197013749
0.8206134840458409
0.83272872007205
0.6845080638131774
0.7122812664819624
0.8393771775015029
0.6666666666666671
0.015715248643526743
0.8164965809277179
0.6992492412214003
0.673206755638352
0.8665209529931847
0.8179487138296304
0.3743233151860712
0.387877057402044
0.33659949798654426
0.38671530271509263
0.868476414835517
0.5818049455020073
0.4589923351097047
0.8164965809277268
0.7521681191939796
0.7655220374697083
0.7519023370552953
0.6907444016411625
0.3291069812673882
0.41333997828848207
0.6727873049271648
0.7591640836549726
0.5243528959208974
0.0
0.6867899858445922
0.5017027386805138
0.004653710178667946
0.8185847348390183
0.5900281911423114
0.6759578296972011
0.3598546048306577
0.675924978144273
0.8190891090022966
0.06700428040549715
0.8164965809277224
0.5805524858639465
0.30797405822177054
0.3455205799187409
0.014420906899611332
0.3729092540541692
0.3221926362098641
0.6901011845865227
0.8180786530495653
0.9999999999999976
0.6968503654547856
0.33588801179964944
0.6736179543674111
0.6835191026369856
0.3237058606658349
0.6854803876395085
0.2966579063617784
0.4085429772575132
0.8966095920358631
0.5800250516310049
0.6692206257713865
0.6694011940715908
0.6796096733730548
0.30749583628613963
0.7532568201147906
0.7698067126454599
0.42439268389535717
0.5039735764634732
0.6875923209447943
0.6745658129389273
0.3361917212448718
0.3468634952637068
0.29183368345470384
0.5148112418079569
0.6847274291758789
0.5367720414983741
0.6762934110447529
0.35806562714673346
0.04111735860939444
0.35997548506939353
0.9999999999999954
0.7608319379665326
0.6151843145944385
0.6802099289433111
0.6150421717520976
0.6666666666666766
0.27914247344692683
0.2762589847247077
0.4121360075030976
0.3296592133372038
0.819196983066633
0.41731462737781116
0.6868647775007395
0.3574269206753618
0.27843751122033433
0.5840335200829512
0.9999999999999972
0.37365157848684477
0.6770605404320232
0.3296592133372038
0.6324121659239799
0.3813424042635699
0.4094671474857307
0.3929622721552372
0.06924366175514864
0.06924366175514864
0.35551466343260557
0.33433630062630326
0.3982627361375008
0.04471383697796185
0.33210838319626984
0.3089363400238742
0.31949071738641366
0.7085914104758677
0.6830770775678426
0.6917160209402229
0.4021164892373689
1.000000000000017
0.398355801764468
0.3386379353102235
0.38433962025705243
0.38335012297894056
0.42482928623978033
0.7879283501727882
0.5929642812519098
0.4243564162301331
0.27887757746379777
0.3330163819515124
0.4112934496630467
0.4120056050762755
0.463788222162524
0.010534113929824201
0.566091732415667
0.4042250409772723
0.3325766612078092
0.052259345731249456
0.2963290166062788
0.29149748735364606
0.4162930970937832
0.8764893446800998
0.8695123456667033
0.8715253193965833
0.3359626525079871
0.35129956752630476
0.0033850558654014962
0.004317080298450506
0.3735834713612588
0.04050728601575148
0.667861885309878
0.053131896925351266
0.3403667674893718
0.03999020666547491
0.012646853163155948
0.3526993316630685
0.36561000388918796
0.6759578296972011
0.29687279953366363
0.033608707863949566
0.39100519208177553
0.39788514348150594
0.8765096907292187
0.05298660242104806
0.35931952702552816
0.0
0.41733594756347386
0.40908452808098117
0.7051807993376609
0.816496580927722
0.7389924421886508
0.32753532342102853
0.07500335295908628
0.3398422174320761
0.8164965809277258
0.3318939970776885
0.3973008884752227
0.3407024484860636
0.6746359619630826
0.8705419442846472
0.5203763151223247
0.681085062803127
0.5260152634615041
0.6808033430341176
0.420098147583926
0.8176936017909082
0.68140781906082
0.4082482904638544
0.6769996631969454
0.6047383664721977
0.7314691907446456
0.5467711820056281
0.5304114764239796
0.5144666475682058
0.5965776170578292
0.6787166866921133
0.5861582706859609
0.7910236306288179
0.3338392892572034
0.8189785678203338
0.35997548506939436
0.8481529470715009
0.284080694821868
0.2584014177972805
0.4375522458237153
0.03733065874807769
0.33012588978338236
0.4140873034223603
0.04563215128475239
0.0478894851948632
0.8470798240582469
0.3738151870487878
0.5106055171758402
0.7142171902184795
0.5254047542318163
0.27519106827190537
0.02636884490589957
0.9016264993847001
0.7507214851461961
0.5119929170716576
0.585501082570859
0.6784210224228162
0.008440473770294136
0.40936254279967604
0.2896491949797089
0.6019944125187427
0.3406853307395952
0.4129964801786616
0.043186236791974496
0.04613848576191128
0.04072180879297521
0.04639595126828598
0.8951351219231201
0.0
0.40894756849882324
0.25171915973917514
0.6025287601152138
0.5418038216841552
0.5161349367988817
0.5972668491374294
0.683389160235894
0.8164965809277256
0.44642062807942934
0.3170667659082653
0.4129824922408471
0.34373273841068874
0.29196859492188065
0.3097659832114494
0.3279109759622878
0.4254458825997401
0.28615413921666794
0.42901114238005045
0.352087869193968
0.008310010480894645
0.2695924277486311
0.33409841690604747
0.6813097204943057
0.042879287909565064
0.2694989697254137
0.035485035369088355
0.05128448460778178
0.7790911350055046
0.5327529809404729
0.03709657477119292
0.41864399381269884
0.48309236173698017
0.3662348163264841
0.31712659814898314
0.8781172865068296
0.01855967608154211
0.29571612253234714
0.3661081255606232
0.016464622907246967
0.5081787039655715
0.04886739280666646
0.41322880417595736
0.22749597973458663
0.23300310280652048
0.8398316040549054
0.5297966564912314
0.8686817651000294
0.33179774012183516
0.4131078312292684
0.6754246669938488
0.5139238850885438
0.7082032872758347
0.408248290463865
0.4421439817718772
0.5840452985364208
0.7205793049948054
0.2942392516677656
0.04367185399475513
0.32510683827834447
0.7169430710813118
0.5007267385251648
0.6707089220914472
0.40439753994745453
0.5510056892370713
0.012765073530108782
0.36395256687896027
0.05610387969392709
0.06152283357350139
0.42251448659500024
0.3103865018488366
0.42384279121225726
0.29266352523089134
0.8747677868466304
0.2454381834581972
0.6674496244930365
0.46014278742971737
0.7914538392983479
0.25823519371020276
0.2549523350037587
0.03329444566990674
0.24884578569028085
0.2940925843832509
0.28323328265995934
0.33337721778151796
0.2567397908579995
0.2495944888131067
0.3507418612270385
0.29187302954410926
0.004888328740752136
0.05022138186787546
0.0012246097058286668
0.33488391293652753
0.03576853237137851
0.5036626220683375
0.0015896180660295656
0.7850744351036089
0.021293284242805455
0.09034730282289287
0.27698857152509604
0.3300859306730978
0.009199836751350577
0.7607965350823732
0.6766220245418705
0.25120715769808527
0.4002130079627651
0.2818805628897608
0.008103381612055253
0.33491228767084574
0.5607109467599027
0.07979012508178963
0.7150011162407738
0.00877828712920284
0.5314410427243929
0.012748036880236187
0.2425296468386683
0.7156865962023014
0.5230322767737344
0.9037085593573501
0.005936743335010286
0.30972059968674104
0.3267866988026452
0.6875923209447943
0.36009000547619363
0.5283328673528082
0.6699970560202612
0.8709085210299634
0.28883927281040733
0.30609568585915764
0.4082482904638626
0.23512272287996858
0.29228837201979674
0.7121952383831861
0.5941670077998729
0.36805345679579415
0.3817976447941182
0.005173518479725191
0.4301589148332526
0.2884750038794775
0.6846904876497932
0.3921298961434335
0.041449528247396804
0.002725620823629264
0.31843493739002504
0.27744554862001386
0.41038554776308933
0.4479126891357048
0.35641720344981037
0.015255795806766767
0.36681885863207386
0.3328277263337874
0.001020003376498648
0.6736478541933003
0.002278217471052126
0.34122414963936665
0.4165418254715183
0.5790516198415624
0.029948600842275734
0.05009686225461899
0.3645863570690923
0.36379247468257286
0.03497064150830184
0.002572727297199771
0.010466440477810712
0.34113332541725266
0.0013886307509897145
0.01959134316214097
0.02106329050243248
0.35664044491676106
0.8724956016071541
0.037698742153968096
0.04235173586813817
0.3596021570997176
0.006912895558628832
0.0
0.33527730133281
0.2914537212598126
0.5938797016758676
0.02001633725733011
0.3521946759016117
0.5168825139867377
0.0
0.04292475028880679
0.0011896486985085953
0.6937600547383017
0.0043759919856971455
0.007147786872981156
0.05849576366505702
9.149386605593856E-4
0.67814308732719
0.3460296196352589
0.41787735639711043
0.30471247442700333
0.0068025243297756294
0.03524476395292527
0.30757699805560246
0.011483353487570713
0.0394217508468479
0.3379290047778348
0.3337754729940719
0.5065183464305486
0.6734669123193938
0.4251128839615427
0.4255973803896098
0.04387480433461184
0.5649489768819677
0.009183170031844348
0.021532087864392035
0.46677931506756504
0.01106937867631996
0.2491870136458637
0.46121680083146244
0.7003447521158629
0.00660408868514104
0.3367324989902872
0.008677272078190676
0.03542573240805179
0.24012199873838475
0.8190493621912707
0.6973618120133928
0.3125561084218353
0.5342293698771592
0.32444143787920326
0.9999999999999651
0.34480504403902945
0.35963666409822037
0.3934668897576343
0.42770708971832416
0.26180610904194496
0.010734992083929574
0.5810046723495245
0.003116303408849586
0.022009373952261022
0.002750591848165314
0.016941708273781626
0.5028766384750625
0.3180817252239365
0.007095461843964792
0.3303669796975458
0.31227993230741347
0.3367101383585417
0.48990517400230277
0.4682109924614374
0.03547774764607581
0.009225541545519057
0.3176370511909935
0.7086063766506476
0.07647710080680067
0.31583062210647417
0.2647131399741653
0.5269287979119998
0.36211626149071025
0.0010196432357854463
0.6787981529444875
0.3674828415384144
0.35265930734691603
0.3392985404874518
0.30610609378904297
0.48154939089710624
0.03608342783847305
0.013136764360239923
0.0063129629856160645
0.04353863712842633
0.3235837261103982
0.014527722058579884
0.003982222958705314
0.23735730388883142
0.02603273915508117
0.019895061582644688
0.0
0.554059658383089
0.0348518776497895
0.04613990892262769
0.39361301848406854
0.020663005045898276
0.02103595910802705
0.22281629672861103
0.037648000851996495
0.3697536184396619
0.25233755128291474
0.31654361056060315
0.029531180697906383
0.03798380042189467
0.009398341149806677
0.5690890036157555
0.7078874276933079
0.597406432745655
0.356434918857187
0.2657466070015782
0.019020147495654623
0.2853359519246892
0.018426211582532468
0.3166939412681111
0.0532981054013816
0.018792034816137615
0.009874895902190074
0.33544452397522756
0.420795930876961
0.5998732882650526
0.6851949859134853
0.5837989938429279
0.7456313931310847
0.4463176606503557
0.7449501566480753
0.825997558263316
0.47628788668817956
0.6954275667248184
0.7426936278842453
0.6671108344696086
0.2727021028160763
-1.0
0.8908996037077879
0.7590909258068611
0.6206158096545865
0.38424023078004965
0.5900470153936276
0.5942816846851021
0.6762691672208145
0.7407143627800392
0.522196422304104
0.4812142037202274
0.7264208033336413
0.9999999999999805
0.2815223754969584
0.015472876730266847
0.012669311446489553
0.8196338242801202
0.22901395664823224
0.6807343684135081
0.6924456474251198
0.608910938992517
0.7759393888244102
0.26683640865979824
0.6081854008812432
0.20204263278247478
0.85751794106694
0.2834182756723349
0.7215584313206421
0.47392952824939366
0.411200360364534
1.0
0.4334610384170899
0.6258289933849531
0.5176806625088347
1.0000000000000042
0.27044241160251126
0.6807384600465165
0.6492601479826431
0.6683092258365191
0.5875646234722907
0.8830366564446441
0.6831820029429337
0.317713001286009
0.6353183667228308
0.8779973459159965
-1.0
0.36714843788228524
0.793220283642537
0.4781411075872585
0.7040459363557598
0.7768770461233687
0.5551753794398607
0.9999999999999941
0.6031279807934976
0.6323065036688372
0.603633426913963
0.6934777846932356
0.7222041843400699
0.5900470153936276
0.6492601479826431
0.6555744488260179
0.42852148010518837
0.5486960025350215
0.8151123952564471
0.678193956632454
0.47058773040509877
0.46563200736963684
0.8361712174925247
0.7203259523859112
0.5419324701809772
0.7265760182011982
0.6310414145528489
0.4327348753100502
0.9189650195525498
0.7212773720317741
0.6790022413628672
0.461507401031245
0.85751794106694
0.49533022836512314
0.4701254753949278
0.6732109731241506
0.5909350784401106
0.5753280561758578
1.0000000000000022
0.5012467732026964
0.5688653846305647
1.000000000000004
0.7337882957161923
0.48500722626925896
0.7518576558543862
0.7536265594269862
0.7526508871508234
1.0000000000000597
0.9999999999999987
0.6847954438890888
0.30501357151878183
0.6953688209961744
0.8249233225733917
0.7172682815119498
0.20344652150789755
0.596215823106095
0.5260176876525471
0.4737564091635424
0.35521401761768306
0.6175545724645441
0.778880312175346
0.5788111010291576
0.006194681365508352
0.006974956281846038
0.01897112984463097
0.19450076517514345
0.4856051512599666
0.7506446229642504
0.682607118728466
0.431255131616335
0.6911501307916803
0.6118548333898123
0.35254453973845173
0.42221003078112723
0.7340893700536235
0.023837754624488765
0.35553668180523523
0.7697507936757857
0.3370181660514065
0.6268161859212804
0.5706180012519887
0.2945756697042911
0.6959040829882397
0.6834535347541966
0.4813663439257601
0.6862718548902922
0.4682823069889121
0.43572180975525054
0.8687563135370692
0.6444957814773364
0.6301773063317263
0.46773329044545764
0.44609762899246386
0.8908675635854009
-1.0
0.4322177981564057
0.8073581201784517
0.555826166939817
0.7909794072867224
0.48818481727031043
1.000000000000004
0.8070441936646588
0.4338846541200389
0.623688922575836
0.6245393790906585
0.9372154677501385
0.7819337575949897
0.005828594668838094
0.822294665908233
0.04606865634250637
0.509939352991383
0.7931201547759428
0.6800461980612444
0.3925170647218491
-1.0
0.8049365922361544
0.6244227864938757
0.9999999999999868
0.7604840292976147
0.40746646128090186
0.18049704652753354
0.43147979721767815
0.6840856438707807
0.6335101892377822
0.4701254753949278
0.2019472936342229
0.8667470190807179
0.3623622746907034
0.18758971065471738
0.8859733434130223
0.6338180667673097
0.6081854008812432
0.22901395664823224
0.2201422580720261
0.4016650332715851
0.9299842891097685
0.34954296439083005
0.5151690058311156
0.6683092258365191
0.03908968378578011
1.0000000000000022
0.7304138437010536
0.4424454099969903
0.5135557628368901
0.4052358872496269
0.38587973705548684
0.5498604748139162
-1.0
0.680471369411288
0.4524092181171264
0.5092877762406037
0.021399250008539247
0.5359255349333051
0.7240780187796637
0.9273576423026487
0.6325462463953647
0.40187177334909824
0.49826713625414054
1.0000000000000222
0.6026641138938915
0.02655020959440104
0.6245393790906585
0.7185336759287694
1.000000000000041
0.6585615421974892
0.6049352687663542
0.01731924159115036
0.6528785885547743
0.6385047045117231
0.8327013623283979
1.0000000000000036
0.7680654999883495
0.4128706674102131
0.7172682815119498
0.7415541314212726
0.7803768345159987
0.49449754249647465
0.18746239152505603
0.3927685880876929
-1.0
0.7223393654822108
0.822361980062493
0.6683092258365191
0.7526958073929749
0.7185336759287694
0.7707855798341404
0.43080639039041324
0.29453454704596455
0.848664672008991
1.0
0.8327013623283979
0.6157904076553051
0.6397161337124964
0.48630531536971633
0.8152699409537436
0.5805481956910685
0.7509038954395012
0.7524338711612831
1.0000000000000042
0.4582750860084499
0.6325462463953647
-1.0
1.0000000000000142
0.5918366655108208
0.733876287244188
0.6325462463953647
0.5386690243665758
0.42238766807404193
0.5827570731050083
0.5734041493436567
0.7777400080867948
0.8441836778093285
0.3132357947803181
0.9450524541622009
0.19893161060530418
0.42238766807404193
0.6806770396780164
0.6028745411997629
0.436084556202413
0.8086171438089867
-1.0
0.6523084430228232
0.9999999999999941
0.5682172849553847
0.4681077511355727
0.5900470153936276
1.0000000000000069
0.7886361274492649
0.6731048462059094
0.4431623635768984
0.6159593519953962
0.9372154677501385
0.6446694467589561
0.9189650195525498
0.8707402153224143
0.8793207739261497
0.8660254037844412
0.6387467241615703
-1.0
1.0000000000000142
0.5799593419457911
0.8660254037844412
0.7053439588691685
0.30066534982284077
0.011953707537334412
0.5787637266016108
0.6877180958367145
0.5379763936869904
1.0
0.025478960159996518
0.5648822585412441
0.7071067811865477
-1.0
0.6864950077000774
0.49990666342496437
0.6302943377411212
0.012669311446489553
0.5578437150578224
0.7942553760204923
0.5528781067482154
0.8685582342692016
0.395310643755701
0.253066890349881
0.6802366767062402
0.26804776984192985
0.639051865126125
0.8086171438089867
0.678193956632454
0.7196065563983127
0.4664678496970481
0.7347125311443463
0.2824896739268719
0.3309411625079513
0.46645661447229114
0.5556578681094722
0.5900786071191398
0.5825453243872561
-1.0
0.01728714107295476
0.6562588678857835
0.7136367031762423
0.5129706241138379
0.19640229545545945
0.5012760663250501
0.5447330208618776
0.8340033351087744
0.7370813563059544
0.5380053296059468
0.76462034430868
0.7410111865998145
0.6159593519953962
0.2201422580720261
0.5240488940027562
0.7514348580963234
0.900481645289537
0.021399250008539247
0.5294665888437436
0.41150963891730413
0.47954968016172367
0.9056638599034115
0.7526958073929749
0.7044848405038866
0.7828456233766101
0.6087050317109624
0.9999999999999961
0.416489375621557
0.5953144907969146
0.5773973975020362
0.5967984936663097
0.6101571473983539
0.5397455159030078
0.04331447725141155
0.7531021655696044
0.46797567389776845
0.6225667451180632
0.3824038032061915
0.37658418371191865
0.6018948171585677
0.6439759046416529
0.6544676062170529
0.47484174568791127
0.8704680356923566
0.42238766807404193
0.012669311446489553
0.811181775238979
0.4368545673228877
0.48630531536971633
0.19730537536647264
1.0000000000000102
0.46456298062703194
0.5189016448408631
0.5654238568071026
0.5785983172289403
0.9999999999999989
0.7479965267850412
0.6439759046416529
0.5846639331995529
0.5173636921858084
0.2826942402491997
0.18758971065471738
0.849615795411254
0.5584416196556877
0.7313278718729842
0.19640229545545945
0.30474468087153106
0.46869023322273823
0.5933816352204212
0.5953144907969146
0.5859395764391372
0.5036344601301426
0.7768770461233687
0.5866228921155743
0.5769401473399558
0.835124373443049
1.0000000000000022
0.9372979245830011
0.012669311446489553
0.5357498317355319
0.5189421552374154
0.4415420280981053
0.5785983172289403
0.811181775238979
0.5859395764391372
0.017796761321969803
0.3725247907457277
0.835124373443049
0.7872382893943818
0.5412137117677602
0.5875646234722905
0.5102502666294157
0.540175062470447
0.7768770461233687
0.9450524541622009
0.38091777701781865
0.3862518625822421
0.4845674746211261
0.31433846187040554
0.6123724356957958
0.5919784369855263
0.680309256511758
0.28383225966555886
0.5761845677044062
0.6710025618375773
1.000000000000041
0.47634492722672783
0.6439759046416529
0.23444065586001583
0.44591466088613807
0.5533302464997465
0.7221310396912309
0.40550525906524965
0.7604840292976147
0.8077172682010016
0.8049365922361544
0.6869961539951653
0.5773973975020362
0.5837989938429279
0.8838564895525786
0.44341683375512486
0.6202399756077184
0.4332820595130005
0.17059087065368947
0.35609400090252374
0.7570575043893754
0.40550525906524965
0.0054638094476506
0.4701254753949278
0.8457884706335804
0.714801462043871
0.005444688531726121
0.767277557485616
0.7881225448714881
0.48788361039014155
0.7864884598178078
0.39452408157697877
0.40291036543846614
0.6153626538392816
0.8691985286829266
0.8704680356923566
0.21049017542399967
0.6018789610989661
0.38112003025868874
0.6671108344696086
0.8205874002706031
0.7346714007556313
0.18320449484499018
0.5247059123142545
0.8084524053171168
0.4130946589474658
0.5804527892758454
0.5531612772514671
0.3162106303655143
0.6044592700556162
0.6026207985759416
0.5645975890245288
0.5669343216219106
0.4981309722042899
0.7040454546279961
0.42964712652970805
0.6262664676342794
0.41204252720426493
0.5624751329373464
0.1502769514639227
0.6291613410612633
1.0000000000000022
0.6047322321740528
0.6754241599876906
0.6390437188801268
0.44381530062227087
0.4353584415809616
0.7453673564776101
0.7557493092591864
0.6830042924061018
0.8508790759799566
0.6492601479826431
0.45015057622897997
0.2829756425364545
0.35955625321967644
0.4593456364196423
0.5751289873737226
0.49478999347318303
0.4715163363690429
0.40550525906524965
0.8054183456853834
0.6175545724645441
0.4112548297238935
0.5787326283646711
0.40550525906524965
0.4629100498862705
0.44441449127446864
0.5095320934649638
0.6401370497946262
0.5012973173904309
0.5669683814019776
0.7777400080867948
0.4871802563974444
0.21448876512245255
0.6040663985982244
0.7777400080867948
0.42641162974447094
0.8055937280992788
0.345683669291655
0.7295570138558104
-1.0
0.305497644913848
0.4441353266692269
0.5170656649281785
0.4599088884655756
0.8484805394639178
0.6277956405129858
0.8702402776160386
0.6684133963773154
0.3651483716701064
0.6730205945199349
0.279328283271609
0.835124373443049
0.6145639722910161
0.8441012761470332
0.7874516967218405
0.8194312328608502
0.6175545724645441
0.5602499056954443
0.5322775453776536
0.542388840599163
0.19566562547098473
0.534782492172285
0.9067036306298096
0.2786848185143322
0.5254197594996424
0.20424855843505682
0.564852648492021
0.5492888913891557
0.8361712174925247
0.49760350984821233
0.7594199418643538
0.7774464009519859
0.5457908943715187
0.7429648791411481
0.8691985286829266
0.7122641807135806
1.0
0.48630531536971633
0.9275681184419654
0.652021740107743
0.019152243161156136
0.6888787924609469
0.24583990224508404
0.3933199270300498
0.9999999999999941
0.8660254037844412
0.7729342760874441
0.47544892724813465
0.2263499078707278
0.4427824113674635
0.4233915774333627
0.4848146078348406
0.582756813662447
0.755584759371775
0.7777400080867948
0.36319679163857144
0.9999999999999989
0.8423630561630431
0.40068473021592527
0.3623622746907034
1.000000000000004
0.6437551836850114
0.1840141816392588
0.53084422958733
0.182177934089551
0.6585504861889694
0.5810204398309256
0.6325462463953647
0.29618090154194665
0.28987897576098326
0.7147079410392068
0.36184347791185406
-1.0
0.383535577640866
1.0
0.761935823147577
0.4701254753949278
0.563372268047521
0.6877002786878069
0.39039790226466436
0.5720461554741865
0.6042715805385751
0.681017135009216
-1.0
0.6049352687663542
0.44591466088613807
0.6555744488260179
0.2548908213850008
0.7817686603006536
1.0
0.6446694467589561
0.5114489414548498
0.821793780900225
0.640874948613993
0.8151123952564471
0.5640240080955977
0.32205509290495377
0.5584287307314282
0.611788357238211
0.5802426197599021
0.8223965515880862
0.187439003540807
0.7185336759287694
0.7324084912261473
0.8327013623283979
0.7416035365578528
0.8691985286829266
0.5286157092377585
0.8704680356923566
0.37966541477183063
0.8049365922361544
0.5842223576398414
0.6797601946553468
0.475233765640955
0.7167775329069292
0.53933098058091
0.7847899996477656
0.39581352593713404
1.0000000000000102
0.7157109120383176
0.6869253753842962
0.634598508898617
0.8175111913023555
0.27044241160251126
0.40138337212764985
0.6302943377411212
0.9067036306298096
0.49851392844329284
0.7484149333005529
0.4339641862963023
0.43064299299619513
0.18314125927232347
0.7514341831114751
0.20612810371547502
0.297202710526188
0.23926934977901587
0.7337882957161923
0.5359255349333051
0.9999999999999987
0.21043662618546236
0.9999999999999947
0.6556590466944487
0.5165951765145732
0.5294665888437436
0.5769777539552688
0.6056765199850119
0.7415541314212726
0.4404344034690195
0.236209476656875
0.7040137890714743
0.41095038270170126
0.5307276550489827
0.8660254037844412
0.5773973975020362
0.6498416359513204
0.7126475646168329
0.2055753303444197
0.7474770503823116
-1.0
-1.0
0.4280886719305049
0.49798663844615326
0.35609400090252374
0.8685582342692016
0.8441602201099291
0.7620230892360695
0.40622699672386203
0.5819585349181134
-1.0
0.7946762380661515
0.4032142222898801
0.7425697534772077
0.9999999999999987
0.7594199418643538
0.29753154630601586
0.5502008735197292
0.6876115529647892
0.48630531536971633
0.866742248496397
0.22247154516299578
0.5850575501036002
0.3728987641077182
1.0000000000000036
0.4024542972073961
0.020989560381034954
0.625775287728087
0.6249383730947857
0.6727105950005903
0.6822214609148216
0.35412494935046124
1.0000000000000022
0.5487515896066633
0.3104472607971298
