0.8219663216738284
0.6805913081714415
0.6925048696446456
0.7922348743554841
0.24529944787187774
0.4813434088030182
0.6224444828215026
0.8248297439018596
0.7393352532997469
0.7223938981590514
0.6646608458554009
0.9611830482273247
0.9436426978831449
0.9939003797483054
0.9164615489790583
0.807461295667554
0.7701711245886087
0.7342350069895568
0.5648641173173757
0.878906518527954
0.7165230856904938
0.34508518599445337
0.6766529359785072
0.8172907199512462
0.42711403189745445
0.9126442640472957
0.8069233537338655
0.6948788055138513
0.9083775955833234
0.7673553736646935
0.6133356218567279
0.6058766587233494
0.309551280112698
0.8696135818370058
0.6377807826909975
0.14246541960335146
0.5219921882700517
0.7229525492979517
1.0000000000002651
0.6292438720161704
0.6895289467831625
0.5554360742647252
0.7346153358237083
0.7969493329735441
0.6627310401842119
0.6659673751520191
0.8897521468920331
0.4470819810653344
0.6834812098956294
0.7728156001958713
0.7174045745275377
0.9144037748612152
0.935160450990419
0.6106107144211289
0.6327084916285864
0.6305366985228239
0.5230973002006039
0.7114356035588828
0.803623713204001
0.654849299613802
0.6597053227980196
0.643451552536086
0.832640401880062
0.712818793278738
0.5280351654753772
0.9680033163694135
0.7822870980859346
0.721796623899385
0.7838906149454653
0.8162637132763986
0.854293169806369
0.7677143749846108
0.6464261842400945
0.6555378795487632
0.7546513103507826
0.7623722021739324
0.901339665207625
0.6391219028448397
0.6641172018901633
0.7318953170890234
0.9267086453847547
0.7347796757232442
0.6484354405417506
0.6366238710335088
0.9092076836228933
0.693396395464998
0.8164965809277163
0.6435284722499994
0.6931293757909867
0.7378107487431002
0.9198296307779412
0.8002340335564313
0.7453601340037732
0.7618211085885586
0.6539666997223891
0.82880006156356
0.676633583278042
0.7679155571643147
0.6045945978558224
0.9046207647067193
0.30860842568929386
0.6337445489977839
0.5984313211610306
0.7058365363196417
0.717007399934602
0.6426424707436504
0.5904863260029277
0.6574148229269056
0.30850995041412665
0.907607881620175
0.8250637291691411
0.6499443247303185
0.5654730757478259
0.5242508237616431
0.5137831424555074
0.7474995726336399
0.6753925809497165
0.5732070420562922
0.3994135805714473
0.7171882396840729
0.5826513997505492
0.7965446107935547
0.5807036408682636
0.7245450530071937
0.27933634442341543
0.6915860998267453
0.7883161293861009
0.8174018579404033
0.8505627960663075
0.44213851499172313
0.7698246281131449
0.7689889932436247
0.7349875794085756
0.9828659596653931
0.7913144486374548
0.5440673600379348
0.5977616331932815
0.700924378158044
0.8776076823803721
0.8703868923030251
0.4778595004727958
0.49850702367940053
0.7646888429806237
0.8814766643353981
0.6912631734480639
0.519801855399949
0.8866457929669657
0.521857515916025
0.7963253522411925
0.7682101912981553
0.9432073427358776
0.7648433391505015
0.9235796030592692
0.9759602730343393
0.790189948945058
0.4419904750092056
0.6344006977371662
0.7445187725914276
0.5839604595215285
0.4629473235061476
0.8239840924918771
0.761408617585443
0.8378781958294927
0.6186474259009005
0.6936925723264757
0.7317858549813179
0.7966238528181044
0.8734166086282638
0.7251794011466514
0.6490394346311101
0.8403818908009543
0.36303999708952334
0.7891861801518933
0.7031118360949398
0.5580719380679252
0.7036865399226061
0.7076803570054444
0.8812888314312871
0.46846743149722647
0.8681417364291013
0.7575433022787871
0.6448233171716589
0.7355833773790125
0.8597911680737799
0.5854013935499836
0.731688307139043
0.8912258289946979
0.7408511441273753
0.198012947268146
0.5026232180245608
0.7685113149868897
0.4144142520731962
0.6874108399973458
0.4075096740610151
0.8387530101655756
0.5907411560711696
0.8856750427923069
0.44981928796815995
0.8434649713194341
0.5785367279461191
0.9294218331003622
0.9682041001299431
0.5969203787162078
0.1748029742607878
0.4622385519864823
0.5868409132876093
0.8727641007350566
0.9063649405391214
0.5139388745932033
0.8262240116665722
0.680586254809989
0.7609842450631568
0.7999543669551373
0.8166913817993035
0.31016359613889594
0.8288047846676895
0.7047950506583617
0.871500585836155
0.8833149209657174
0.7832007704699647
0.6997970657885418
0.8883456795919179
0.848647837270758
0.5824826147674487
0.7690083673840922
0.3189010402616683
0.9640637121160045
0.8837926876522687
0.20815785292685454
0.6139349458478396
0.6345967278819207
0.9243841285536922
0.6945141553040328
0.8564677895677533
0.8096480702632579
0.6131337787918764
0.669870303966952
0.9874467644534037
0.5292729505730512
0.914942946554232
0.47874672325185175
0.4648034904375481
0.8083221720901799
0.7579964294449962
0.840535528699575
0.7127034452603068
0.9015339901953523
0.5436282419590909
0.7387193340618514
0.9081808723254825
0.6690440113775382
0.9751716740710519
0.9211707814437822
0.5552656652697439
0.8808429986492257
0.626818560356254
0.04695714492597593
0.7070962664777245
0.7756818399917542
0.7524962676425726
0.5952761756470607
0.891556998098869
0.7051672389170673
0.7047931777493228
0.5786888121785289
0.8779281066082615
0.9518705088987244
0.8812496078470111
0.6037258829404942
0.6975994694463886
0.7059067226465655
0.8973304709723313
0.4729126252777356
0.4839180450643999
0.8089099611127805
0.6583562833582727
0.7754711142142955
0.3733272903529089
0.8571569788149372
0.45209047719040096
0.7258068735230289
0.5073946113352645
0.5410828409146862
0.628996092183421
0.8010822429820995
0.7499908703235137
0.5432488532965563
0.6276109264608832
0.8685678955567313
0.7895783214576791
0.768857877395771
0.7682180960412495
0.6933757295832916
0.3414050745133799
0.482323751271615
0.8757292736080976
0.8174175785618564
0.9241188252146949
0.09412234349379543
0.6921551394774814
0.747163715417506
0.6334833495497764
0.5236198726075348
0.6878344170192406
0.6558804115114821
0.743410584532683
0.8136741368647169
0.871404497940766
0.746364054869667
0.8184468034654021
0.9719056507534708
0.8516470390268246
0.5668867247930403
0.587813441135995
0.740000337909291
0.839923338889849
0.314065314620796
0.8708550209977804
0.6068745294105284
0.8700592329959782
0.6573806464769346
0.6286671999221046
0.8994648440495419
0.30945275746228373
0.7859440084249705
0.6694204928761971
0.40145587499514757
0.7100772537481889
0.7108431257823847
0.507061221401944
0.8442032631728547
0.7230637283537217
0.8078639520675482
0.582135332389931
0.6179264499779223
0.6447235028733149
0.6708942766541287
0.7817921759313629
0.8479909879731647
0.5325257726654817
0.7531078175119174
0.9003044606131025
0.24879187190826335
0.568675582144965
0.5971383194486674
0.28932273949133325
0.8444365347538634
0.4903534395246193
0.9248530257474062
0.9316087788822637
0.6937453208265764
0.6883433387919649
0.5788933006783732
0.7132614302092921
0.6522965052539933
0.7303309164855657
0.5309984459758826
0.9070520118960573
0.6698060948114648
0.8381607484297903
0.6496630832000662
0.8129557646316512
0.7264982754702678
0.9205402040897437
0.5591738490453101
0.4782604070199326
0.8383119270983131
0.8218544931137545
0.5594001854844596
0.9095063640612708
0.7935261633362751
0.6486732900775962
0.4602753400580909
0.8244978565944936
0.4863186644539925
0.9421747733235011
0.7944968095995258
0.9176075114746524
0.3561956529269511
0.8558641910559481
0.001053999193597694
0.5327159657552983
0.5905128253602415
0.5013269157121739
0.9349883516663109
0.8511288207573213
0.7193033798846598
0.7015566671980445
0.9999999999994463
0.4230667754314608
0.8192724423170469
0.8393912461191061
0.718925383202335
0.748268801517305
0.7754338946559945
0.7348300500700512
0.8347932216713203
0.23958059292372488
0.8864853490320602
0.6678466943519887
0.8337045929645599
0.2515615167887562
0.545437053359316
0.4452837021596691
0.5202480402994731
0.6764637320676077
0.4551976509698112
0.2760004416990145
0.5967295916471612
0.745010633641559
0.8800837367039596
0.7230348358731951
0.9006588944709086
0.8745975336891842
0.5865211919950524
0.3260541291583812
0.7029724810075556
0.8648327058728308
0.5452511756316635
0.6237216433230162
0.8927312795891703
0.6771760289157458
0.6048386980735081
0.5531393680114134
0.9704025697637215
0.9207270309261785
0.35829523879584907
0.5975992267208905
0.5188931471479274
0.3435885478183285
0.894468541881413
0.8967482066169199
0.6612209918682527
0.6375103264329772
0.6393631014677166
0.9999999999995919
0.7491328426953368
0.5326763283145397
0.4840608583854786
0.8788144195101518
0.7520780423715127
0.827865499219786
0.8698593612988038
0.7366514880316871
0.37143980568094886
0.6819395920472567
0.5204031290277636
0.8180814297753148
0.9046318734212963
0.7590290683594404
0.8967392294126278
0.8892044129245952
0.5792750667294423
0.5110749001606246
0.5143146599857712
0.8631176479152026
0.7955521320651674
0.6423177474919715
0.03454533884701377
0.8938011212421761
0.5994502583825357
0.6927353710600161
0.823842933029571
0.7852442356541058
0.45978731544201956
0.7870445059881936
0.2634272673018508
0.784091334575871
0.8017144287865309
0.8251928461531082
0.7664842434481681
0.36307920536436544
0.46069393471212955
0.7389288170511917
0.7483013939777919
0.6876848603508466
0.9184220191097902
0.727503603829094
0.7061848390639849
0.6993873963229681
0.6375899983514426
0.5936056582704256
0.6027027418422819
0.7612180451439207
0.4537137700298413
0.8031890943701536
0.8629472595248802
0.9074043793006851
0.42320391249116357
0.5564618277893683
0.8155763565364181
0.8799048364497022
0.6917061019212305
0.6147531433545195
0.42505555783821825
0.8083456945108345
0.5832505651650037
0.7497969730897135
0.5196117241152783
0.40735348662513843
0.9207787168775857
0.69987634217109
0.8372550700977694
0.22671534119643094
0.8318080847560698
0.8796000164102912
0.25390865144397734
0.7803462521520755
0.55478096596182
0.8481922710364058
0.6978124261736752
0.7371630173428299
0.817357977964902
0.6356143713994797
0.5867342182100215
0.7173050927238551
0.6567066008048263
0.7631281548420631
0.7416603931230191
0.7052940604042308
0.5893700182831836
0.5902320203428778
0.48054382510460575
0.6898016035175714
0.8400454285564436
0.45184991094789384
0.5527985009657328
0.6614243416994202
0.4722660556737045
0.3989780597816475
0.6795234066694769
0.8829084659583722
0.6862476246276591
0.9283967010659501
0.6848647810665163
0.6312998284768447
0.8399691508538578
0.8523586631787866
0.6544410411438747
0.8627902193240888
0.6863259331044581
0.4920372819509494
0.6659673751520191
0.8982562965132376
0.5490062700091092
0.17949265002865739
0.7484274415724639
0.5809134284698572
0.6734381464578768
0.6995382117097693
0.8478821168292254
0.9459568842942163
0.9299701457476364
0.5770016014031618
0.8455733954303649
0.8143228380611761
0.5682795699264931
0.8080563707680569
0.7996038894015695
0.6881769786197911
0.8171682790685421
0.8607420074807559
0.6317010835004493
0.39869555457794004
0.7817040008950036
0.9545698970157906
0.7639606931940915
1.0000000000011726
0.7946196343511408
0.424113923118107
0.2903385355663258
0.575095135063747
0.6877690064889088
0.7474234807340222
0.34795444139480436
0.7562619211584269
0.7774281209266973
0.7462346136916431
0.7429560893359748
0.8141734492596483
0.5941924531290769
0.46256988597156257
0.462212307784262
0.5039078935964035
0.49259372616548547
0.8833296599195278
0.7401809662443353
0.870755619117523
0.8354659846067044
0.38866826219672707
0.83346342352754
0.4740272449764904
0.6215797370854533
0.9543278489548798
0.41551729232633294
0.7144472129414353
0.7803237575171836
0.705735131766125
0.746634317122718
0.861877098940165
0.9490078301121027
0.5218789233707603
0.7837626443718676
0.7867477670372172
0.8857807664216983
0.8959677270079502
0.773382849024502
0.7947525278492904
0.773183041233741
0.5766816264004911
0.775975167150742
0.2806510915083154
0.8738298104104341
0.8155493320823799
0.4625975287534223
0.8094808025893494
0.7622888300654563
0.8655403883618781
0.6908178861958129
0.49186512042231917
0.6318069909135812
0.8239594387801623
0.6801518737392053
0.8896852588152602
0.8936863538852049
0.7814304895056134
0.6183203444000485
0.7710514234359601
0.7029873933599267
0.8834869659862213
0.6060928010164188
0.5084360974457369
0.46682330401979305
0.9140870900758723
0.5182106701341026
0.7285270454475979
0.2960914787572342
0.5072811548123711
0.8333565935577327
0.7901889174025445
0.8281124347612024
0.5722887101242552
0.24529944787187774
0.5896440420970573
0.9375250606774953
0.7980705876699661
0.9178431611477482
0.8285801546298972
0.7179944393247529
0.7055164561283442
0.48995447350691845
0.7747454043959265
0.765719857223437
0.7927829746525585
0.6477081758381349
0.8440143170216503
0.7174030509967814
0.9001774473497167
0.9052473958195332
0.6899700421299788
0.7217145736647027
0.49923027402298814
0.4942863606573165
0.4238562557187696
0.8557256104025401
0.5577774018023394
0.6742144390906896
0.6801640037145386
0.7009878379644902
0.4443473701361018
0.8736444982735436
0.6026930025355787
0.7269352621415849
0.6956767850679082
0.8252092446650984
0.7583033739490967
0.8408260682127046
0.8003603856067814
0.7693519129297987
0.8036031043338254
0.33958508092270107
0.5451706571321798
0.6936992257995762
0.40998124083824933
0.9458390846652703
0.6275471467499297
0.978041299392635
0.6685702455596849
0.6948272273387441
0.7678653946110866
0.8963893959324017
0.5786074785236375
0.6054621481893623
0.4661183181511091
0.481331958848811
0.5060594298033969
0.7963368460285825
0.5916499583749143
0.5828343416633266
0.46547734985060385
0.46246398606160827
0.8112488730178521
0.8924134683678617
0.77063576662847
0.5185599072571809
0.8080447775938543
0.793403066677617
0.432550478857509
0.8081362969169266
0.690873039928759
0.8545611160479756
0.684199167459359
0.8568840559432555
0.6707428477843684
0.7999424252476711
0.755441562946058
0.6942930816988576
0.9217415700721802
0.6878280460977181
0.7068629768438752
0.8411610815946351
0.8689109297911877
0.5631388904440248
0.778128348845391
0.8830039441739685
0.8517689116708363
0.8044368564336777
0.9406126583985731
0.6871734451088802
0.5861616252263415
0.7450612313421141
0.6907723569184566
0.9450998733342058
0.8177413233904609
0.7342103177871926
0.7708701696156658
0.9034591135254058
0.5050537851982366
0.5296961840838623
0.7247108904875496
0.6264707470736496
0.8003672559259785
0.8051488304206775
0.6361192784682707
0.4058229395932579
0.4931281669568138
0.9020906068823562
0.8390505908140087
0.6063745147842856
0.745196900915404
0.7393159656745497
0.9391768400811316
0.003943467229900916
0.8716425297687262
0.7023267653798498
0.669604079797208
0.6995139930178101
0.6603140343422065
0.999999999999947
0.7102673193758702
1.0000000000000742
0.38743849858120855
0.9078488294448047
0.8665905840031533
0.6860469489707071
0.7862285426998553
1.000000000000017
0.6953180451233727
1.000000000000017
0.6788419393894117
0.8099878090285179
0.5212373452959177
0.721987936314288
0.8710902237227324
1.0000000000000095
0.7802228873386727
0.9999999999991015
0.8729274724056276
1.0000000000015719
0.39149050309500577
0.6938839724512617
0.6824456313125261
0.6953206382006863
0.6938839724512617
0.9999999999998868
0.9029991306064561
0.5934842635402836
0.9347700938161596
0.9999999999999353
1.0000000000007616
0.9999999999999093
0.39238666648430237
0.6750216439852447
0.6803263751217697
0.6803263751217697
0.6803263751217697
0.6899303336813919
0.6899303336813919
0.6803263751217697
0.6803263751217697
0.8164965809276713
0.8176744549972454
0.832044891976141
0.8158405046550858
0.8791321183922938
0.6764315232791127
0.707513718136748
0.6941683052934046
0.6345281727295797
0.7097059087825499
0.667694780899579
0.5667366082741541
0.7118459329432614
0.8862493548695854
0.6710216230458343
0.39267859724900184
0.6765849039549274
0.9999999999999075
0.7103625811462074
0.9012459468849823
0.38118626627726754
0.5060636281650536
0.8858171143180378
1.000000000000136
0.36911910083843835
0.40312293600338095
0.9048128284064879
0.875171281588544
0.869496242536352
0.6771725400772528
0.5651733212931999
0.7125018346179162
0.8389407170416121
0.6878628963003612
0.5478429364812888
0.9311020766259881
0.6428009404136992
0.8860525155824872
0.81992763908322
0.700147629425638
0.7144755727806605
0.4225677142723554
0.6866458821092004
0.7934039155920884
0.7475802705742906
0.7498207724854828
0.6119597526569969
0.9999999999999274
0.7461875232977774
0.647546241147197
0.5619050916477799
0.5191515341799213
0.5148313617984882
0.7983531632999252
0.3970127348866371
0.5892533928005992
0.6811567976082439
0.5359929428291366
0.5995197795703142
0.5185576856485434
0.6711319471021736
0.7904087218296817
0.900322955969784
0.5708715600589677
0.49469442731629165
0.9087184191488497
1.000000000000381
0.8700932545338202
0.8119710520401291
0.6888607293753841
0.5070229506025344
0.5047676440922456
0.013648365167922455
0.5075659480592152
0.515579198250331
0.5093544360305116
0.515579198250331
0.7890503178561259
0.3504626345160966
0.382754795188667
0.030548858878741623
0.3504626345160966
0.9999999999999954
0.9130575823347621
0.7735041352828365
0.7958293525952262
0.6931042589699312
0.6803263751217697
0.42988011462395
0.41352639342425224
0.3856342993681386
0.6774778977580868
0.5245273307510105
0.7586810300262286
0.8772942524300724
0.6608239561865118
0.8019659325326036
0.7140446895777635
0.6444372292911215
0.8019659325326036
0.6998214178621945
0.7071067811865516
0.5039918259733042
0.06507855051999567
0.7179360832526721
0.7487405622428609
0.9999999999999238
0.9999999999999853
0.5086376544447336
0.3655971834928937
0.3655971834928937
0.7084369537794659
0.3354280721530535
0.676296954856078
0.6808618022628361
0.4017221308475064
0.6531406362810044
0.999999999999991
0.681599117064213
0.3302732163532695
0.7796328660745485
0.3844680785007758
0.753823295373074
0.6573982322564279
0.8306182748317914
0.9999999999999075
0.7033626590722526
0.5084237164494148
0.792637313344155
0.5860800171659839
0.35844851507815567
0.5291989257350344
0.38153293269005706
0.6802401976508825
0.6827700226205765
0.7098634572867613
0.5079232268592513
0.5079232268592513
0.07006785196091188
0.510193167971186
0.8373820516249465
0.7864064940287917
0.7934464524471342
0.765043298887217
0.5999769734682907
0.9999999999999817
0.04817973208675369
0.5293645941134411
0.8193999151059537
0.0629920114282585
0.5031476074838193
0.8175027650358716
0.6976846501277982
0.8489109019536331
0.8843809650018071
0.6937466363370571
0.6353801934336609
0.5138942776827911
0.733944414938727
0.5066464914049079
0.5663283193346792
0.6942942807647476
0.3877835971801426
0.6772808779898982
0.999999999999948
0.37526695470604987
0.792634882014716
0.6172570529853239
0.69581320613834
0.353176747701598
0.7837386044353138
0.7682573642184457
0.8375345847061644
0.7007297963883347
0.7211801330932034
0.7763958555002997
0.6754969722557885
0.3624663101220393
0.7018623213970665
0.6366656735070249
0.677650063920062
0.8672513524316566
0.8198433635205084
0.39257283971897056
0.3853966136428329
0.533081007958465
0.3865448112770956
0.8691900005391566
0.593735698199138
0.44090623176078003
0.5921348316299494
0.6749473812451431
0.8360275665851579
0.743790560319086
0.7096701339514011
0.33789114349964694
0.4222744437215268
0.5900714672263832
0.6205713485927895
0.4447314349746106
0.0026697602515498176
0.540403517773714
0.43010219080680046
0.05420566227898693
0.6732456269817584
0.5997002638581448
0.611540368224145
0.3763279204972074
0.6289713989869657
0.8131432176802762
0.07040060173104175
0.6393284664065975
0.5945672958771501
0.29257001526302423
0.34491101155278353
0.0143409218620534
0.38202323396248083
0.3024716072841075
0.704179183389948
0.7254097185019533
0.8167392300979706
0.7948186938183429
0.3400877897434584
0.6112739184611029
0.6410666426398559
0.3318778945170002
0.62871719615944
0.2812668867002107
0.4130113174036601
0.7726060055378641
0.6092917873131556
0.5993640959888101
0.5855970177416802
0.5873409197147551
0.49177642472847344
0.7511807919128987
0.9010099475527534
0.434104999758554
0.509203771115704
0.7089149783420345
0.7743355171057044
0.35728875346904565
0.30285155680498593
0.2881627860116683
0.670039676460325
0.6465195371168855
0.46889294632272305
0.6030772585582562
0.33414312022548026
0.05597453993626109
0.3810388654791674
0.8224573660522773
0.7594528815661713
0.5686954283949985
0.6087576521512535
0.6261515273823125
0.584881506470643
0.29034761303180495
0.28641397174313066
0.42219959292724263
0.31098200064615356
0.7324171541552638
0.3697859695231059
0.6448581562590633
0.2971873299012476
0.455523628165657
0.6110984652901349
0.8296982534988377
0.5470651032998611
0.6197506837327819
0.3337855945937137
0.6439758062814743
0.3360980474604991
0.3642677730353628
0.3867095378655738
0.07323406029213442
0.07323406029213442
0.3620042834750734
0.344627186128062
0.4001512107883399
0.05179225466228264
0.3384827915687492
0.2921444166378606
0.3125655232356623
0.6551328524746488
0.814934336947134
0.6131899414826476
0.3986973199171627
0.8094339657020544
0.3926351039513524
0.33907590544131777
0.3766617480770792
0.41146908925475606
0.4246028668055648
0.7228414800612166
0.5566370283222484
0.5354486759556258
0.28884638129069284
0.33928500005087825
0.41220844589649713
0.40943593299204273
0.7741459309099227
0.2536725646195222
0.5207530018660813
0.4112694728669157
0.3360154394764065
0.07811741620472656
0.30851430937574664
0.2946867553554271
0.3696024253148246
0.7929186246151696
0.7654640237605903
0.721726013367485
0.3219105244960829
0.36282942112264976
0.020723472494638698
0.01027291192989009
0.39985778195355565
0.04833414688278436
0.6774778977580868
0.07923302274477
0.32035173255556165
0.04799134255755958
0.017449232943844734
0.3759035491365101
0.36166358742210475
0.6180559670240374
0.29782241936544074
0.03773141214981439
0.3831443306126883
0.40912716304150726
0.7897247049396446
0.07706448022190754
0.37089073106877024
0.28182171647700544
0.4201429313900596
0.3766051338539494
0.5988823304663324
0.6887531972090094
0.7643101660887206
0.3337891890782428
0.09378614597834398
0.35875798057763797
0.7083754258130411
0.3031272925511006
0.4050295733904326
0.3286665468237179
0.6376433639986443
0.7039855314565847
0.49481130328473266
0.6363263101541022
0.4592147389360472
0.6557198811634976
0.4318190292606711
0.7162650879466544
0.7207656770526134
0.4195670491927194
0.5504078442860935
0.5664775464139884
0.7291680182316088
0.6627557700971393
0.6269735959217554
0.4630613691633631
0.5581360113170818
0.5304919206396631
0.5915016735203008
0.6528079615202315
0.3503214959218819
0.8196261823141896
0.37545138928473
0.8433979196868822
0.4795125877099981
0.276787315482674
0.4416292850773917
0.04421509983444777
0.3056679169357242
0.4223823541806998
0.058381600816610583
0.12438483063239955
0.8980914642340531
0.5125821031890211
0.703870160814902
0.6698857817749406
0.4318748187290025
0.43044852591111843
0.04915757779763323
0.9038253987204662
0.6897106553499853
0.47414561594025384
0.5244175355741284
0.6038560546402059
0.28121833442489136
0.3422665032092128
0.29305080055293153
0.6012076667953443
0.3646336819010964
0.3372265564198686
0.06062364442339311
0.053633947135298475
0.05449017536891847
0.058902703044960036
0.6221388544718669
0.014296680490710074
0.4196786361078721
0.2691946126042736
0.5668955519928794
0.5580845430586312
0.6045758309908839
0.688065022924957
0.6108615790813784
0.5197861113934247
0.44104260742488044
0.3477282015488969
0.3353263625414704
0.3365798631351648
0.295422091032861
0.3102831997799996
0.3435851358607679
0.4086264905983785
0.29418673872041384
0.4370882368748836
0.2686362673813992
0.29465039928373254
0.2743882673761587
0.33955197815913046
0.6437590791870045
0.039480619206632823
0.29144741999683776
0.043592141470265494
0.0603555912953834
0.7256352637911988
0.5516835291905284
0.05951166375823159
0.41886481318935687
0.48764965070711935
0.32308814190638935
0.29859971539217095
0.7313391397192885
0.06784992940585821
0.3071351193763071
0.3770608940576899
0.020575183439149002
0.5010463009388831
0.0632029799149027
0.33119724193991185
0.22771118377955638
0.4453719521777236
0.8685251606437021
0.49309132082567925
0.6294188010487224
0.2766858582595701
0.3755663996409919
0.6221053196660744
0.5010677440723801
0.6319526248452646
0.3317911828075946
0.4478091511925564
0.4564538786240115
0.5533368002257685
0.30548187716849645
0.1304318075942335
0.3028817147646086
0.5350362321613048
0.34337460930347324
0.6346880516794215
0.40670448363943335
0.6336203248360517
0.31946953594949395
0.330455199559701
0.061029727055031104
0.08770726347354224
0.37370213099883254
0.2677201732776859
0.3415601403195481
0.4359038830570835
0.6619527795986977
0.23469166665070382
0.6496795208623859
0.40477799512956913
0.715339610723727
0.27161131587002685
0.2401318814765613
0.07786920709033207
0.2378674728697885
0.3032564615495006
0.29034340243904466
0.2939153339853723
0.26629056559007985
0.2631008324564521
0.32603777355453417
0.28669559668387784
0.01652111635724009
0.0657728017976259
0.03264189259297482
0.34023410507297225
0.043829234164753206
0.5697632616087421
0.0029575068491831213
0.6714773651691156
0.031040067285743347
0.08591208247914384
0.2931483901904535
0.3395488634557026
0.016824458276052237
0.5999985338739243
0.6860621595077685
0.25056075440902076
0.34115843725113293
0.29239274824559264
0.06400448684423342
0.34820796739844845
0.5595239680355669
0.11191494263076704
0.4482874749501199
0.18015519852647266
0.5705117250808128
0.26563277014912035
0.26504650009275216
0.796366688056132
0.5198881328040138
0.9077465542586745
0.01499269571356789
0.3184692260138373
0.34646824453015773
0.7089149783420345
0.33482474670884244
0.4849030885458363
0.6317327257583268
0.7888813083909204
0.2841487705401716
0.2894499557387839
0.2962684144999946
0.2543107938491716
0.43729600178063127
0.7027733722784155
0.5452882121451633
0.39910715001967717
0.31337174786305483
0.06442064420746584
0.5518487024564374
0.2977536268632114
0.49286055721648714
0.3890143572951208
0.08826869397671039
0.30108551880178086
0.31304621292758794
0.30864797240565756
0.38487605292511956
0.4025291988928013
0.5567614204855466
0.286391627375021
0.34983156793389303
0.34001970952155613
0.011766942852513174
0.538715373250846
0.28966686735129044
0.5537633513737327
0.41485392558231104
0.4534485823607622
0.06397509764716691
0.0830346382391769
0.34206349926892604
0.3050441613894154
0.05324744436532493
0.010898103338995897
0.03633420565371539
0.34520319686558487
0.011225387210387723
0.019684395676575133
0.25715109706022754
0.3652599123001231
0.7830656236571439
0.08424723343158143
0.0432263233561362
0.33062055963112863
0.03227450120997533
0.001271724354236026
0.26553185252459643
0.2469008662491662
0.6602740887565534
0.05295466550759416
0.3372058981804363
0.48962972123563364
0.01662720084204753
0.05438800877424308
0.0027149998530220446
0.7135559671728577
0.058569379136019506
0.011830685236217924
0.051950173529425735
0.03410579484146636
0.6072190812130922
0.37214347379339946
0.2530317070456717
0.3074436871541454
0.014867883252825065
0.08026664352569154
0.3027606698006157
0.2481289007383738
0.049138218425444885
0.31591165360135115
0.33894390700244986
0.3337870553873232
0.6127304185652064
0.5287665584041893
0.38371842464786277
0.052299508640111764
0.37143597672939066
0.026236447201633564
0.04585188798762108
0.4926866076388276
0.35185377765143816
0.27706064494646265
0.6326194361808145
0.6331716073692882
0.02718087252207723
0.34433398113574143
0.011897724394870052
0.05173895120076989
0.37342386723031334
0.8213344431268191
0.5621437257194217
0.2949588448144235
0.6067971417515187
0.2999074766511971
0.9396849770959463
0.3523497400672216
0.34985032754147954
0.554091851145345
0.3376815963681573
0.24570482979543315
0.09779859036820819
0.5605911032143917
0.014434366719992018
0.09930304115636357
0.12259010568892809
0.19305509705129126
0.4011007656426571
0.3485967376832394
0.031567857735887356
0.32863081359220037
0.2813109995661082
0.30524674928006007
0.5747148477544144
0.3988518371609018
0.07285154656867343
0.03015269048135425
0.44931029543783224
0.7095448369784343
0.0839439406816702
0.2956468307650054
0.4014743385024237
0.42946712313773794
0.3693689062595253
0.008849546052271215
0.6316443628439101
0.3623533404609446
0.317189625053882
0.3205838672235915
0.2572983167028025
0.4410645037655849
0.022725376027125457
0.021306634150897157
0.01550323474843141
0.06413020211727492
0.48392852897390204
0.07259462407569427
0.010128387181807396
0.2604633583668926
0.04441552306123981
0.031921452734795575
0.006609756600304202
0.46322345215215804
0.041428701462197945
0.05599938554012136
0.28419385537780256
0.06374233095989593
0.1361122704342453
0.233340490394795
0.054295199573056716
0.325455044496624
0.41088054690912773
0.26945557610228543
0.19675988974650624
0.04279329920104323
0.04639378169728162
0.5261457931211242
0.5804921793831151
0.5751628396020888
0.3009023208736603
0.284135910283968
0.2902929150117398
0.2910254708882279
0.04880587401709464
0.33308887611319105
0.0607747062973734
0.0447350716614074
0.02017041705982681
0.2947308502329701
0.444049539532488
0.8195073823103707
0.8593230508639618
0.7577462769268799
0.8124188727612419
0.8666789231860167
0.7651072688465023
0.8408539262813579
0.7019272980878825
0.7677187704474947
0.9488997302018877
0.7903788631386851
0.5258337337827556
0.9999999999999671
0.903667378861324
0.7641496137235381
0.8354876049679947
0.6554421560892195
0.877904680455553
0.8463334883594597
0.6734571925635644
0.8039149914693742
0.5738524698494178
0.8431006958367633
0.614946154692154
0.8237262973444789
0.7393704038915088
0.17011092753698384
0.7521703319511164
0.7795848658018412
0.48715360222614473
0.9038984224592645
0.9415378330747043
0.6983764788957217
0.7076762635634994
0.6923517618741131
0.6954601755295975
0.7553775145624464
0.8743155615155543
0.8386741254584984
0.929555999374168
0.7395314638678235
0.8432531063029179
0.9299972432583528
0.8514294421507159
0.7878456817114217
0.6830424349084684
0.9999999999999335
0.7349490768518766
0.8346850118267573
0.7860671545350479
0.9167493754152323
0.8352648979543792
0.8711501681883127
0.7945871586969093
0.6485831940259977
0.8209095129473806
0.857860123522605
0.615879748414364
0.756365377648016
0.9182299526847659
0.8167803863415543
0.8775583556599942
0.8432138246730896
0.858005840691648
0.859148029334458
0.7618069820847291
0.821896378412085
0.8779484856315168
0.7077243257577993
0.9112547373614753
0.8364246164702844
0.8177871114497758
0.8534575112448483
0.6749950680851633
0.8486790820802153
0.8547805920998552
0.6611057615396947
0.7544078283590218
0.5632380242405302
0.8215936285404216
0.8070865890165948
0.8282228954009978
0.8604931649487838
0.8568693062979914
0.8654157457126144
0.8962648091447604
0.8893976518733598
0.6699652648765098
0.43177353449550254
0.8743155615155543
0.8350466178415041
0.8827798951325241
0.6753293083517881
0.8724179691938398
0.7340177064496017
1.0000000000006901
0.8318511182478283
0.795293152207694
1.000000000001961
0.923792317237133
0.8551776486583856
0.8131708668621108
0.8344470414721677
0.8181892519135796
0.9518794827262925
0.9999999999999929
0.7957492095856967
0.6922192421299025
0.9046262333666162
0.9186674523333217
0.7200627557450077
0.5916450881653993
0.7460693275003811
0.8305028711053724
0.8934397028490666
0.6978173453932657
0.7666583724419186
0.5937243168290154
0.7683391693180868
0.3529381997640983
0.08937974296451565
0.6004585188596839
0.6730305317243584
0.7351567360983685
0.8396278332580749
0.6336665588536848
0.49338786026938736
0.8603205494249505
0.8620900762694227
0.7600808744303714
0.8207487721773614
0.8722223082709927
0.6637288116084273
0.7673287245425509
0.8394673277399519
0.7532630988458073
0.6607117824159786
0.8153570202638284
0.5658128717365278
0.9059846570565181
0.8806132495256838
0.8164410455080799
0.7778091923981985
0.8522519985964778
0.8041814841408473
0.8756234912723968
0.777459624199807
0.8200825939287376
0.8991036899734249
0.7615842039750348
0.8485768331045932
-1.0
0.7960847216924938
0.9089969128801136
0.9248430060632745
0.8024066347945324
0.8116662442811554
1.000000000001961
0.9286947380587207
0.7019134250498357
0.8188118774109736
0.7258042047600591
0.9762583537587943
0.7932108188958993
0.39807892452469074
0.7417712241197936
0.44982454295220287
0.7484831865564663
0.9070040701754777
0.7924534270848239
0.683839381288145
-1.0
0.8476384732116693
0.7931837645894664
0.9271565687315299
0.9134527600993898
0.6710796402681765
0.43291743494816465
0.6234613381060534
0.78333795260847
0.9331127567274168
0.8791870493626323
0.6353042655199588
0.9574587827889721
0.5577265138405193
0.5678612346628995
0.7367702460707966
0.80555341926393
0.6832638610123476
0.4592080232693473
0.5545042515089904
0.8020955652006673
0.8843495816055355
0.7388956629198824
0.8639002078385761
0.9167493754152323
0.8515422298509517
1.0000000000006901
0.9161128847130797
0.8477164469507265
0.5475116575352035
0.6865877738404992
0.37721135982724124
0.791003563948639
-1.0
0.8795842240039519
0.531393650390984
0.8535669292026437
0.7648911619048463
0.7026127230733665
0.651661261556806
0.921612241298419
0.8208513136906751
0.7198615469676908
0.797357250946465
0.9301253701115797
0.9207278799595221
0.5980279542492936
0.7398286594897487
0.7554794859606438
0.6832597312823107
0.8402170157320772
0.7665342270155627
0.663524035798115
0.7770604760245658
0.8013098862876245
0.8250860522450297
1.0000000000010263
0.8566990104850702
0.8313447509739007
0.7164449517272985
0.8413967344798298
0.7162994349604972
0.8573852719926236
0.6262922186690998
0.5830559928805368
-1.0
0.9394892464142229
0.9013676402652073
0.9167493754152323
0.9159513047363871
0.718302762537505
0.8355331182298382
0.8316597791683705
0.7733187851217018
0.9421425258300576
0.9299972432583528
0.8581234687188374
0.781952874052528
0.9207585028442793
0.5844827378621055
0.8322600995347914
0.8348552045900146
0.913177330338589
0.8181642877298498
0.9999999999999335
0.6243135653541846
0.8199855752305253
-1.0
0.9999999999992367
0.8896208557467757
0.8194960586419936
0.7805730022889565
0.8564452354990811
0.8194431209840932
0.8581271137365131
0.8782832355919078
0.9318684365239217
0.8559510626856442
0.8150650232444627
0.9495313196903841
0.5753372305969868
0.8172110621449074
0.733400200832258
0.8295066154777213
0.798855869092261
0.6885543963533318
0.813461607376211
0.7940163409511386
0.8910167208305972
0.8392849413563912
0.8118789072302864
0.8072045615615256
1.0000000000012348
0.8180640216545377
0.8246273004964393
0.9127701524372951
0.8064739915636039
0.9762583537587943
0.793845105634964
0.8962648091447604
0.6729912617050896
0.7423066872257853
0.9127114715403102
0.7807830104534419
-1.0
0.9999999999992367
0.8860079537512549
0.9189486300740551
0.9080617638550893
0.7112621698828719
0.36943694194463034
0.8693116252119243
0.9352825845409446
0.8263787486067988
0.9149190213258191
0.6306831482733958
0.8146098725983296
0.7099147422329718
0.9999999999999671
0.893952636886554
0.7491204478728687
0.6326605448253148
0.7838250365612914
0.6881851770118416
0.8762728926397866
0.8274701406488143
0.793483374738353
0.8067545812201463
0.5953155882695159
0.8983013623354673
0.38145813549335067
0.9176550869079196
0.6896583335082609
0.6611057615396947
0.9184334725755128
0.6553087500139094
0.8745171075405836
0.6602783317339036
0.7976398508327067
0.7510349160673392
0.834684490952904
0.7075425360235232
0.8831530327429319
-1.0
0.340763265576072
0.8478957786581363
0.7807257928000029
0.8571260799200833
0.276216631122803
0.7926092232393649
0.7416394846840608
0.8452340529740697
0.8514758632587952
0.7532836992963005
0.8036747120007683
0.8693144012508476
0.7856878075938047
0.56647593548515
0.8326571408916517
0.7349515137087924
0.9281630903196195
0.766212893593858
0.7464616975902072
0.8438145618938644
0.8179338799624444
0.8704700954106882
0.9159513047363871
0.8636888362517234
0.919918328847601
0.7879777633672103
0.772709713167452
0.842928567507908
0.7528168248258412
0.7820992554827533
0.827356452043468
0.6703407826111897
0.8936516981143965
0.5508835749750717
0.8018359028512215
0.7310389116659182
0.8264989994800662
0.7542243296166118
0.6678303403343191
0.8907011572271223
0.7985920933963943
0.7904793944403997
0.7136398690348297
0.9648807974346358
0.8172110621449074
0.7561093042824814
0.8672775842769513
0.8483529357321056
0.7225943895504362
0.5644383974286051
0.9999999999998961
0.804919904335017
0.545525135415094
0.8032872007727653
0.8314668801843816
0.9532672044059091
0.7781211271513004
0.7936643730777454
0.8540181393403476
0.8965715484796999
0.7546729245466175
0.5760374925909661
0.9168827225990294
0.8519712299653964
0.9213104619988097
0.4030813565786138
0.7679043343596275
0.6638046077808465
0.9044183867710442
0.7985885682851479
0.5884978419909268
0.7335533290870687
0.8847968309854027
0.7556995005076096
0.7811320617744621
0.9254483747669668
1.0000000000006901
0.9384156505615934
0.7838250365612914
0.9185693694887492
0.8965903338200745
0.8260979654279887
0.8132940646517304
0.8614314748147929
0.5884978419909268
0.18391103998079347
0.6704653313609801
0.9404580342187889
0.7858481157260292
0.7333431509929077
0.8779719681537624
0.748042133327412
0.7558559077460092
0.8498631888339346
0.8543541567340747
0.7155033244846808
0.8233060603884992
0.6194065377385725
0.5163573184394316
0.8432323240732044
0.8562381590540705
0.8538034928428854
0.741743912685853
0.8287958131513955
0.4204527843010412
0.6832597312823107
0.7128722647971772
0.8027410972121044
0.5521068997779723
0.7435505673418037
0.8067287197993294
0.7780893648867999
0.545469049830747
0.9178944759878308
0.953089484823272
0.8411905982468904
0.8658604745211702
0.7820992554827533
0.6863182134405872
0.9156956230350758
0.6808841626972989
0.8019494037963298
0.7047008359894494
0.5566152369398625
0.5583862030622136
0.6940870574564882
0.5027190990394566
0.347878600987476
0.8436651985315953
0.8239736377068627
0.86493766095419
0.395436488977006
0.8435577106991866
0.8808929261405481
0.690467529698071
0.8915007138582622
0.7241696818855963
0.8091361661808819
0.6401230840624579
0.6893058839481687
0.9589987205300762
0.6155500560683344
0.8335437471412656
0.8605476615082682
0.7853989882885553
0.9683153878467384
0.7462894769216328
0.6570775342499867
0.6849056055101539
0.7147833269433701
0.5877245540299617
0.8314398573323531
0.8825168123465461
0.7453857402539881
0.9063081194662208
0.9293414373238019
0.6843504610031313
0.6972865118406242
0.7676995595737941
0.8037049598137079
0.6082933512693584
0.7813196160255679
0.7231888021407454
0.7393392526073531
0.7617393694262153
0.7998434049135023
1.0000000000006901
0.7851034605500486
0.8682083488788118
0.7933305272131584
0.8949046924923545
0.6253402162700855
0.9223271345466043
0.9019709916443432
0.7448220931202034
0.8845887505044604
0.8207139156040819
0.5226923625686464
0.6429595774930231
0.5610761884721188
0.702299196122884
0.8350501769832503
0.6134257639556241
0.6341761202571519
0.5215651788268304
0.8736199771332418
0.8182722089542722
0.8609408954834441
0.7643822043755121
0.38531322817910785
0.5012848177656033
0.8681101096367949
0.8438257519500887
0.692491885294377
0.7903681003627533
0.6945987790110364
0.9242877376134426
0.8320065429145037
0.6827588062572857
0.7569478174233515
0.9266275388788262
0.8107200074628013
0.8355412280824729
0.6775747955841369
0.9139127865212422
-1.0
0.5940225652424664
0.874144188706251
0.6302037599578086
0.6479698375186904
0.8768979632210625
0.936187695159924
0.7238062496786565
0.9176377739742974
0.4476370186694999
0.7327147020955678
0.7376825536849594
0.9431649524236783
0.7980638675334962
0.8387140213237356
0.8060563868818136
0.8909269867179056
0.816624212307713
0.8093708522518991
0.7353060480696584
0.8958560158508674
0.6240471981759144
0.7408870896866002
0.9645218578022982
0.7593150765245362
0.7649383603797072
0.3878583112111392
0.704943228387281
0.6531133029121668
0.8215936285404216
0.7137477475929414
0.9244521116281275
0.8117097526448548
0.8377404932111904
0.9480071348479373
0.6619000054359414
0.6976429769546765
0.9299972432583528
0.702287697031744
0.9897961004989667
0.84117360364279
0.702521274548973
0.7945854900935784
0.7362088533053215
0.6642339714294323
0.8910167208305972
0.9330232976280626
0.7481558190668123
0.7010912401068734
0.6891853486334678
0.8576602979943437
0.8134626045821783
0.8356309846261603
0.8291513114515703
0.8182990078454058
0.9204587696106744
0.8090228564788269
0.9453641340785036
0.8654596261730052
0.7211870581244136
0.5595595034398341
1.000000000001961
0.8480786622588639
0.5147269361378338
0.853051172626494
0.5626682801914558
0.8318499280753753
0.7993740233634342
0.7885224198809795
0.6589036464671687
0.7578893747104933
0.664533442299983
0.8006013606496681
-1.0
0.6831156643435614
0.9299972432583528
0.8148076133703899
0.8827798951325241
0.6832078811311826
0.7155646467697241
0.760964162292372
0.8824735094324934
0.8190775884389683
0.7344569764283925
-1.0
0.7181230967508644
0.7023955892128417
0.8829141601034396
0.7585400472989939
0.866380266463611
0.9646383945084932
0.7955841371521284
0.8178247462064752
0.721260745841786
0.8447576085157289
0.8531133379139255
0.8246856310934406
0.5556951006891164
0.6489200249002666
0.8868887747036973
0.9058323365455007
0.8111119454738052
0.5933269977587619
0.7554794859606438
0.824380599172904
0.8593727877073511
0.8089903841379724
0.611096264040573
0.9066132840236544
0.9583176195957429
0.5978102614425946
0.8411905982468904
0.8223572445923625
0.8614021590839619
0.7866108256731437
0.8539995761178151
0.6269036897874927
0.8379447691604852
0.7194519945464111
0.9834948380113371
0.8915104797481231
0.8238312627458615
0.8567856571766103
0.9294945078700613
0.716426635296738
0.6835903767470689
0.6789324425470868
0.9699788987870197
0.8418998067181276
0.924553336275012
0.6826820982491353
0.5648722651577893
0.7498893979559504
0.8658502384134298
0.6840508164119198
0.5344512466875656
0.4762688568767219
0.924358294193216
0.7101415196044468
0.8281859730150569
0.6808374294718855
0.9999999999988105
0.8179462059470338
0.8141370798765506
0.7464616975902072
0.755010384094338
0.8300609411465657
0.8413967344798298
0.6567554621768048
0.8104564119618703
0.8047507473049609
0.6570695265511632
0.7015549885940694
0.9481435141823873
0.7820992554827533
0.7941919845872626
0.744945922964608
0.672629503671491
0.849633494870532
-1.0
0.9999999999999671
0.6596368229583973
0.8357542422978453
0.5583862030622136
0.7961202259444664
0.845716573595863
0.8613190522297957
0.4379303556415188
0.7643596128025099
-1.0
0.9023422392865362
0.49873942855179876
0.8657727920647124
0.9999999999999929
0.9145301297979022
0.7219462657673538
0.8851589609475697
0.7092915991918313
0.6694779518196832
0.9573533753430046
0.5071166036552178
0.5372869487203789
0.8439328749545959
1.0000000000010263
0.8121201032837976
0.5345851934338084
0.7783581422541331
0.8508018062395731
0.7062887297772292
0.730105276073666
0.6747539006854577
1.0000000000006901
0.7807948475739078
0.3506227440458168
