0.29615384615384616
0.43571428571428567
0.42916666666666664
0.254
0.6118421052631579
0.4789473684210526
0.38425925925925924
0.3068181818181818
0.27941176470588236
0.4473684210526316
0.19999999999999998
0.10344827586206896
0.134
0.07758620689655173
0.45454545454545453
0.29473684210526313
0.34615384615384615
0.3125
0.4732142857142857
0.1111111111111111
0.11764705882352941
0.5892857142857143
0.42857142857142855
0.58
0.4090909090909091
0.17307692307692307
0.36363636363636365
0.2972222222222222
0.2
0.3695652173913043
0.36
0.30238095238095236
0.4125
0.17045454545454544
0.41739130434782606
0.5833333333333334
0.38235294117647056
0.5
0.175
0.35526315789473684
0.36764705882352944
0.44605263157894737
0.31199999999999994
0.299
0.4166666666666667
0.26749999999999996
0.22291666666666665
0.3625
0.319047619047619
0.21774193548387097
0.2625
0.20652173913043478
0.25799999999999995
0.4583333333333333
0.38749999999999996
0.34210526315789475
0.5345238095238095
0.3644230769230769
0.38958333333333334
0.5166666666666666
0.29230769230769227
0.3547619047619048
0.174
0.6566666666666666
0.4125
0.16666666666666666
0.275
0.30869565217391304
0.23518518518518516
0.36538461538461536
0.19999999999999998
0.35277777777777775
0.3661290322580645
0.45666666666666667
0.23529411764705882
0.21666666666666667
0.24
0.39705882352941174
0.6849999999999999
0.275
0.1793103448275862
0.344
0.4642857142857143
0.3333333333333333
0.23958333333333334
0.3055555555555556
0.40384615384615385
0.25625
0.2982142857142857
0.36904761904761907
0.21
0.17833333333333332
0.32941176470588235
0.3277777777777778
0.375
0.23068181818181818
0.390625
0.40217391304347827
0.4027777777777778
0.18518518518518517
0.5
0.43478260869565216
0.5535714285714286
0.3071428571428571
0.11458333333333333
0.2972222222222222
0.3815789473684211
0.4852941176470588
0.34782608695652173
0.12758620689655173
0.1724137931034483
0.27380952380952384
0.4666666666666667
0.4233333333333333
0.4
0.2708333333333333
0.23214285714285715
0.4305555555555556
0.5
0.425
0.40882352941176464
0.205
0.5384615384615384
0.4772727272727273
0.4394736842105263
0.3038461538461539
0.3645833333333333
0.4203125
0.11458333333333333
0.4117647058823529
0.33076923076923076
0.325
0.3333333333333333
0.05555555555555555
0.375
0.4772727272727273
0.3261904761904762
0.32142857142857145
0.06944444444444445
0.19791666666666666
0.5441176470588235
0.5071428571428571
0.38275862068965516
0.24464285714285713
0.3333333333333333
0.3736842105263158
0.21785714285714283
0.39565217391304347
0.23148148148148148
0.26842105263157895
0.13823529411764707
0.3596153846153846
0.2037037037037037
0.09259259259259259
0.2659090909090909
0.59375
0.3733333333333333
0.3076923076923077
0.27045454545454545
0.29411764705882354
0.3235294117647059
0.2982142857142857
0.39444444444444443
0.32407407407407407
0.459375
0.33666666666666667
0.4125
0.2826923076923077
0.35806451612903223
0.36904761904761907
0.2714285714285714
0.3333333333333333
0.32954545454545453
0.354
0.35
0.34615384615384615
0.35714285714285715
0.13793103448275862
0.38055555555555554
0.31136363636363634
0.30357142857142855
0.358695652173913
0.19642857142857142
0.2403846153846154
0.4175
0.29999999999999993
0.32142857142857145
0.375
0.48906249999999996
0.39807692307692305
0.35294117647058826
0.39999999999999997
0.375
0.45795454545454545
0.3125
0.534
0.07291666666666667
0.775
0.2714285714285714
0.41203703703703703
0.3
0.13
0.32142857142857145
0.46388888888888885
0.584375
0.6124999999999999
0.18478260869565216
0.19318181818181818
0.4166666666666667
0.2625
0.4095238095238095
0.36666666666666664
0.204
0.19318181818181818
0.4942307692307692
0.23152173913043475
0.3736842105263158
0.2692307692307692
0.1576923076923077
0.2857142857142857
0.26785714285714285
0.2033333333333333
0.25555555555555554
0.23529411764705882
0.2952380952380952
0.4125
0.1810344827586207
0.2717391304347826
0.6190476190476191
0.47307692307692306
0.35000000000000003
0.174
0.48333333333333334
0.3
0.40499999999999997
0.4178571428571428
0.46153846153846156
0.07142857142857142
0.2857142857142857
0.13043478260869565
0.4233333333333333
0.5479999999999999
0.3403846153846154
0.16666666666666666
0.3078947368421052
0.337037037037037
0.25555555555555554
0.5023809523809524
0.5357142857142857
0.22291666666666665
0.18214285714285713
0.1935483870967742
0.1375
0.34411764705882353
0.23076923076923078
0.28863636363636364
0.3157894736842105
0.4653846153846154
0.284
0.39473684210526316
0.44375
0.32894736842105265
0.27380952380952384
0.34411764705882353
0.4423076923076923
0.14285714285714285
0.2552631578947368
0.25
0.33695652173913043
0.35526315789473684
0.4066666666666666
0.23484848484848486
0.5152173913043478
0.2434782608695652
0.20652173913043478
0.375
0.19736842105263158
0.4178571428571428
0.2894736842105263
0.6
0.25892857142857145
0.25
0.4041666666666666
0.5
0.4673913043478261
0.1875
0.31666666666666665
0.23809523809523808
0.23
0.2916666666666667
0.4608695652173913
0.32894736842105265
0.2791666666666667
0.4928571428571429
0.4608695652173913
0.22
0.39249999999999996
0.21739130434782608
0.42857142857142855
0.3125
0.3131578947368421
0.3017241379310345
0.5083333333333333
0.35
0.45714285714285713
0.32894736842105265
0.275
0.33947368421052626
0.3375
0.2673076923076923
0.125
0.2403846153846154
0.37884615384615383
0.40625
0.3
0.1875
0.4095238095238095
0.2638888888888889
0.3611111111111111
0.21774193548387097
0.4107142857142857
0.375
0.3375
0.3815789473684211
0.39285714285714285
0.359375
0.5071428571428571
0.33421052631578946
0.4738095238095238
0.59375
0.21666666666666665
0.24375
0.3541666666666667
0.33695652173913043
0.29
0.48333333333333334
0.4526315789473684
0.43333333333333335
0.26666666666666666
0.47794117647058826
0.2833333333333333
0.2673076923076923
0.45
0.35714285714285715
0.5476190476190477
0.5305555555555554
0.4636363636363636
0.30937499999999996
0.305
0.2478260869565217
0.3
0.4473684210526316
0.32142857142857145
0.47619047619047616
0.39285714285714285
0.3684210526315789
0.3782608695652174
0.2826086956521739
0.2821428571428571
0.21296296296296297
0.37999999999999995
0.305
0.2925
0.24
0.4125
0.38055555555555554
0.21666666666666662
0.19736842105263158
0.3444444444444444
0.2403846153846154
0.2647058823529412
0.20588235294117646
0.4791666666666667
0.13709677419354838
0.35294117647058826
0.1875
0.44375
0.2375
0.35
0.3651785714285714
0.39285714285714285
0.4133333333333333
0.475
0.4041666666666666
0.31956521739130433
0.42857142857142855
0.5416666666666666
0.34210526315789475
0.0
0.4125
0.515625
0.42105263157894735
0.31956521739130433
0.39444444444444443
0.3055555555555556
0.31124999999999997
0.3125
0.5974999999999999
0.32608695652173914
0.33035714285714285
0.4342105263157895
0.5675
0.5714285714285714
0.3588235294117647
0.41764705882352937
0.3804347826086957
0.35714285714285715
0.38999999999999996
0.4791666666666667
0.3333333333333333
0.22321428571428573
0.2482142857142857
0.16304347826086957
0.325
0.5647058823529412
0.6
0.29473684210526313
0.11923076923076924
0.4852941176470588
0.27413793103448275
0.18269230769230768
0.5047619047619047
0.4066666666666666
0.36363636363636365
0.05172413793103448
0.23809523809523808
0.3633333333333333
0.4107142857142857
0.4222222222222222
0.5260869565217391
0.23214285714285715
0.25
0.2857142857142857
0.26666666666666666
0.30624999999999997
0.14285714285714285
0.4226190476190476
0.29999999999999993
0.5357142857142857
0.2826086956521739
0.35555555555555557
0.275
0.1576923076923077
0.6
0.359375
0.390625
0.36249999999999993
0.5166666666666666
0.4388888888888889
0.2391304347826087
0.23958333333333334
0.1732142857142857
0.375
0.29074074074074074
0.4166666666666667
0.2217391304347826
0.1875
0.46875
0.275
0.13541666666666666
0.3375
0.3684210526315789
0.35666666666666663
0.15
0.4338235294117647
0.25
0.5217391304347826
0.1891304347826087
0.16346153846153846
0.22045454545454543
0.42857142857142855
0.4875
0.55
0.3088235294117647
0.36666666666666664
0.5675
0.17037037037037037
0.40499999999999997
0.29374999999999996
0.3125
0.35714285714285715
0.41
0.41428571428571426
0.38125
0.32857142857142857
0.3083333333333333
0.20192307692307693
0.18
0.41363636363636364
0.3333333333333333
0.2608695652173913
0.2403846153846154
0.47307692307692306
0.38333333333333336
0.31470588235294117
0.2619047619047619
0.32142857142857145
0.2261904761904762
0.453125
0.4423076923076923
0.2717391304347826
0.3333333333333333
0.19772727272727272
0.48214285714285715
0.25357142857142856
0.26785714285714285
0.4029411764705882
0.29411764705882354
0.4861111111111111
0.225
0.5
0.27
0.36136363636363633
0.36527777777777776
0.3
0.2
0.6941176470588235
0.4479166666666667
0.41304347826086957
0.5523809523809524
0.4555555555555555
0.3733333333333333
0.375
0.44090909090909086
0.2727272727272727
0.3346153846153846
0.35294117647058826
0.354
0.40384615384615385
0.5279411764705882
0.485
0.390625
0.32407407407407407
0.12413793103448276
0.3040322580645161
0.36666666666666664
0.30833333333333335
0.128125
0.325
0.24107142857142858
0.5375
0.5
0.26749999999999996
0.2638888888888889
0.7307692307692307
0.41923076923076924
0.27631578947368424
0.31666666666666665
0.45
0.2595238095238095
0.17857142857142858
0.09791666666666667
0.17391304347826086
0.42391304347826086
0.28125
0.23148148148148148
0.275
0.22380952380952376
0.2625
0.484375
0.3148148148148148
0.22321428571428573
0.40161290322580645
0.5733333333333334
0.25
0.3269230769230769
0.390625
0.09259259259259259
0.4230769230769231
0.4066666666666666
0.234375
0.4090909090909091
0.34411764705882353
0.3684210526315789
0.5269230769230769
0.2361111111111111
0.45909090909090905
0.28846153846153844
0.24074074074074073
0.1527777777777778
0.5625
0.4703703703703703
0.5441176470588235
0.4659090909090909
0.44107142857142856
0.24
0.28125
0.11458333333333333
0.4375
0.38999999999999996
0.2552631578947368
0.5576923076923077
0.31304347826086953
0.14814814814814814
0.4411764705882353
0.45
0.32999999999999996
0.39999999999999997
0.3261904761904762
0.1708333333333333
0.14
0.5227272727272727
0.3333333333333333
0.31521739130434784
0.19230769230769232
0.39565217391304347
0.25416666666666665
0.3125
0.35526315789473684
0.31470588235294117
0.36666666666666664
0.375
0.2413793103448276
0.3269230769230769
0.30666666666666664
0.46923076923076923
0.25925925925925924
0.43124999999999997
0.5526315789473685
0.5
0.5625
0.2972222222222222
0.5105263157894736
0.264
0.22321428571428573
0.3958333333333333
0.18333333333333335
0.44090909090909086
0.4
0.275
0.3588235294117647
0.44642857142857145
0.6714285714285714
0.2962962962962963
0.20238095238095238
0.5388888888888889
0.4673913043478261
0.18478260869565216
0.11956521739130435
0.39999999999999997
0.1532258064516129
0.3868421052631579
0.6171052631578947
0.4928571428571428
0.25
0.3392857142857143
0.17391304347826086
0.2833333333333333
0.24423076923076922
0.22916666666666666
0.40476190476190477
0.37
0.5043478260869565
0.2125
0.30952380952380953
0.36363636363636365
0.198
0.109375
0.38125
0.2236842105263158
0.4203125
0.234375
0.5769230769230769
0.36363636363636365
0.1875
0.3611111111111111
0.4772727272727273
0.26785714285714285
0.3695652173913043
0.3019230769230769
0.25
0.39285714285714285
0.12916666666666668
0.505
0.30357142857142855
0.38333333333333336
0.34
0.334375
0.2722222222222222
0.3194444444444444
0.4052631578947368
0.38636363636363635
0.2840909090909091
0.390625
0.1956521739130435
0.5551724137931034
0.14400000000000002
0.27631578947368424
0.35
0.35526315789473684
0.18333333333333335
0.5666666666666667
0.5119047619047619
0.2565789473684211
0.25
0.4666666666666666
0.3148148148148148
0.3875
0.48928571428571427
0.3088235294117647
0.2631578947368421
0.24318181818181817
0.28125
0.3157894736842105
0.3673913043478261
0.25
0.3142857142857143
0.6538461538461539
0.33152173913043476
0.45588235294117646
0.25892857142857145
0.5175
0.31071428571428567
0.25862068965517243
0.2608695652173913
0.4928571428571428
0.5
0.22321428571428573
0.3
0.41428571428571426
0.171875
0.1565217391304348
0.41896551724137926
0.45357142857142857
0.16666666666666666
0.49117647058823527
0.17105263157894737
0.125
0.33653846153846156
0.515625
0.30434782608695654
0.5499999999999999
0.22580645161290322
0.3
0.29375
0.35
0.24456521739130435
0.5803571428571429
0.5138888888888888
0.25357142857142856
0.44047619047619047
0.31521739130434784
0.2928571428571428
0.5499999999999999
0.38235294117647056
0.359375
0.29615384615384616
0.22058823529411764
0.6423076923076922
0.3076923076923077
0.03571428571428571
0.08333333333333333
0.0625
0.08499999999999999
0.03571428571428571
0.041666666666666664
0.041666666666666664
0.10714285714285714
0.21428571428571427
0.125
0.1
0.07142857142857142
0.40625
0.4642857142857143
0.041666666666666664
0.03571428571428571
0.041666666666666664
0.03571428571428571
0.041666666666666664
0.03571428571428571
0.025
0.041666666666666664
0.14285714285714285
0.14285714285714285
0.125
0.03571428571428571
0.1111111111111111
0.5357142857142857
0.16666666666666666
0.07142857142857142
0.03571428571428571
0.03571428571428571
0.03571428571428571
0.03571428571428571
0.5
0.19444444444444445
0.0625
0.175
0.16666666666666666
0.16666666666666666
0.16666666666666666
0.07142857142857142
0.041666666666666664
0.03571428571428571
0.03571428571428571
0.03571428571428571
0.03571428571428571
0.03571428571428571
0.03571428571428571
0.03571428571428571
0.32142857142857145
0.08333333333333333
0.19444444444444445
0.225
0.125
0.041666666666666664
0.041666666666666664
0.03571428571428571
0.05
0.041666666666666664
0.16666666666666666
0.05
0.5535714285714286
0.125
0.03571428571428571
0.07142857142857142
0.08333333333333333
0.16666666666666666
0.125
0.21875
0.375
0.25
0.125
0.2857142857142857
0.07142857142857142
0.07142857142857142
0.14285714285714285
0.14285714285714285
0.125
0.17857142857142858
0.15
0.3125
0.05555555555555555
0.08333333333333333
0.05555555555555555
0.20454545454545456
0.17857142857142858
0.08333333333333333
0.08333333333333333
0.08333333333333333
0.03571428571428571
0.07142857142857142
0.10714285714285714
0.14285714285714285
0.14285714285714285
0.125
0.17857142857142858
0.16666666666666666
0.125
0.05555555555555555
0.09375
0.15
0.0625
0.15625
0.07142857142857142
0.08333333333333333
0.03571428571428571
0.1
0.14285714285714285
0.05
0.08333333333333333
0.225
0.3611111111111111
0.1388888888888889
0.12222222222222223
0.14285714285714285
0.4642857142857143
0.17857142857142858
0.19444444444444445
0.08333333333333333
0.05
0.05
0.3
0.05
0.25
0.25
0.25
0.08333333333333333
0.07142857142857142
0.07142857142857142
0.08333333333333333
0.07142857142857142
0.375
0.16666666666666666
0.09375
0.3125
0.08333333333333333
0.08333333333333333
0.07142857142857142
0.07142857142857142
0.07142857142857142
0.20833333333333334
0.17857142857142858
0.21428571428571427
0.21875
0.10714285714285714
0.1875
0.03571428571428571
0.14285714285714285
0.1875
0.2222222222222222
0.6875
0.25
0.3
0.05
0.125
0.16666666666666666
0.2
0.2
0.07142857142857142
0.07142857142857142
0.03571428571428571
0.07142857142857142
0.07142857142857142
0.08333333333333333
0.20833333333333334
0.10714285714285714
0.2916666666666667
0.10714285714285714
0.07142857142857142
0.25
0.14285714285714285
0.19444444444444445
0.05555555555555555
0.3229166666666667
0.20833333333333334
0.0625
0.05
0.21875
0.14285714285714285
0.21428571428571427
0.07142857142857142
0.07142857142857142
0.041666666666666664
0.03571428571428571
0.375
0.05
0.05
0.3
0.05
0.3
0.21875
0.21875
0.17857142857142858
0.39285714285714285
0.20833333333333334
0.10714285714285714
0.1
0.2916666666666667
0.1
0.25
0.25
0.3333333333333333
0.21875
0.25
0.20833333333333334
0.20833333333333334
0.1875
0.625
0.05
0.25
0.1875
0.07142857142857142
0.08333333333333333
0.25
0.07142857142857142
0.225
0.25
0.0625
0.10714285714285714
0.25
0.3055555555555556
0.3
0.3333333333333333
0.25
0.375
0.3333333333333333
0.10714285714285714
0.08333333333333333
0.10714285714285714
0.16666666666666666
0.5
0.041666666666666664
0.07142857142857142
0.14285714285714285
0.17857142857142858
0.375
0.35714285714285715
0.3611111111111111
0.39285714285714285
0.10714285714285714
0.08499999999999999
0.15
0.125
0.21428571428571427
0.39285714285714285
0.125
0.4642857142857143
0.3125
0.3333333333333333
0.55
0.275
0.2611111111111111
0.4375
0.0625
0.25
0.25
0.07142857142857142
0.20833333333333334
0.2
0.25
0.42857142857142855
0.25
0.25
0.21875
0.08333333333333333
0.20833333333333334
0.125
0.3333333333333333
0.2916666666666667
0.2857142857142857
0.25
0.21428571428571427
0.08333333333333333
0.17857142857142858
0.35714285714285715
0.2777777777777778
0.21875
0.07142857142857142
0.5277777777777778
0.3181818181818182
0.21428571428571427
0.5
0.20833333333333334
0.1875
0.2222222222222222
0.19444444444444445
0.25
0.15
0.20833333333333334
0.17857142857142858
0.21428571428571427
0.14285714285714285
0.325
0.4
0.25
0.25
0.32142857142857145
0.39285714285714285
0.2857142857142857
0.20833333333333334
0.16666666666666666
0.21875
0.25
0.14285714285714285
0.2857142857142857
0.17857142857142858
0.32142857142857145
0.5357142857142857
0.125
0.14285714285714285
0.2916666666666667
0.4166666666666667
0.6111111111111112
0.3055555555555556
0.3125
0.4642857142857143
0.3125
0.34375
0.5833333333333334
0.125
0.3125
0.35714285714285715
0.125
0.25
0.1
0.1
0.07142857142857142
0.25
0.32142857142857145
0.16666666666666666
0.21428571428571427
0.09375
0.125
0.25
0.23125
0.3333333333333333
0.25
0.25
0.07142857142857142
0.21428571428571427
0.07142857142857142
0.25
0.25
0.3055555555555556
0.19444444444444445
0.2692307692307692
0.25
0.08333333333333333
0.4
0.25
0.3088235294117647
0.25
0.3
0.375
0.07142857142857142
0.4583333333333333
0.2285714285714286
0.325
0.375
0.375
0.5
0.375
0.21428571428571427
0.125
0.10714285714285714
0.1
0.3125
0.16666666666666666
0.6666666666666666
0.2857142857142857
0.25
0.10714285714285714
0.1
0.2857142857142857
0.2642857142857143
0.2916666666666667
0.25
0.4642857142857143
0.14285714285714285
0.21428571428571427
0.5
0.375
0.21428571428571427
0.35714285714285715
0.25
0.32142857142857145
0.39285714285714285
0.4642857142857143
0.2727272727272727
0.125
0.21428571428571427
0.15714285714285717
0.2916666666666667
0.14285714285714285
0.07142857142857142
0.15625
0.3611111111111111
0.3333333333333333
0.3333333333333333
0.3333333333333333
0.4722222222222222
0.375
0.5
0.8
0.22727272727272727
0.07142857142857142
0.21428571428571427
0.25
0.2916666666666667
0.16666666666666666
0.375
0.3611111111111111
0.2857142857142857
0.6071428571428571
0.3611111111111111
0.3333333333333333
0.21428571428571427
0.4583333333333333
0.20833333333333334
0.5
0.3125
0.175
0.4166666666666667
0.16666666666666666
0.25
0.2
0.45
0.5833333333333334
0.44642857142857145
0.3333333333333333
0.3
0.3888888888888889
0.5
0.3875
0.35714285714285715
0.53125
0.625
0.34375
0.2625
0.3333333333333333
0.28125
0.28125
0.28125
0.32142857142857145
0.15625
0.08333333333333333
0.17857142857142858
0.25
0.3
0.10714285714285714
0.35
0.08333333333333333
0.35
0.28125
0.5
0.3875
0.5
0.6875
0.21875
0.375
0.375
0.28125
0.125
0.15625
0.625
0.3611111111111111
0.25
0.16666666666666666
0.375
0.125
0.390625
0.40625
0.3
0.65
0.4166666666666667
0.25
0.34375
0.40625
0.5
0.29545454545454547
0.4642857142857143
0.35714285714285715
0.25
0.425
0.4583333333333333
0.4722222222222222
0.75
0.2916666666666667
0.2857142857142857
0.25
0.10714285714285714
0.425
0.3333333333333333
0.75
0.5625
0.3409090909090909
0.39473684210526316
0.3958333333333333
0.375
0.42857142857142855
0.3333333333333333
0.37
0.60625
0.5
0.14285714285714285
0.3333333333333333
0.25
0.25
0.4642857142857143
0.2857142857142857
0.39285714285714285
0.34375
0.5714285714285714
0.39285714285714285
0.25
0.3409090909090909
0.2857142857142857
0.21428571428571427
0.2916666666666667
0.2916666666666667
0.28125
0.3125
0.42857142857142855
0.16666666666666666
0.40625
0.3125
0.3409090909090909
0.3181818181818182
0.4
0.3888888888888889
0.5555555555555556
0.2222222222222222
0.19444444444444445
0.4642857142857143
0.3333333333333333
0.25
0.40625
0.2
0.7083333333333334
0.2777777777777778
0.375
0.4785714285714286
0.4
0.25
0.6428571428571429
0.3409090909090909
0.1
0.4
0.25
0.5416666666666666
0.375
0.3125
0.25
0.6777777777777777
0.375
0.1388888888888889
0.32142857142857145
0.21428571428571427
0.4642857142857143
0.125
0.5
0.5
0.4375
0.4642857142857143
0.5
0.3888888888888889
0.375
0.375
0.5714285714285714
0.2777777777777778
0.21875
0.39285714285714285
0.325
0.3
0.46875
0.4444444444444444
0.6388888888888888
0.42857142857142855
0.28125
0.25
0.35714285714285715
0.25
0.3055555555555556
0.2916666666666667
0.38636363636363635
0.375
0.42857142857142855
0.32142857142857145
0.5833333333333334
0.4722222222222222
0.4230769230769231
0.39285714285714285
0.375
0.5535714285714286
0.28125
0.5349999999999999
0.6454545454545454
0.375
0.4375
0.42857142857142855
0.4166666666666667
0.65
0.5
0.6136363636363636
0.575
0.65625
0.25
0.53125
0.5625
0.5625
0.3125
0.6785714285714286
0.5714285714285714
0.10714285714285714
0.6071428571428571
0.25
0.16666666666666666
0.16666666666666666
0.4444444444444444
0.6428571428571429
0.5
0.5625
0.41875
0.5
0.25
0.10714285714285714
0.5
0.375
0.6071428571428571
0.59375
0.6071428571428571
0.375
0.35714285714285715
0.25
0.2916666666666667
0.5
0.32142857142857145
0.4583333333333333
0.2916666666666667
0.25
0.4318181818181818
0.5714285714285714
0.39285714285714285
0.21428571428571427
0.5
0.2777777777777778
0.4444444444444444
0.16666666666666666
0.4375
0.21428571428571427
0.5416666666666666
0.6375
0.3333333333333333
0.4
0.4166666666666667
0.5
0.3333333333333333
0.2916666666666667
0.16666666666666666
0.2777777777777778
0.39285714285714285
0.4444444444444444
0.5269230769230769
0.625
0.4166666666666667
0.265625
0.2857142857142857
0.41875
0.35
0.2916666666666667
0.35714285714285715
0.5178571428571429
0.5277777777777778
0.3888888888888889
0.375
0.5
0.6666666666666666
0.5227272727272727
0.5357142857142857
0.53125
0.28125
0.509090909090909
0.5416666666666666
0.625
0.525
0.4375
0.42857142857142855
0.5357142857142857
0.53125
0.36
0.65625
0.32142857142857145
0.575
0.4166666666666667
0.375
0.20555555555555557
0.4225
0.35
0.4642857142857143
0.3888888888888889
0.6363636363636364
0.6153846153846154
0.25
0.65
0.4222222222222222
0.5846153846153845
0.6785714285714286
0.44642857142857145
0.5714285714285714
0.4423076923076923
0.75
0.42857142857142855
0.28125
0.33571428571428574
0.375
0.25
0.3
0.5318181818181817
0.43333333333333335
0.17857142857142858
0.16666666666666666
0.59375
0.6785714285714286
0.35714285714285715
0.34375
0.39285714285714285
0.34375
0.46875
0.34375
0.28125
0.4
0.825
0.43499999999999994
0.475
0.51
0.6041666666666666
0.5227272727272727
0.37222222222222223
0.40625
0.6785714285714286
0.1875
0.5357142857142857
0.40625
0.20833333333333334
0.875
0.1875
0.5833333333333334
0.5
0.49583333333333335
0.2765625
0.3076923076923077
0.20833333333333334
0.2236842105263158
0.29404761904761906
0.14473684210526316
0.3819444444444444
0.4333333333333333
0.24305555555555555
0.19291666666666665
0.2857142857142857
0.40535714285714286
0.14285714285714285
0.096875
0.475
0.27954545454545454
0.2777777777777778
0.184
0.32307692307692304
0.3879310344827586
0.3310810810810811
0.37
0.22596153846153846
0.5921875
0.34615384615384615
0.3585106382978724
0.6541666666666667
0.5
0.3275862068965517
0.3
0.28617021276595744
0.409375
0.3361111111111111
0.33076923076923076
0.3242424242424242
0.28
0.3083333333333333
0.14864864864864866
0.35186567164179106
0.2462328767123288
0.3096774193548387
0.28703703703703703
0.125
0.325
0.24375
0.4279411764705882
0.0
0.355
0.2375
0.21973684210526315
0.23421052631578942
0.17708333333333334
0.304
0.29782608695652174
0.368
0.2619047619047619
0.388235294117647
0.6
0.2411111111111111
0.23579545454545456
0.37435897435897436
0.23382352941176468
0.3
0.24074074074074073
0.07894736842105263
0.345
0.2792857142857143
0.4577380952380953
0.39705882352941174
0.23026315789473684
0.1875
0.22804878048780486
0.275531914893617
0.48709677419354835
0.36022727272727273
0.292
0.3
0.3346153846153846
0.1875
0.2727272727272727
0.334375
0.16744186046511625
0.3
0.2521428571428572
0.2872093023255814
0.057692307692307696
0.3359375
0.365625
0.2928571428571428
0.16891891891891891
0.25232558139534883
0.2222222222222222
0.5225
0.34736842105263155
0.4064516129032258
0.0
0.2619047619047619
0.28292682926829266
0.0
0.23275862068965517
0.25227272727272726
0.2872093023255814
0.27559523809523806
0.13541666666666666
0.08333333333333333
0.0
0.3522727272727273
0.35277777777777775
0.21485507246376812
0.21666666666666667
0.21153846153846154
0.20238095238095238
0.34393939393939393
0.2944444444444444
0.14375
0.34791666666666665
0.4166666666666667
0.38125
0.21739130434782608
0.39249999999999996
0.8125
0.3131578947368421
0.45689655172413796
0.4727272727272727
0.17124999999999999
0.5333333333333333
0.4074074074074074
0.24215686274509804
0.27297297297297296
0.30624999999999997
0.3423913043478261
0.26884057971014497
0.2425
0.28541666666666665
0.2985
0.3308510638297872
0.37884615384615383
0.2792682926829268
0.2552631578947368
0.34191176470588236
0.09523809523809523
0.21829268292682924
0.3909090909090909
0.3527777777777778
0.3333333333333333
0.07407407407407407
0.39903846153846156
0.027777777777777776
0.24342105263157895
0.3984693877551021
0.26129032258064516
1.1451612903225807
0.31607142857142856
0.013888888888888888
0.2191780821917808
0.23
0.4269230769230769
0.0
0.24756944444444448
0.4125
0.26899999999999996
0.24166666666666664
0.014285714285714285
0.2033333333333333
0.34249999999999997
0.3958333333333333
0.496875
0.32142857142857145
0.24864864864864863
0.2813953488372093
0.3076923076923077
1.1766666666666665
0.20909090909090908
0.296551724137931
0.1565217391304348
0.1962962962962963
0.34615384615384615
0.40789473684210525
0.33653846153846156
0.18421052631578946
0.2261904761904762
0.27941176470588236
0.32105263157894737
0.05
0.3625
0.32142857142857145
0.18106060606060606
0.285
0.28
0.3
0.35
0.2670731707317073
0.38437499999999997
0.33620689655172414
0.2732456140350877
0.26052631578947366
0.25
0.14285714285714285
0.2579268292682927
0.3532608695652174
0.4583333333333333
0.3425925925925926
0.42857142857142855
0.3403846153846154
0.0
0.2527027027027027
0.275
0.21153846153846154
0.35185185185185186
0.425
0.48125
0.11842105263157894
0.2976190476190476
0.2661290322580645
0.3658730158730159
0.05673076923076924
0.16458333333333333
0.3131578947368421
0.27058823529411763
0.22142857142857145
0.403125
0.28088235294117647
0.3261904761904762
0.2425
0.3409090909090909
0.3338709677419355
0.16052631578947368
0.0
0.26166666666666666
0.3222222222222222
0.21153846153846154
0.09210526315789473
0.3416666666666666
0.18841463414634146
0.3181818181818182
0.38333333333333336
1.1515151515151516
0.19206349206349205
0.21296296296296297
0.20789473684210527
0.05952380952380952
0.2928571428571428
0.2543478260869565
0.334469696969697
0.3017241379310345
0.25
0.175
0.17368421052631577
0.2625
0.16279069767441862
0.45199999999999996
0.2125
0.2462264150943396
0.24011627906976743
0.35714285714285715
0.0
0.26111111111111107
0.2619047619047619
0.075
0.25
0.25892857142857145
0.43076923076923074
0.3619047619047619
0.3119047619047619
0.27499999999999997
0.2777777777777778
0.125
0.2369047619047619
0.30675675675675673
0.535593220338983
0.057692307692307696
0.44749999999999995
0.29583333333333334
0.27
0.25239726027397263
0.36199999999999993
0.3387096774193548
0.3125
0.32954545454545453
0.0875
0.31176470588235294
0.35609756097560974
0.1875
0.0
0.344
0.185
0.18902439024390244
0.23333333333333334
0.02857142857142857
0.32596153846153847
0.06634615384615385
0.3833333333333333
0.4116666666666667
0.35555555555555557
0.27649999999999997
1.1703125
0.13095238095238096
0.19999999999999998
0.30925925925925923
0.275
0.33799999999999997
0.3847826086956522
0.4666666666666667
0.37058823529411766
0.31521739130434784
0.25
0.4263157894736842
0.2625
0.3194444444444444
0.0
0.22175925925925924
0.37142857142857144
0.5
0.4166666666666667
0.22
0.2689189189189189
0.3173076923076923
0.20833333333333334
0.3185185185185185
0.4212962962962963
0.2074074074074074
0.44375
0.07738095238095238
0.5592592592592592
0.3538461538461538
0.23709677419354838
0.4095238095238095
0.24444444444444446
0.38076923076923075
0.3546875
0.2944444444444444
0.39166666666666666
0.59
0.24897959183673468
1.1454545454545455
0.6541666666666667
0.2735294117647059
0.31153846153846154
0.33106060606060606
0.6749999999999999
0.3890243902439024
0.3414285714285714
0.27849999999999997
0.25142857142857145
0.358
0.19999999999999998
0.32
0.25921052631578945
0.3684210526315789
0.2944444444444444
0.3735294117647059
0.20738636363636365
0.33035714285714285
0.32142857142857145
0.3569230769230769
0.3019230769230769
0.16987179487179488
0.011904761904761904
0.22352941176470587
0.21346153846153845
0.29
0.3416666666666666
0.29537037037037034
0.2967741935483871
0.4095238095238095
0.2636363636363636
0.45
0.14625
0.40238095238095234
0.3641304347826087
0.20789473684210527
0.23684210526315788
0.37799999999999995
0.2777777777777778
0.254
0.33088235294117646
0.2453125
0.26666666666666666
0.1607758620689655
0.29583333333333334
0.4351851851851852
0.27878787878787875
0.325
0.412
0.3815789473684211
0.14285714285714285
0.20813953488372092
0.48269230769230764
0.31020408163265306
0.2980769230769231
0.22321428571428573
0.354
0.3897058823529412
0.25795454545454544
0.23717948717948717
0.299
0.30952380952380953
0.22236842105263155
0.3125
0.22992957746478876
0.6423076923076922
0.3201754385964912
0.11666666666666667
0.275
0.23281249999999998
0.4
0.41714285714285715
0.28035714285714286
0.2
0.4175
0.22443181818181818
0.07142857142857142
0.16515151515151513
0.4166666666666667
0.183
0.265
0.375
0.3055555555555556
0.31969696969696965
0.38333333333333336
0.6958333333333333
0.28703703703703703
0.24147727272727273
0.14473684210526316
0.4322916666666667
0.184
0.30952380952380953
0.20999999999999996
0.27307692307692305
0.3269230769230769
0.2961538461538461
0.225
0.36
0.3942307692307692
0.42037037037037034
0.284375
0.2702702702702703
0.34130434782608693
0.2520833333333333
0.3392857142857143
0.465625
0.2533333333333333
0.30714285714285716
0.47
0.2129032258064516
0.3547169811320755
0.2866666666666667
0.8125
0.20092592592592592
0.11029411764705882
0.2760869565217391
0.28928571428571426
0.43
0.21875
0.25892857142857145
0.43142857142857144
0.2725806451612903
0.20999999999999996
0.3815789473684211
0.35714285714285715
0.39999999999999997
0.675
0.3675
0.3055555555555556
0.24318181818181817
0.2852941176470588
0.32999999999999996
0.2887096774193548
0.2375
0.4863636363636364
0.20625
0.33076923076923076
0.32222222222222224
0.3684210526315789
0.4
0.16999999999999998
0.327027027027027
0.27910447761194035
0.375
0.2976190476190476
0.10465116279069768
0.18181818181818182
0.32211538461538464
0.3875
0.4051724137931034
0.34130434782608693
0.3595238095238095
0.3222222222222222
0.3692307692307692
0.1936619718309859
0.1723684210526316
0.36764705882352944
0.3125
0.3293478260869565
0.4148148148148148
0.39285714285714285
0.3093023255813953
0.4115384615384615
0.38181818181818183
0.5861111111111111
0.28774509803921566
0.10714285714285714
0.20875
0.23098591549295772
0.5125
0.22697368421052633
0.4107142857142857
0.24565217391304353
0.2111111111111111
0.32083333333333336
0.22788461538461538
0.23374999999999999
0.275
0.3144736842105263
0.3976190476190476
0.42205882352941176
0.19242424242424241
0.32685185185185184
0.11842105263157894
0.6111111111111112
0.4125
0.34285714285714286
0.3597222222222222
0.4083333333333333
0.6388888888888888
0.21749999999999997
0.3522727272727273
0.24659090909090908
0.35277777777777775
0.27375
0.2857142857142857
0.2697674418604651
0.33981481481481485
0.42592592592592593
0.3828125
0.23095238095238094
0.41875
0.4233333333333333
0.3474358974358974
0.20615942028985507
1.1546875
0.5208333333333334
0.29583333333333334
0.3778846153846154
0.38235294117647056
0.31484375
0.14695945945945946
0.3879310344827586
0.23421052631578942
0.4411764705882353
0.23214285714285715
0.32916666666666666
0.2238372093023256
0.2782051282051282
0.34868421052631576
0.1631578947368421
0.18653846153846151
0.36764705882352944
0.313425925925926
0.4102941176470588
0.2707317073170732
0.375
0.3783333333333333
0.2013392857142857
0.32195121951219513
0.2894736842105263
0.6423076923076922
0.31463414634146336
0.37
0.2727272727272727
0.34523809523809523
0.16346153846153846
0.31341463414634146
0.2891891891891892
0.26691176470588235
0.40625
0.3875
0.18181818181818182
0.38199999999999995
0.006944444444444444
0.3263888888888889
0.4166666666666667
0.2958333333333333
0.32083333333333336
0.4732142857142857
0.13125
0.30925925925925923
0.28703703703703703
0.32142857142857145
0.4325
0.18269230769230768
0.3269230769230769
0.32222222222222224
0.32500000000000007
0.19791666666666666
0.24880952380952379
0.2928571428571428
0.03787878787878788
0.3358695652173913
0.3847826086956522
0.3795454545454545
0.0
0.28181818181818186
0.4
0.23048780487804876
0.36363636363636365
0.263013698630137
0.25875
0.3375
0.3822222222222222
0.3177966101694915
0.6111111111111112
0.3071428571428571
0.325
0.30833333333333335
0.15
0.33399999999999996
0.2222222222222222
0.412
0.34629629629629627
0.3258620689655172
0.14423076923076922
0.2887096774193548
0.18518518518518517
0.25
0.38
0.2793103448275862
0.28617021276595744
0.34051724137931033
0.2619047619047619
0.027777777777777776
0.3854166666666667
0.11538461538461539
0.45
0.254
0.27156862745098037
0.23701923076923076
0.34545454545454546
0.3692307692307692
0.24387755102040815
0.2869318181818182
0.19230769230769232
0.33695652173913043
0.22142857142857145
0.29264705882352937
0.18055555555555555
0.43906249999999997
0.38333333333333336
0.1541095890410959
0.18262711864406778
0.4269230769230769
0.2326086956521739
0.4166666666666667
0.2797297297297297
0.37857142857142856
0.24285714285714285
0.5816666666666667
0.39565217391304347
0.3308510638297872
0.13953488372093023
0.23888888888888887
0.2833333333333333
0.31976744186046513
0.22569444444444445
0.34736842105263155
0.25925925925925924
0.4666666666666667
0.15916666666666665
0.2982142857142857
0.359375
0.46
0.375
0.3422413793103449
0.24642857142857144
0.3888888888888889
0.35462962962962963
0.42857142857142855
0.20967741935483872
0.425
0.2
0.41964285714285715
0.07142857142857142
0.34696969696969693
0.24857142857142855
0.2976190476190476
0.21190476190476187
0.269811320754717
0.09210526315789473
0.4789473684210526
0.3235294117647059
0.44642857142857145
0.35
0.2976190476190476
0.3
0.4175
0.3299019607843137
0.3630434782608695
0.41086956521739126
0.3333333333333333
1.1672413793103449
0.14285714285714285
0.25555555555555554
0.25232558139534883
0.36363636363636365
0.22777777777777775
0.28289473684210525
0.264
0.34629629629629627
0.10526315789473684
0.0
0.23484848484848486
0.525
0.3055555555555556
0.0
0.1346153846153846
0.31153846153846154
0.25918367346938775
0.4117647058823529
0.39199999999999996
0.15
0.388235294117647
0.4
0.3302325581395349
0.0
0.33695652173913043
0.40399999999999997
0.296551724137931
0.24710144927536237
0.3125
0.3055555555555556
0.3333333333333333
0.0
0.3396551724137931
0.375
