0.5897435897435898
0.7619047619047619
0.5604395604395604
0.9555555555555556
0.41904761904761906
0.32954545454545453
0.5906040268456376
0.7904761904761904
0.7064220183486238
0.5221238938053098
0.6503496503496503
0.96875
0.8846153846153846
0.9426751592356688
0.8194444444444444
0.7021276595744681
0.5352112676056338
0.6224489795918368
0.6
0.8494623655913979
0.7403846153846154
0.47761194029850745
0.5588235294117647
0.44086021505376344
0.41025641025641024
0.9705882352941176
0.8738738738738738
0.6293103448275862
0.859504132231405
0.5679012345679012
0.8125
0.5166666666666667
0.5573770491803278
0.8263888888888888
0.7865168539325843
0.4909090909090909
0.6329113924050633
0.6428571428571429
0.8142857142857143
0.7349397590361446
0.8064516129032258
0.3333333333333333
0.75
0.6642857142857143
0.5904761904761905
0.5454545454545454
0.6689655172413793
0.6697247706422018
0.7152777777777778
0.8273809523809523
0.6756756756756757
0.8717948717948718
0.6137931034482759
0.5813953488372093
0.632
0.5321100917431193
0.6666666666666666
0.5555555555555556
0.5512820512820513
0.5906040268456376
0.7515527950310559
0.6929824561403509
0.7843137254901961
0.6716417910447762
0.371900826446281
0.8860759493670886
0.8727272727272727
0.6371681415929203
0.6815642458100558
0.8226950354609929
0.8527131782945736
0.7073170731707317
0.5874125874125874
0.8125
0.6547619047619048
0.7777777777777778
0.7988165680473372
0.6097560975609756
0.6610169491525424
0.6344086021505376
0.7244897959183674
0.5903614457831325
0.6981132075471698
0.5679012345679012
0.9787234042553191
0.6120689655172413
0.7868852459016393
0.5188679245283019
0.6540880503144654
0.7261904761904762
0.8515625
0.688622754491018
0.7558139534883721
0.6923076923076923
0.5471698113207547
0.7043478260869566
0.6973684210526315
0.6862745098039216
0.6822429906542056
0.8943661971830986
0.5178571428571429
0.5
0.5135135135135135
0.5517241379310345
0.8416666666666667
0.5522388059701493
0.5775862068965517
0.8472222222222222
0.5673758865248227
0.8807339449541285
0.9407894736842105
0.6521739130434783
0.5520833333333334
0.5538461538461539
0.5345911949685535
0.7868852459016393
0.8148148148148148
0.62
0.6075949367088608
0.5692307692307692
0.4523809523809524
0.7857142857142857
0.45
0.559322033898305
0.673469387755102
0.6231884057971014
0.8333333333333334
0.7349397590361446
0.8355263157894737
0.4827586206896552
0.611764705882353
0.6833333333333333
0.7878787878787878
0.9226190476190477
0.6923076923076923
0.5384615384615384
0.5271317829457365
0.4943181818181818
0.8043478260869565
0.8407079646017699
0.4672897196261682
0.5119047619047619
0.615819209039548
0.8133333333333334
0.6774193548387096
0.45528455284552843
0.8590604026845637
0.7411764705882353
0.736
0.6814159292035398
0.8690476190476191
0.6242424242424243
0.7602739726027398
0.9659863945578231
0.6551724137931034
0.5
0.6533333333333333
0.5256410256410257
0.5833333333333334
0.578125
0.6276595744680851
0.6274509803921569
0.5267857142857143
0.6709677419354839
0.5
0.6470588235294118
0.5849056603773585
0.6506024096385542
0.6823529411764706
0.6854838709677419
0.8828125
0.4036697247706422
0.5229357798165137
0.5797101449275363
0.6039603960396039
0.40860215053763443
0.6981132075471698
0.8083832335329342
0.4485294117647059
0.8617021276595744
0.6235294117647059
0.4244604316546763
0.5974025974025974
0.7804878048780488
0.4827586206896552
0.7450980392156863
0.6196319018404908
0.625
0.3979591836734694
0.5511811023622047
0.5851063829787234
0.7532467532467533
0.5892857142857143
0.5779816513761468
0.6301369863013698
0.6428571428571429
0.9492753623188406
0.627906976744186
0.8
0.6086956521739131
0.6746031746031746
0.8823529411764706
0.5342465753424658
0.6301369863013698
0.40540540540540543
0.4567901234567901
0.7516778523489933
0.7916666666666666
0.5945945945945946
0.822429906542056
0.6901408450704225
0.5333333333333333
0.7051282051282052
0.7454545454545455
0.53125
0.9024390243902439
0.7096774193548387
0.6824324324324325
0.925531914893617
0.8412698412698413
0.7435897435897436
0.7875
0.6744186046511628
0.5862068965517241
0.8333333333333334
0.75
0.9140625
0.7151515151515152
0.47863247863247865
0.8446601941747572
0.5528455284552846
0.8129496402877698
0.64
0.7441860465116279
0.7222222222222222
0.5
0.5185185185185185
0.9933333333333333
0.6354166666666666
0.8604651162790697
0.7159090909090909
0.5045871559633027
0.6037735849056604
0.7422680412371134
0.68
0.6842105263157895
0.6637931034482759
0.5588235294117647
0.5357142857142857
0.7521367521367521
0.7808219178082192
0.9542857142857143
0.75
0.4431818181818182
0.9186991869918699
0.6225165562913907
0.8648648648648649
0.5258215962441315
0.6012269938650306
0.7614678899082569
0.6962025316455697
0.7227722772277227
0.6106194690265486
0.6226415094339622
0.5316455696202531
0.9453125
0.628099173553719
0.7355371900826446
0.6078431372549019
0.8314606741573034
0.5324675324675324
0.7797619047619048
0.3225806451612903
0.6694214876033058
0.7692307692307693
0.6206896551724138
0.8314606741573034
0.576271186440678
0.652542372881356
0.3644067796610169
0.6392405063291139
0.7459016393442623
0.6031746031746031
0.43956043956043955
0.963302752293578
0.6551724137931034
0.65
0.6814159292035398
0.7482014388489209
0.6796875
0.75
0.7777777777777778
0.5
0.5128205128205128
0.7358490566037735
0.9611650485436893
0.7142857142857143
0.8539325842696629
0.5494505494505495
0.7733333333333333
0.803030303030303
0.5088757396449705
0.5882352941176471
0.5465116279069767
0.42857142857142855
0.7948717948717948
0.788135593220339
0.7176470588235294
0.9302325581395349
0.64
0.9022556390977443
0.7019867549668874
0.6243093922651933
0.5443037974683544
0.5042016806722689
0.7130434782608696
0.7547169811320755
0.9848484848484849
0.5411764705882353
0.7551020408163265
0.6153846153846154
0.591304347826087
0.9603960396039604
0.5772357723577236
0.7959183673469388
0.6049382716049383
0.4065934065934066
0.5448275862068965
0.49640287769784175
0.5096153846153846
0.6942148760330579
0.5789473684210527
0.5159235668789809
0.5555555555555556
0.6111111111111112
0.5333333333333333
0.4666666666666667
0.6981132075471698
0.65625
0.5656565656565656
0.8783783783783784
0.6385542168674698
0.5865384615384616
0.41304347826086957
0.49137931034482757
0.5609756097560976
0.5522388059701493
0.6136363636363636
0.6074766355140186
0.72
0.7362637362637363
0.4537037037037037
0.6714285714285714
0.7934782608695652
0.45045045045045046
0.6048387096774194
0.7117117117117117
0.7034482758620689
0.810126582278481
0.7588235294117647
0.5888888888888889
0.7682926829268293
0.6320754716981132
0.6845637583892618
0.5416666666666666
0.512396694214876
0.7078651685393258
0.6464646464646465
0.6477272727272727
0.6951219512195121
0.8791208791208791
0.90625
0.5522388059701493
0.7832167832167832
0.574468085106383
0.9823008849557522
0.5357142857142857
0.84375
0.6290322580645161
0.5843373493975904
0.6730769230769231
0.47435897435897434
0.449438202247191
0.609375
0.743801652892562
0.44594594594594594
0.5
0.7473684210526316
0.9795918367346939
0.5371900826446281
0.59375
0.6754385964912281
0.6428571428571429
0.53
0.6196319018404908
0.6911764705882353
0.6551724137931034
0.2962962962962963
0.7238805970149254
0.6258503401360545
0.7011494252873564
0.5402298850574713
0.44554455445544555
0.6625
0.6153846153846154
0.6341463414634146
0.5405405405405406
0.47674418604651164
0.6451612903225806
0.7454545454545455
0.9285714285714286
0.6142857142857143
0.8759124087591241
0.6477272727272727
0.6764705882352942
0.5245901639344263
0.6666666666666666
0.873015873015873
0.4838709677419355
0.7453416149068323
0.7361111111111112
0.4270833333333333
0.578125
0.6203703703703703
0.8734939759036144
0.9809523809523809
0.6379310344827587
0.5806451612903226
0.6296296296296297
0.5483870967741935
0.7443181818181818
0.9019607843137255
0.5125
0.7426900584795322
0.664
0.8867924528301887
0.6576576576576577
0.7154471544715447
0.5815602836879432
0.7142857142857143
0.6022099447513812
0.8297872340425532
0.9919354838709677
0.6956521739130435
0.8142857142857143
0.5764705882352941
0.6417910447761194
0.4536082474226804
0.5862068965517241
0.6713286713286714
0.8535031847133758
0.8231292517006803
0.5
0.6855345911949685
0.4805194805194805
0.8292682926829268
0.7555555555555555
0.7395833333333334
0.582089552238806
0.8977272727272727
0.5775862068965517
0.5634920634920635
0.7951807228915663
0.8208955223880597
0.42857142857142855
0.7160493827160493
0.4583333333333333
0.7819548872180451
0.8064516129032258
0.7567567567567568
0.7087912087912088
0.5
0.5161290322580645
0.8552631578947368
0.8125
0.3978494623655914
0.7985074626865671
0.5353535353535354
0.7345132743362832
0.5625
0.5733333333333334
0.5272727272727272
0.4943820224719101
0.5869565217391305
0.6875
0.5964912280701754
0.9051094890510949
0.8509316770186336
0.6568627450980392
0.6206896551724138
0.5833333333333334
0.873015873015873
0.5630252100840336
0.6551724137931034
0.4931506849315068
0.5609756097560976
0.5978260869565217
0.7641509433962265
0.5903614457831325
0.44285714285714284
0.99
0.762962962962963
0.672566371681416
0.49504950495049505
0.875
0.9381443298969072
0.6036036036036037
0.7763157894736842
0.6517857142857143
0.691358024691358
0.5393258426966292
0.6617647058823529
0.5873015873015873
0.6415094339622641
0.7258064516129032
0.8311688311688312
0.6190476190476191
0.7575757575757576
0.8072289156626506
0.5194805194805194
0.5957446808510638
0.4634146341463415
0.62
0.48
0.9316239316239316
0.5076923076923077
0.625
0.5548387096774193
0.5076923076923077
0.48
0.3673469387755102
0.8309859154929577
0.7672413793103449
0.8051948051948052
0.5384615384615384
0.6404494382022472
0.7279411764705882
0.791907514450867
0.7535211267605634
0.7386363636363636
0.37735849056603776
0.5287356321839081
0.5454545454545454
0.6697247706422018
0.42857142857142855
0.5922330097087378
0.6981132075471698
0.4803921568627451
0.6125
0.6767676767676768
0.72
0.8943661971830986
0.8125
0.78
0.7523809523809524
0.6081081081081081
0.7244094488188977
0.7083333333333334
0.5390070921985816
0.574468085106383
0.8580246913580247
0.6793478260869565
0.4625
0.4329896907216495
0.7530864197530864
0.8153846153846154
0.7727272727272727
0.9225352112676056
0.5375722543352601
0.5842696629213483
0.7291666666666666
0.49193548387096775
0.631578947368421
0.6347826086956522
0.5909090909090909
0.6333333333333333
0.5813953488372093
0.7430555555555556
0.8246753246753247
0.9090909090909091
0.5714285714285714
0.562962962962963
0.44537815126050423
0.5546875
0.5797872340425532
0.6066666666666667
0.6333333333333333
0.7741935483870968
0.6101694915254238
0.53125
0.6702127659574468
0.5
0.5681818181818182
0.9621212121212122
0.5777777777777777
0.45652173913043476
0.6736842105263158
0.56
0.5930232558139535
0.7846153846153846
0.905511811023622
0.6666666666666666
0.5903614457831325
0.6470588235294118
0.7816901408450704
0.630057803468208
0.7704918032786885
0.62
0.8383838383838383
0.5543478260869565
0.4827586206896552
0.5735294117647058
0.9098360655737705
0.5658914728682171
0.6046511627906976
0.6060606060606061
0.6642335766423357
0.8188976377952756
0.6129032258064516
0.5053763440860215
0.7529411764705882
0.782608695652174
0.4367816091954023
0.7018633540372671
0.6571428571428571
0.5895522388059702
0.8390804597701149
0.7211538461538461
0.6435643564356436
0.8041237113402062
0.39814814814814814
0.4936708860759494
0.5444444444444444
0.9029850746268657
0.5363636363636364
0.4423076923076923
0.7191011235955056
0.6903225806451613
0.8035714285714286
0.6470588235294118
0.8164556962025317
0.4479166666666667
0.4230769230769231
0.4673913043478261
1.0
0.7
0.848
0.7142857142857143
0.6571428571428571
0.6818181818181818
0.5727272727272728
0.6568047337278107
0.48484848484848486
0.8105263157894737
0.6836734693877551
0.8421052631578947
0.896551724137931
0.8449197860962567
0.5747126436781609
0.8055555555555556
0.6262626262626263
0.7777777777777778
0.5636363636363636
0.7346938775510204
0.9081632653061225
0.5
0.6554621848739496
0.6554054054054054
0.8307692307692308
0.5644171779141104
0.7716535433070866
0.6470588235294118
0.8467153284671532
0.4787234042553192
0.6756756756756757
0.5813953488372093
0.8958333333333334
0.6179775280898876
0.655
0.8732394366197183
0.5543478260869565
0.6842105263157895
0.4772727272727273
0.5454545454545454
0.7807017543859649
0.56875
0.8344370860927153
0.6173913043478261
0.7037037037037037
0.6111111111111112
0.9900990099009901
0.42045454545454547
0.5290322580645161
0.6794871794871795
0.47560975609756095
0.5384615384615384
0.84375
0.6979166666666666
0.5454545454545454
0.5764705882352941
0.5789473684210527
0.7976190476190477
0.8536585365853658
0.7070707070707071
0.5922330097087378
0.6643356643356644
0.5136986301369864
0.31343283582089554
0.6865671641791045
0.7468354430379747
0.6772151898734177
0.38235294117647056
0.8285714285714286
0.7192982456140351
0.78
0.5579710144927537
0.4827586206896552
0.8257575757575758
0.631578947368421
0.6199095022624435
0.7432432432432432
0.8656716417910447
0.5989010989010989
0.6611111111111111
0.9863013698630136
0.5625
0.61
0.94
0.5460526315789473
0.6626506024096386
0.577922077922078
0.6857142857142857
0.7513513513513513
0.6
0.7471264367816092
0.5804597701149425
0.8111888111888111
0.6949152542372882
0.5263157894736842
0.7956204379562044
0.5109489051094891
0.7058823529411765
0.8095238095238095
0.5086206896551724
0.717391304347826
0.4380952380952381
0.6666666666666666
0.5922330097087378
0.6349206349206349
0.5328467153284672
0.7692307692307693
0.8
0.8421052631578947
0.9024390243902439
0.8571428571428571
0.8888888888888888
0.8571428571428571
0.8846153846153846
0.8
0.7058823529411765
0.8421052631578947
0.8076923076923077
0.9
0.78125
0.896551724137931
0.9
0.8214285714285714
0.8076923076923077
0.8214285714285714
0.8461538461538461
0.8780487804878049
0.6666666666666666
0.9310344827586207
1.0
0.8235294117647058
0.75
0.9487179487179487
0.92
0.9583333333333334
0.8
0.7777777777777778
0.7777777777777778
0.7692307692307693
0.7777777777777778
0.8125
0.96875
0.7368421052631579
0.78
0.7857142857142857
0.9565217391304348
0.7857142857142857
0.7037037037037037
0.7407407407407407
0.76
0.76
0.7307692307692307
0.76
0.7307692307692307
0.76
0.76
1.0
0.7666666666666667
0.7560975609756098
0.7884615384615384
0.8
0.7307692307692307
0.782608695652174
0.7307692307692307
0.8
0.7272727272727273
0.6896551724137931
0.8125
0.7647058823529411
0.7666666666666667
0.6923076923076923
0.7692307692307693
0.6785714285714286
0.9523809523809523
1.0
0.7142857142857143
0.7878787878787878
0.7647058823529411
0.7586206896551724
0.9166666666666666
0.7307692307692307
0.7083333333333334
1.0
0.696969696969697
0.8888888888888888
0.6896551724137931
0.7894736842105263
0.8888888888888888
0.7941176470588235
0.7916666666666666
0.725
0.95
0.7222222222222222
0.7391304347826086
0.7142857142857143
0.75
0.7777777777777778
0.75
0.75
0.75
0.717948717948718
0.9166666666666666
0.7857142857142857
0.7692307692307693
0.7692307692307693
0.7209302325581395
0.7
0.7894736842105263
0.7105263157894737
0.7878787878787878
0.6538461538461539
0.6551724137931034
0.7407407407407407
0.7037037037037037
0.6428571428571429
0.75
0.6666666666666666
0.6808510638297872
0.75
0.7105263157894737
0.7741935483870968
0.8333333333333334
0.8484848484848485
0.9545454545454546
0.717391304347826
0.72
0.7647058823529411
0.7647058823529411
0.7647058823529411
0.7647058823529411
0.7647058823529411
0.7647058823529411
0.7647058823529411
0.6666666666666666
0.75
0.75
0.75
0.75
0.9375
0.7045454545454546
0.7741935483870968
1.0
0.7391304347826086
0.68
0.6956521739130435
0.5714285714285714
0.6071428571428571
0.6785714285714286
0.7037037037037037
0.7333333333333333
0.6571428571428571
0.7
0.9615384615384616
0.6857142857142857
0.9230769230769231
0.6578947368421053
0.7586206896551724
0.7619047619047619
0.7647058823529411
0.6
0.6111111111111112
0.725
0.7391304347826086
0.72
0.6923076923076923
0.625
0.625
0.75
0.7916666666666666
0.7407407407407407
0.6785714285714286
0.7037037037037037
0.7037037037037037
0.8846153846153846
0.7586206896551724
0.6785714285714286
0.6486486486486487
0.6666666666666666
0.875
0.7317073170731707
0.7288135593220338
0.75
0.7777777777777778
0.7222222222222222
0.75
0.75
0.68
0.6451612903225806
0.68
0.6538461538461539
0.7307692307692307
0.7272727272727273
0.7222222222222222
0.7647058823529411
0.7619047619047619
0.7647058823529411
0.6470588235294118
0.9655172413793104
0.6363636363636364
0.75
0.6774193548387096
0.84
0.6
0.6785714285714286
0.6206896551724138
0.6
0.7647058823529411
0.6666666666666666
0.7241379310344828
0.9705882352941176
0.8636363636363636
0.7692307692307693
0.6296296296296297
0.8064516129032258
0.6153846153846154
0.7894736842105263
0.8064516129032258
0.6486486486486487
0.6538461538461539
0.6785714285714286
0.6785714285714286
0.5833333333333334
0.6842105263157895
0.6333333333333333
0.6857142857142857
0.6296296296296297
0.65
0.6458333333333334
0.7777777777777778
0.8
0.7619047619047619
0.7666666666666667
0.7
0.6857142857142857
0.6785714285714286
0.6551724137931034
0.7037037037037037
0.59375
0.6296296296296297
0.6296296296296297
0.5555555555555556
0.7241379310344828
0.6666666666666666
0.6666666666666666
0.5862068965517241
0.6060606060606061
0.5853658536585366
0.6410256410256411
0.7674418604651163
0.7111111111111111
0.7692307692307693
0.6538461538461539
0.68
0.6875
0.6470588235294118
0.6486486486486487
0.6956521739130435
0.6545454545454545
0.625
0.6428571428571429
0.7241379310344828
0.7307692307692307
0.5151515151515151
0.6206896551724138
0.7391304347826086
0.7380952380952381
0.8
0.9615384615384616
0.75
0.6363636363636364
0.6071428571428571
0.6296296296296297
0.5769230769230769
0.5769230769230769
0.8
0.5517241379310345
0.7741935483870968
0.6923076923076923
0.6071428571428571
0.5806451612903226
0.7692307692307693
0.5172413793103449
0.6470588235294118
0.6363636363636364
0.5769230769230769
0.6041666666666666
0.5737704918032787
0.6
0.6060606060606061
0.59375
0.5526315789473685
0.6363636363636364
0.7435897435897436
0.4583333333333333
0.7894736842105263
0.68
0.6071428571428571
0.68
0.48148148148148145
0.4838709677419355
0.7
0.967741935483871
0.7391304347826086
0.782608695652174
0.5263157894736842
0.48
0.5357142857142857
0.8
0.5945945945945946
0.6896551724137931
0.5897435897435898
0.5142857142857142
0.6785714285714286
0.5
0.6296296296296297
0.5172413793103449
0.5333333333333333
0.5333333333333333
0.7894736842105263
0.75
0.5277777777777778
0.6216216216216216
0.6296296296296297
0.675
0.6388888888888888
0.56
0.5833333333333334
0.75
0.48484848484848486
0.4864864864864865
0.5652173913043478
0.6470588235294118
0.5
0.6071428571428571
0.6956521739130435
0.625
0.4444444444444444
0.5714285714285714
0.59375
0.5588235294117647
0.5555555555555556
0.6923076923076923
0.8235294117647058
0.6944444444444444
0.7777777777777778
0.5185185185185185
0.5555555555555556
0.5714285714285714
0.5357142857142857
0.6470588235294118
0.9615384615384616
0.8125
0.6
0.5483870967741935
0.5909090909090909
0.5384615384615384
0.7894736842105263
0.5526315789473685
0.5238095238095238
0.5416666666666666
0.5416666666666666
0.625
0.5185185185185185
0.6190476190476191
0.40625
0.5686274509803921
0.8214285714285714
0.6486486486486487
0.5714285714285714
0.4642857142857143
0.6
0.48
0.47058823529411764
0.5294117647058824
0.5
0.5
0.46153846153846156
0.625
0.4482758620689655
0.5294117647058824
0.46875
0.45454545454545453
0.48484848484848486
0.4838709677419355
0.41379310344827586
0.5172413793103449
0.5185185185185185
0.6842105263157895
0.7037037037037037
0.4838709677419355
0.5357142857142857
0.5217391304347826
0.8333333333333334
0.47368421052631576
0.5714285714285714
0.8157894736842105
0.5769230769230769
0.5185185185185185
0.6818181818181818
0.95
0.5172413793103449
0.5483870967741935
0.42857142857142855
0.6785714285714286
0.7666666666666667
0.5789473684210527
0.5714285714285714
0.78125
0.5131578947368421
0.36363636363636365
0.5185185185185185
0.5777777777777777
0.5555555555555556
0.6296296296296297
0.75
0.72
0.6153846153846154
0.6341463414634146
0.5348837209302325
0.7727272727272727
0.43902439024390244
0.5925925925925926
0.6451612903225806
0.4411764705882353
0.46153846153846156
0.5769230769230769
0.5652173913043478
0.6896551724137931
0.6
0.7894736842105263
0.4074074074074074
0.5517241379310345
0.48
0.4583333333333333
0.5
0.48863636363636365
0.7575757575757576
0.4772727272727273
0.8214285714285714
0.5666666666666667
0.5135135135135135
0.575
0.6097560975609756
0.5365853658536586
0.45714285714285713
0.6666666666666666
0.75
0.6206896551724138
0.5333333333333333
0.38461538461538464
0.625
0.36363636363636365
0.48148148148148145
0.4482758620689655
0.5384615384615384
0.46153846153846156
0.5
0.5531914893617021
0.6190476190476191
0.5652173913043478
0.6571428571428571
0.8
0.4
0.5588235294117647
0.6923076923076923
0.5357142857142857
0.5161290322580645
0.6216216216216216
0.3939393939393939
0.6538461538461539
0.5
0.6
0.6111111111111112
0.4642857142857143
0.4444444444444444
0.52
0.5
0.45714285714285713
0.4482758620689655
0.5777777777777777
0.45454545454545453
0.8461538461538461
0.4482758620689655
0.40540540540540543
0.45161290322580644
0.6875
0.4393939393939394
0.43243243243243246
0.5925925925925926
0.41379310344827586
0.4489795918367347
0.7391304347826086
0.5714285714285714
0.4444444444444444
0.40350877192982454
0.6086956521739131
0.3870967741935484
0.37037037037037035
0.5306122448979592
0.28
0.3333333333333333
0.4523809523809524
0.46
0.49523809523809526
0.5714285714285714
0.375
0.52
0.7368421052631579
0.6410256410256411
0.5882352941176471
0.42857142857142855
0.4838709677419355
0.43478260869565216
0.46511627906976744
0.5454545454545454
0.42857142857142855
0.4074074074074074
0.5172413793103449
0.7037037037037037
0.4838709677419355
0.6764705882352942
0.46153846153846156
0.5486725663716814
0.43478260869565216
0.56
0.36666666666666664
0.44
0.34146341463414637
0.375
0.6
0.5526315789473685
0.4146341463414634
0.425
0.6857142857142857
0.6
0.41304347826086957
0.4444444444444444
0.3333333333333333
0.35135135135135137
0.5294117647058824
0.53125
0.5172413793103449
0.3939393939393939
0.27586206896551724
0.4418604651162791
0.47619047619047616
0.358974358974359
0.6842105263157895
0.45
0.4583333333333333
0.5652173913043478
0.2916666666666667
0.40816326530612246
0.47058823529411764
0.4897959183673469
0.3793103448275862
0.39285714285714285
0.425
0.56
0.4074074074074074
0.6923076923076923
0.4666666666666667
0.41025641025641024
0.3
0.45454545454545453
0.46153846153846156
0.5416666666666666
0.4
0.36538461538461536
0.5208333333333334
0.30303030303030304
0.32142857142857145
0.3269230769230769
0.47058823529411764
0.6764705882352942
0.5714285714285714
0.5714285714285714
0.4482758620689655
0.41935483870967744
0.35714285714285715
0.375
0.38461538461538464
0.6097560975609756
0.88
0.5
0.4358974358974359
0.5172413793103449
0.35
0.34146341463414637
0.5142857142857142
0.6
0.7777777777777778
0.4423076923076923
0.46875
0.3793103448275862
0.42
0.3333333333333333
0.34328358208955223
0.46153846153846156
0.3142857142857143
0.2413793103448276
0.40540540540540543
0.35714285714285715
0.6285714285714286
0.6052631578947368
0.5161290322580645
0.25806451612903225
0.4074074074074074
0.34782608695652173
0.34782608695652173
0.5789473684210527
0.43478260869565216
0.34210526315789475
0.30952380952380953
0.325
0.2926829268292683
0.36666666666666664
0.48148148148148145
0.3793103448275862
0.4482758620689655
0.30303030303030304
0.3103448275862069
0.43333333333333335
0.37037037037037035
0.34615384615384615
0.6046511627906976
0.20689655172413793
0.8928571428571429
0.18421052631578946
0.3888888888888889
0.25
0.6
0.3333333333333333
0.35135135135135137
0.2857142857142857
0.6538461538461539
0.6666666666666666
0.36363636363636365
0.43333333333333335
0.22857142857142856
0.36666666666666664
0.2857142857142857
0.5806451612903226
0.23684210526315788
0.2413793103448276
0.28125
0.34782608695652173
0.5476190476190477
0.2222222222222222
0.3076923076923077
0.625
0.2962962962962963
0.4827586206896552
0.3333333333333333
0.4166666666666667
0.45454545454545453
0.48
0.34615384615384615
0.7777777777777778
0.52
0.3333333333333333
0.3225806451612903
0.2413793103448276
0.55
0.25
0.34782608695652173
0.3076923076923077
0.34375
0.4
0.484375
0.42424242424242425
0.3333333333333333
0.4473684210526316
0.2564102564102564
0.41935483870967744
0.4
0.5833333333333334
0.4642857142857143
0.3333333333333333
0.6
0.3953488372093023
0.7878787878787878
0.17142857142857143
0.2727272727272727
0.3793103448275862
0.3870967741935484
0.5416666666666666
0.36363636363636365
0.30158730158730157
0.5294117647058824
0.26
0.38636363636363635
0.26666666666666666
0.26666666666666666
0.2857142857142857
0.2222222222222222
0.24489795918367346
0.21951219512195122
0.48148148148148145
0.6129032258064516
0.4444444444444444
0.3548387096774194
0.3793103448275862
0.35
0.5
0.35714285714285715
0.5277777777777778
0.45652173913043476
0.2777777777777778
0.43333333333333335
0.34615384615384615
0.6428571428571429
0.375
0.2222222222222222
0.3
0.25
0.42857142857142855
0.29545454545454547
0.2702702702702703
0.39285714285714285
0.3142857142857143
0.3333333333333333
0.2608695652173913
0.2916666666666667
0.24489795918367346
0.6666666666666666
0.35714285714285715
0.32
0.6842105263157895
0.11904761904761904
0.44
0.27906976744186046
0.32432432432432434
0.42857142857142855
0.35714285714285715
0.2653061224489796
0.5185185185185185
0.35714285714285715
0.23076923076923078
0.20754716981132076
0.2222222222222222
0.07547169811320754
0.313953488372093
0.2916666666666667
0.2916666666666667
0.5517241379310345
0.2
0.3333333333333333
0.20588235294117646
0.3333333333333333
0.14814814814814814
0.0
0.25
0.19230769230769232
0.24
0.375
0.7210526315789474
0.7289719626168224
0.7194244604316546
0.9051724137931034
0.564748201438849
0.8362068965517241
0.6108597285067874
0.44339622641509435
0.6232558139534884
0.8797250859106529
0.6698113207547169
0.6220472440944882
1.0
0.9101796407185628
0.5855855855855856
0.6442307692307693
0.45985401459854014
0.8130081300813008
0.7280334728033473
0.574468085106383
0.665158371040724
0.48031496062992124
0.8409090909090909
0.5225225225225225
0.7464788732394366
0.5181159420289855
0.30952380952380953
0.46408839779005523
0.7904191616766467
0.5739130434782609
0.6749116607773852
0.6153846153846154
0.6564885496183206
0.5886524822695035
0.6805555555555556
0.5984251968503937
0.5613207547169812
0.786046511627907
0.5504807692307693
0.7675544794188862
0.6527777777777778
0.7124183006535948
1.0
0.5216346153846154
0.6713615023474179
0.5643564356435643
1.0
0.55
0.8571428571428571
0.676056338028169
0.7788461538461539
0.7886178861788617
0.7985074626865671
0.75
0.5202702702702703
0.8571428571428571
0.6486486486486487
0.34408602150537637
0.5660377358490566
0.819672131147541
0.7752808988764045
0.8157894736842105
0.8130841121495327
0.738562091503268
0.8833333333333333
0.7590361445783133
0.7259615384615384
0.5849056603773585
0.6435643564356436
0.7792642140468228
0.7317073170731707
0.6713615023474179
0.6890459363957597
0.4603960396039604
0.6528301886792452
0.6908396946564885
0.47761194029850745
0.5608108108108109
0.6923076923076923
0.8194444444444444
0.7192118226600985
0.7028301886792453
0.6603053435114504
0.71900826446281
0.5971223021582733
0.903954802259887
0.6051282051282051
0.46236559139784944
0.65
0.7813953488372093
0.6733668341708543
0.8157894736842105
0.4418604651162791
0.7211538461538461
0.5247524752475248
1.0
0.8256880733944955
0.6338028169014085
1.0
0.8209876543209876
0.7587939698492462
0.6540284360189573
0.6492890995260664
0.7553956834532374
0.9221556886227545
1.0
0.6141732283464567
0.5260115606936416
0.7530266343825666
0.786096256684492
0.5652173913043478
0.5338983050847458
0.6526315789473685
0.7611940298507462
0.7741935483870968
0.49645390070921985
0.6726190476190477
0.4946236559139785
0.7266187050359713
0.3739130434782609
0.07142857142857142
0.52
0.7049180327868853
0.45544554455445546
0.786046511627907
0.43564356435643564
0.6456692913385826
0.7290076335877863
0.75
0.5319148936170213
0.6175298804780877
0.743801652892562
0.56
0.5319148936170213
0.6576923076923077
0.5217391304347826
0.5177304964539007
0.7136150234741784
0.5288461538461539
0.6102564102564103
0.8083333333333333
0.6509433962264151
0.5905511811023622
0.5776892430278885
0.7368421052631579
0.8700564971751412
0.5625
0.9148936170212766
0.7706093189964157
0.5153846153846153
0.7664670658682635
0.0
0.673202614379085
0.9468085106382979
0.691566265060241
0.7165354330708661
0.6470588235294118
1.0
0.7869249394673123
0.44881889763779526
0.6728971962616822
0.6
0.956989247311828
0.7604790419161677
0.5739130434782609
0.4927536231884058
0.2894736842105263
0.6132075471698113
0.7967914438502673
0.5876777251184834
0.4306569343065693
0.0
0.7615894039735099
0.7590361445783133
0.8543046357615894
0.782608695652174
0.3722627737226277
0.43564356435643564
0.6614173228346457
0.9042553191489362
0.7067307692307693
0.8070175438596491
0.6242774566473989
0.981651376146789
0.5876288659793815
0.4915254237288136
0.7688172043010753
0.8532110091743119
0.5984251968503937
0.5826086956521739
0.45544554455445546
0.6037735849056604
0.8333333333333334
0.5846645367412141
0.7123745819397993
0.7884615384615384
0.8723404255319149
0.675
0.7763713080168776
0.6454183266932271
0.5254237288135594
0.40145985401459855
0.3709677419354839
0.6635514018691588
0.9655172413793104
0.8072916666666666
0.825
0.8712121212121212
0.56353591160221
0.5148514851485149
0.42105263157894735
0.8833333333333333
0.8571428571428571
0.7013888888888888
0.5721153846153846
0.903954802259887
0.7710843373493976
0.52
0.6
0.7022900763358778
0.5263157894736842
0.6792452830188679
0.635036496350365
0.56
0.6141732283464567
0.7951807228915663
0.7581395348837209
1.0
0.8323353293413174
0.6716417910447762
0.5652173913043478
0.9468085106382979
0.5074626865671642
0.7562724014336918
0.559322033898305
0.4827586206896552
0.0
0.8694158075601375
0.7806451612903226
0.8076923076923077
0.981651376146789
0.6870229007633588
0.7284768211920529
0.5288461538461539
0.549520766773163
0.8641975308641975
0.9482758620689655
0.7813953488372093
0.6881720430107527
0.9278846153846154
0.6017699115044248
0.7615894039735099
0.7396226415094339
0.7890295358649789
0.6456692913385826
1.0
0.6206896551724138
0.8571428571428571
0.9310344827586207
0.9174311926605505
0.7530864197530864
0.6041666666666666
0.7976190476190477
0.6115107913669064
0.6804733727810651
0.7336683417085427
0.851063829787234
0.7932489451476793
0.6425339366515838
0.3557692307692308
0.8548387096774194
0.5578947368421052
0.6627218934911243
0.6377952755905512
0.6914600550964187
0.673202614379085
0.6201117318435754
0.7058823529411765
0.6220472440944882
0.925
0.694560669456067
0.5323741007194245
0.6910569105691057
0.918918918918919
0.8333333333333334
0.8440366972477065
0.8173076923076923
0.7617021276595745
0.9516129032258065
0.5763888888888888
0.8926553672316384
0.47761194029850745
0.5865921787709497
0.6176470588235294
0.6384615384615384
0.0
0.9541284403669725
0.6722408026755853
0.611764705882353
0.8524590163934426
0.5390070921985816
0.4782608695652174
0.43859649122807015
0.6153846153846154
0.6590909090909091
0.9482758620689655
0.46
0.8811881188118812
0.6896551724137931
1.0
0.7491638795986622
0.75
0.4942528735632184
0.56353591160221
0.7559055118110236
0.7754010695187166
0.673202614379085
0.8275862068965517
0.6797385620915033
0.5901639344262295
0.7973856209150327
0.3763440860215054
0.9182692307692307
0.4972067039106145
0.47761194029850745
0.845679012345679
0.5912408759124088
0.7272727272727273
0.6069364161849711
0.5507246376811594
0.5675675675675675
0.6113207547169811
0.5315315315315315
0.734982332155477
0.0
0.16666666666666666
0.7115384615384616
0.7388059701492538
0.5528846153846154
0.32142857142857145
0.5359712230215827
0.5594059405940595
0.6730769230769231
0.732620320855615
0.5536723163841808
0.7909604519774012
0.7473684210526316
0.7276595744680852
0.36633663366336633
0.7611940298507462
0.6336633663366337
0.8907103825136612
0.56353591160221
0.8514851485148515
0.5120192307692307
0.7189542483660131
0.7692307692307693
0.9908256880733946
0.6685393258426966
0.7792642140468228
0.6525821596244131
0.5074626865671642
0.738562091503268
0.6758241758241759
0.7473684210526316
0.7210526315789474
0.5416666666666666
0.7956989247311828
0.35294117647058826
0.6771653543307087
0.7064220183486238
0.6916666666666667
0.672566371681416
0.45985401459854014
0.734982332155477
0.75
0.7417582417582418
0.6180555555555556
0.8694158075601375
0.6804733727810651
0.5524861878453039
0.8078817733990148
0.5216346153846154
0.6371681415929203
0.38613861386138615
0.9711538461538461
0.660377358490566
0.5663716814159292
0.6903765690376569
0.7419354838709677
0.7
0.6119402985074627
0.7440476190476191
0.6733668341708543
0.7706093189964157
0.5976331360946746
0.5
0.839572192513369
0.6627218934911243
0.7578692493946732
0.38095238095238093
0.5303514376996805
0.6826923076923077
0.8209876543209876
0.7142857142857143
0.7457627118644068
0.5594059405940595
0.8317757009345794
0.7482014388489209
0.7789473684210526
0.819672131147541
0.95
0.8548387096774194
0.56353591160221
0.7831325301204819
0.7741935483870968
0.5976095617529881
0.7612903225806451
0.8177339901477833
0.7288135593220338
0.23809523809523808
0.44525547445255476
0.7978142076502732
0.8620689655172413
0.4583333333333333
0.8130081300813008
0.5754716981132075
0.8073394495412844
0.8130841121495327
0.7741935483870968
0.5472972972972973
0.803030303030303
0.5826771653543307
0.6850393700787402
0.5529411764705883
0.7196652719665272
0.8333333333333334
0.5072463768115942
0.690566037735849
0.6375
0.42105263157894735
0.7013888888888888
0.7440476190476191
0.5655737704918032
0.6736111111111112
0.6778242677824268
0.6758241758241759
0.5714285714285714
0.7759197324414716
0.8548387096774194
0.7284768211920529
0.8130841121495327
0.7368421052631579
0.6762589928057554
0.7784431137724551
0.5
0.6648351648351648
0.7431192660550459
0.4158415841584158
0.5773195876288659
0.5139664804469274
0.7380952380952381
0.5391304347826087
0.7807017543859649
0.6821192052980133
0.7894736842105263
0.5565217391304348
0.7783251231527094
0.7595419847328244
0.5099009900990099
0.8297872340425532
0.5608108108108109
0.569811320754717
0.5411764705882353
0.7966101694915254
0.8865979381443299
0.5491329479768786
0.6466346153846154
0.6055776892430279
0.6509433962264151
0.9567307692307693
0.7916666666666666
0.5531914893617021
0.5912408759124088
0.5083798882681564
0.5876288659793815
0.6339622641509434
0.7647058823529411
0.5067567567567568
0.7518072289156627
0.8072289156626506
0.594059405940594
0.8613861386138614
0.6359832635983264
0.5833333333333334
0.4827586206896552
0.6398104265402843
0.5606060606060606
0.5346534653465347
0.35251798561151076
0.6269230769230769
0.925
0.7617021276595745
0.7520661157024794
0.5135135135135135
0.6236559139784946
0.5057471264367817
0.7457627118644068
0.78125
0.5671641791044776
0.7824427480916031
0.6525821596244131
0.825
0.6069364161849711
0.5154639175257731
0.5643564356435643
0.6910112359550562
0.6183206106870229
0.6826923076923077
0.5714285714285714
0.6216216216216216
0.7261904761904762
0.5769230769230769
0.7048192771084337
0.5238095238095238
0.6538461538461539
0.6095617529880478
0.7185929648241206
0.6039603960396039
0.6212765957446809
0.8316831683168316
0.7974683544303798
0.6820083682008368
0.7049180327868853
0.5742574257425742
0.8059071729957806
0.6516129032258065
0.6354679802955665
0.6416184971098265
0.738498789346247
0.0
0.391304347826087
0.7839506172839507
0.5954198473282443
0.5806451612903226
0.7980295566502463
0.7951807228915663
0.5418994413407822
0.8076923076923077
0.4423076923076923
0.925
0.5181159420289855
0.819672131147541
0.7319148936170212
0.7013574660633484
0.8620689655172413
0.8636363636363636
0.7619047619047619
0.769811320754717
0.5445544554455446
0.6075949367088608
0.559322033898305
0.7469879518072289
0.7319587628865979
0.5141509433962265
0.6881720430107527
0.4166666666666667
0.5545023696682464
0.5418994413407822
0.8055555555555556
0.6131386861313869
0.9166666666666666
0.6018957345971564
0.7078651685393258
0.7282051282051282
0.7796610169491526
0.5263157894736842
0.9137931034482759
0.6106194690265486
0.9538461538461539
0.6910112359550562
0.49171270718232046
0.6350710900473934
0.549520766773163
0.4421052631578947
0.9166666666666666
0.6176470588235294
0.6808510638297872
0.4811320754716981
0.7540983606557377
0.6862745098039216
0.6797385620915033
0.6415094339622641
0.5985576923076923
0.762589928057554
0.7763713080168776
0.7089552238805971
0.9705882352941176
0.7954545454545454
0.7722772277227723
0.5360824742268041
1.0
0.7163461538461539
0.38613861386138615
0.6884422110552764
0.5423728813559322
0.6225895316804407
0.7021276595744681
0.8095238095238095
0.40942028985507245
0.5399361022364217
0.7857142857142857
0.7238805970149254
0.896551724137931
0.6705202312138728
1.0
0.7611940298507462
0.8157894736842105
0.6106194690265486
0.6099290780141844
0.5608108108108109
0.8712121212121212
0.6703296703296703
0.7401574803149606
0.7241379310344828
0.6204379562043796
0.6180555555555556
0.7031802120141343
0.5271565495207667
0.8571428571428571
1.0
0.5763888888888888
0.7913669064748201
0.5346534653465347
0.7245283018867924
0.7290076335877863
0.7584905660377359
0.36082474226804123
0.46808510638297873
0.7455830388692579
0.6994535519125683
0.6521739130434783
0.5423728813559322
0.7251908396946565
0.6230769230769231
0.7488372093023256
0.5401069518716578
0.7457627118644068
0.7614457831325301
0.8625429553264605
0.46808510638297873
0.7284768211920529
0.7806451612903226
0.8333333333333334
0.7548387096774194
0.8876404494382022
0.35135135135135137
0.7878787878787878
0.5072463768115942
0.9615384615384616
0.78125
0.7368421052631579
0.6679245283018868
0.7917675544794189
0.55
0.41605839416058393
0.5172413793103449
0.8969072164948454
0.7450980392156863
0.6512820512820513
0.7409638554216867
0.4482758620689655
0.5111821086261981
0.7079889807162535
0.6557377049180327
0.6183206106870229
0.4367816091954023
0.8271604938271605
0.5148514851485149
1.0
0.7049180327868853
0.967741935483871
0.7339901477832512
0.7471910112359551
0.8514851485148515
0.8348623853211009
0.7320754716981132
0.9361702127659575
0.49635036496350365
0.7456140350877193
0.5972222222222222
0.5474452554744526
0.7722772277227723
0.6294117647058823
0.7473684210526316
0.6153846153846154
0.6194029850746269
0.3829787234042553
0.6289592760180995
0.0
1.0
0.5647058823529412
0.628140703517588
0.5979381443298969
0.8275862068965517
0.6380090497737556
0.7251908396946565
0.5905511811023622
0.9042553191489362
1.0
0.7291666666666666
0.6428571428571429
0.7806451612903226
1.0
0.9015151515151515
0.5886524822695035
0.7491166077738516
0.6534653465346535
0.5752212389380531
0.8715596330275229
0.38823529411764707
0.7288135593220338
0.5359712230215827
1.0
0.5418326693227091
0.48031496062992124
0.6703296703296703
0.7052341597796143
0.7916666666666666
0.6
0.46226415094339623
1.0
0.7409638554216867
0.6111111111111112
