0.793479323387146
0.6807171702384949
0.6221499443054199
0.8549795746803284
0.46509698033332825
0.1774737536907196
0.6262487769126892
0.838428795337677
0.8316631317138672
0.675855278968811
0.7567384243011475
0.7685500383377075
0.8517587184906006
0.68929523229599
0.7768195867538452
0.8501169681549072
0.6548755764961243
0.49956074357032776
0.6861212253570557
0.8547406792640686
0.7407830953598022
0.5023623108863831
0.686343789100647
0.2867366075515747
0.32606539130210876
0.6219474673271179
0.7397210597991943
0.38432174921035767
0.8323469758033752
0.665523111820221
0.7675270438194275
0.7841991186141968
0.6488568782806396
0.8462422490119934
0.5301651954650879
0.30506742000579834
0.5597161054611206
0.8254165649414062
0.9042357206344604
0.678202748298645
0.646365225315094
0.5041224360466003
0.6921478509902954
0.7680602073669434
0.7131960391998291
0.4937373399734497
0.8230441212654114
0.5497012138366699
0.7735537886619568
0.6219944953918457
0.8076334595680237
0.9056417942047119
0.7807626128196716
0.6830572485923767
0.7278180122375488
0.6727625727653503
0.676313042640686
0.5746133327484131
0.7523220777511597
0.6272403597831726
0.775377094745636
0.6152755618095398
0.848344087600708
0.5977434515953064
0.5972230434417725
0.9857797622680664
0.7400602698326111
0.9075638651847839
0.665898859500885
0.7918475866317749
0.7765594124794006
0.44606468081474304
0.6905397772789001
0.722809374332428
0.7261084914207458
0.8397496342658997
0.8123396039009094
0.6812424063682556
0.431281179189682
0.6933247447013855
0.877526581287384
0.7887643575668335
0.5597159266471863
0.6514392495155334
0.865662157535553
0.5932554602622986
0.6098088622093201
0.6780664920806885
0.6626142263412476
0.6009039878845215
0.6823126077651978
0.7288745045661926
0.8253978490829468
0.5340309739112854
0.4937540590763092
0.8175148367881775
0.7642835378646851
0.6353444457054138
0.7595454454421997
0.802368700504303
0.6829220652580261
0.7264727354049683
0.5618429780006409
0.6620112061500549
0.6214708685874939
0.47447746992111206
0.6496441960334778
0.5298811197280884
0.4889593720436096
0.8966835737228394
0.7414753437042236
0.5723792910575867
0.5610241293907166
0.7125419974327087
0.6171033382415771
0.8169624209403992
0.7295586466789246
0.6303104162216187
0.5024899244308472
0.43707025051116943
0.5709413290023804
0.7503448128700256
0.6467024683952332
0.4194074273109436
0.5656704902648926
0.5847836136817932
0.7391325235366821
0.6508482098579407
0.6261247992515564
0.6081087589263916
0.7270514965057373
0.8516026735305786
0.632620632648468
0.818718433380127
0.7588176727294922
0.6078992486000061
0.5136950016021729
0.7099617719650269
0.6784006357192993
0.8808796405792236
0.7319648265838623
0.6810840964317322
0.6401470303535461
0.6838513612747192
0.6103470325469971
0.710376501083374
0.7971832752227783
0.5605894923210144
0.7246226668357849
0.5791730284690857
0.630748450756073
0.7183421850204468
0.6968299150466919
0.7130075693130493
0.6964160203933716
0.36194565892219543
0.5668491125106812
0.6255025267601013
0.5830637812614441
0.5828184485435486
0.7654959559440613
0.635761559009552
0.7550532221794128
0.5182525515556335
0.7191879749298096
0.5896998047828674
0.7945653796195984
0.6101886630058289
0.6734939813613892
0.6028448939323425
0.891086757183075
0.572654128074646
0.8034577369689941
0.7459167838096619
0.6393392086029053
0.630549967288971
0.561607837677002
0.8445807695388794
0.39847686886787415
0.7354393005371094
0.835318386554718
0.4237295687198639
0.8353440165519714
0.7012803554534912
0.36601606011390686
0.8114461302757263
0.8094885349273682
0.7001195549964905
0.6587423086166382
0.4642445147037506
0.6538562774658203
0.5824964642524719
0.6975997686386108
0.5402900576591492
0.7811077237129211
0.4093663692474365
0.7799090147018433
0.4900471270084381
0.7487859725952148
0.5397726893424988
0.6673843860626221
0.6134074926376343
0.5781584978103638
0.47780367732048035
0.48774221539497375
0.6153751611709595
0.8588491082191467
0.8079330921173096
0.6468971967697144
0.7366140484809875
0.3901154696941376
0.7666465044021606
0.602807879447937
0.7805671095848083
0.5015442967414856
0.8733749389648438
0.826088547706604
0.8677557706832886
0.8607959151268005
0.7902224659919739
0.7313064932823181
0.7843284010887146
0.8581724166870117
0.728950023651123
0.7750651240348816
0.5877621173858643
0.7433834075927734
0.9066265225410461
0.46723607182502747
0.6422148942947388
0.6636288166046143
0.9180723428726196
0.7317529320716858
0.7160710096359253
0.6140305995941162
0.506685733795166
0.5300967693328857
0.8931443691253662
0.5446941256523132
0.8078789114952087
0.4542851150035858
0.4487282931804657
0.7881714701652527
0.6070271730422974
0.707648754119873
0.7400256991386414
0.772085964679718
0.7686593532562256
0.6783948540687561
0.7168439030647278
0.6165390610694885
0.9062629342079163
0.8562138080596924
0.7099243998527527
0.5943658351898193
0.645919919013977
0.47697344422340393
0.4259387254714966
0.7141163349151611
0.6398215293884277
0.6105390787124634
0.745333194732666
0.8085370659828186
0.7048335075378418
0.7770611643791199
0.7372481822967529
0.7584244012832642
0.6958373188972473
0.6876787543296814
0.8490180969238281
0.779315710067749
0.7912799119949341
0.3419482409954071
0.5748175978660583
0.8274567127227783
0.6725990176200867
0.6781526803970337
0.5803781747817993
0.7379806637763977
0.7003654837608337
0.6841452717781067
0.5198331475257874
0.7718881368637085
0.7357965707778931
0.7729003429412842
0.6656591296195984
0.6590895056724548
0.5226833820343018
0.6081085801124573
0.5371991395950317
0.6139519214630127
0.706348717212677
0.6165752410888672
0.5910796523094177
0.48900505900382996
0.7513429522514343
0.5550316572189331
0.8527117967605591
0.5109199285507202
0.6478023529052734
0.74270099401474
0.43420764803886414
0.5998503565788269
0.6282371282577515
0.6389962434768677
0.5102705359458923
0.7201700806617737
0.6582125425338745
0.8362597823143005
0.730256199836731
0.8132128715515137
0.8823031187057495
0.5893011689186096
0.5175291299819946
0.8293208479881287
0.693275511264801
0.7230289578437805
0.903190016746521
0.6610579490661621
0.7878457307815552
0.6950534582138062
0.3429354429244995
0.8169976472854614
0.702805757522583
0.5481044054031372
0.796355664730072
0.6795804500579834
0.7734375596046448
0.5691651701927185
0.4615641236305237
0.7430719137191772
0.4333524703979492
0.6593685150146484
0.46789389848709106
0.6323736906051636
0.5190337300300598
0.36541226506233215
0.7377700209617615
0.7560076713562012
0.610633909702301
0.71001136302948
0.6667066812515259
0.5116717219352722
0.4463774263858795
0.4688120186328888
0.5284527540206909
0.630124032497406
0.5045759081840515
0.8217306733131409
0.7281515002250671
0.6940537095069885
0.4381692111492157
0.715229332447052
0.5596094727516174
0.4566696882247925
0.514388918876648
0.543109655380249
0.7599782347679138
0.5945064425468445
0.4794815480709076
0.5594684481620789
0.40967094898223877
0.5430299639701843
0.7166099548339844
0.6783992052078247
0.4515562653541565
0.7852631211280823
0.5727801322937012
0.8296468257904053
0.8119016289710999
0.8180572390556335
0.6890459656715393
0.5462300181388855
0.831091046333313
0.5659864544868469
0.7619502544403076
0.8225690722465515
0.9207431674003601
0.5624147653579712
0.7282045483589172
0.5209018588066101
0.7558601498603821
0.7042408585548401
0.3022131323814392
0.7553156614303589
0.8375311493873596
0.7909319996833801
0.5489506721496582
0.7560216784477234
0.5252739191055298
0.7402570247650146
0.6068028807640076
0.6933631896972656
0.627918541431427
0.7495169639587402
0.8454480171203613
0.7881781458854675
0.567642867565155
0.8458195924758911
0.8063420057296753
0.6691531538963318
0.24919982254505157
0.5967427492141724
0.672527551651001
0.5373353362083435
0.5926029086112976
0.5555957555770874
0.1788541078567505
0.8059956431388855
0.8782387375831604
0.7526153922080994
0.6496550440788269
0.7236305475234985
0.7012899518013
0.6812781691551208
0.6278162598609924
0.7467012405395508
0.8056296110153198
0.7094777226448059
0.7062808871269226
0.6773379445075989
0.3136947751045227
0.6531285047531128
0.638031542301178
0.9148786664009094
0.8894897103309631
0.6076921820640564
0.5147734880447388
0.5745977163314819
0.44671595096588135
0.6897077560424805
0.7837188243865967
0.6038610339164734
0.5880994200706482
0.5704820156097412
0.8810485005378723
0.7074335217475891
0.691512942314148
0.3848053216934204
0.8297200202941895
0.599679708480835
0.7865931391716003
0.7261617183685303
0.7152201533317566
0.5190871357917786
0.7964751720428467
0.2945375144481659
0.323393851518631
0.6753517389297485
0.8182559013366699
0.7023393511772156
0.5788369178771973
0.6689423322677612
0.6952565312385559
0.4393978714942932
0.7466603517532349
0.8539286851882935
0.7576684355735779
0.07733568549156189
0.9265112280845642
0.6250715851783752
0.49205467104911804
0.5967584252357483
0.7662937641143799
0.5426555871963501
0.6994146108627319
0.43150535225868225
0.6527363657951355
0.7304592132568359
0.7639985680580139
0.7413663268089294
0.5700587630271912
0.6032732129096985
0.7984164953231812
0.35915812849998474
0.658920168876648
0.7899180054664612
0.6294370293617249
0.7794617414474487
0.8041360974311829
0.38217851519584656
0.5270349383354187
0.6433628797531128
0.7137985229492188
0.7279393076896667
0.7040117979049683
0.7180773615837097
0.8631446361541748
0.5803277492523193
0.6868026852607727
0.7017533779144287
0.7972921133041382
0.7731582522392273
0.6829578876495361
0.4814842641353607
0.7957940101623535
0.5332013964653015
0.6734768152236938
0.6558879017829895
0.6320587396621704
0.5093228816986084
0.7741696834564209
0.6655753254890442
0.6955376267433167
0.6562739610671997
0.8137505650520325
0.4541461169719696
0.4295685887336731
0.7866700291633606
0.3513660430908203
0.7944639921188354
0.7032735347747803
0.7310604453086853
0.568840742111206
0.5667140483856201
0.7590201497077942
0.26628202199935913
0.5000349283218384
0.5044966340065002
0.7024223804473877
0.5514151453971863
0.8192249536514282
0.6948884129524231
0.4707724153995514
0.7322282195091248
0.27020254731178284
0.6310669779777527
0.63211989402771
0.6836585998535156
0.5776855945587158
0.29841479659080505
0.7898686528205872
0.8610715270042419
0.8480955362319946
0.6253204941749573
0.6969025731086731
0.7704123258590698
0.716841995716095
0.5093510150909424
0.7443005442619324
0.7378988265991211
0.6554880142211914
0.4937373399734497
0.8436050415039062
0.5111657977104187
0.5611871480941772
0.7436925768852234
0.4470593333244324
0.8792902231216431
0.7553711533546448
0.9328993558883667
0.8616895079612732
0.8236384391784668
0.6528880596160889
0.7305300831794739
0.7165972590446472
0.7114025950431824
0.5141796469688416
0.7674360871315002
0.6736177802085876
0.7399790287017822
0.8018651008605957
0.5214894413948059
0.5163647532463074
0.7446539998054504
0.5290365815162659
0.7174777984619141
0.7610387802124023
0.7037935256958008
0.6088906526565552
0.6593664884567261
0.5163076519966125
0.7130771279335022
0.7982485890388489
0.6542856097221375
0.7538269758224487
0.7333496809005737
0.6949926614761353
0.6462445259094238
0.8784515261650085
0.31920450925827026
0.6091518998146057
0.6993741393089294
0.5998963713645935
0.6333604454994202
0.6557443737983704
0.766822338104248
0.6838274002075195
0.6660913825035095
0.531211256980896
0.6100112795829773
0.6234722137451172
0.6978704333305359
0.8491401672363281
0.5964356064796448
0.6511359810829163
0.7577106356620789
0.518150269985199
0.4978064000606537
0.5302017331123352
0.7477295398712158
0.6944893002510071
0.7359763979911804
0.5630793571472168
0.7232276797294617
0.9076170325279236
0.7687888741493225
0.7699373960494995
0.8017832040786743
0.6714125871658325
0.7361042499542236
0.7121697664260864
0.8565607666969299
0.7104611396789551
0.6716246008872986
0.8400834798812866
0.5602207183837891
0.727220892906189
0.7196229100227356
0.6651607155799866
0.5297702550888062
0.6127225756645203
0.3586530387401581
0.7969887852668762
0.6415696144104004
0.6254953145980835
0.4476911127567291
0.6814102530479431
0.834594190120697
0.699100136756897
0.6197914481163025
0.4547581672668457
0.35848209261894226
0.8171699643135071
0.6867668628692627
0.8094103932380676
0.5092014670372009
0.6244411468505859
0.8204004168510437
0.7716858386993408
0.8279494047164917
0.6402009725570679
0.46509698033332825
0.2893759310245514
0.8258683085441589
0.8763253092765808
0.7567038536071777
0.7214726209640503
0.8610798120498657
0.8619762659072876
0.4891137182712555
0.5649396777153015
0.7233026623725891
0.8512052297592163
0.7801543474197388
0.7943865656852722
0.7773389220237732
0.5928622484207153
0.7944278120994568
0.5647631287574768
0.59004145860672
0.6367987990379333
0.6351683139801025
0.41062384843826294
0.6819722652435303
0.6617037653923035
0.5467250347137451
0.6828646659851074
0.5646051168441772
0.6598502993583679
0.6666436195373535
0.7016213536262512
0.6814695000648499
0.33334052562713623
0.6723537445068359
0.6818122863769531
0.5472331643104553
0.6971856355667114
0.8118072152137756
0.7538912296295166
0.55492103099823
0.7133938074111938
0.6955592632293701
0.5324302315711975
0.6887193322181702
0.6964758038520813
0.865371823310852
0.7911627292633057
0.7235532999038696
0.778954029083252
0.5276910066604614
0.5462954044342041
0.6827201247215271
0.6397016644477844
0.4996336102485657
0.708257257938385
0.5179682970046997
0.6777161955833435
0.38635995984077454
0.5339334607124329
0.6531232595443726
0.9484038949012756
0.8939264416694641
0.6217047572135925
0.5768651962280273
0.6962541341781616
0.7274221777915955
0.6973928213119507
0.7431634068489075
0.6905605792999268
0.6182485222816467
0.2924507260322571
0.782822847366333
0.6280353665351868
0.8214160203933716
0.6408305168151855
0.5355076789855957
0.768036961555481
0.5438156723976135
0.6324089169502258
0.8723851442337036
0.6411935687065125
0.5431511402130127
0.5465288162231445
0.841505229473114
0.778060793876648
0.5288345217704773
0.8596440553665161
0.5686523914337158
0.6135016083717346
0.7732318639755249
0.6120184659957886
0.8342565894126892
0.6441652178764343
0.5263084769248962
0.5765038132667542
0.8529627919197083
0.5881931185722351
0.6945217847824097
0.5963951945304871
0.7363057732582092
0.7907328605651855
0.8727230429649353
0.5039674043655396
0.6310027837753296
0.6052416563034058
0.7840353846549988
0.5304982662200928
0.4708353579044342
0.6711275577545166
0.531627357006073
0.8138043284416199
0.21270973980426788
0.6043362617492676
0.13009768724441528
0.7333364486694336
0.7298569679260254
0.39338240027427673
0.3349507451057434
0.7100201845169067
0.657345175743103
0.6386198997497559
0.8399379253387451
0.33961525559425354
0.8502799868583679
0.3799029290676117
0.7153353691101074
0.5936090350151062
0.7153353691101074
0.700681209564209
0.8193846940994263
0.6160593628883362
0.7778563499450684
0.6670902967453003
0.6932510733604431
0.46578577160835266
0.48499664664268494
0.419735848903656
1.0
0.37858566641807556
0.6471720337867737
0.9287128448486328
0.5065395832061768
0.6471720337867737
0.8060293197631836
0.3532843589782715
0.5296748876571655
0.46546536684036255
0.45381465554237366
0.4534629285335541
1.0
0.44501766562461853
0.645789384841919
0.4386683404445648
0.4386683404445648
0.46578577160835266
0.7178792953491211
0.5519766807556152
0.4386683404445648
0.4386683404445648
0.4474894404411316
0.6056370735168457
0.6360217332839966
0.8566535711288452
0.7615920901298523
0.4084697663784027
0.4485722482204437
0.9331644177436829
0.15754365921020508
0.48470282554626465
0.4214564263820648
0.4342753291130066
0.6738816499710083
0.4534629285335541
0.6808742880821228
0.6630189418792725
0.38949692249298096
0.4534629285335541
0.6904861927032471
0.9312404990196228
0.31519123911857605
0.6938516497612
0.5497154593467712
0.7300789952278137
0.4584933817386627
0.5114733576774597
0.6472959518432617
0.7021360993385315
0.6565181016921997
0.59856778383255
0.18315869569778442
0.7403191924095154
0.9523059725761414
0.6012240052223206
0.6224992275238037
0.5523868799209595
0.8627498745918274
1.0
0.1178276315331459
0.4135347306728363
0.38260534405708313
0.4404796361923218
0.18517358601093292
0.45952296257019043
0.8343363404273987
0.5806793570518494
0.7129706740379333
0.09490323066711426
0.8078181743621826
0.09723280370235443
0.6622727513313293
0.3482927978038788
0.3625199496746063
0.9061599969863892
0.4057052433490753
0.7065125107765198
0.6990952491760254
0.7122097015380859
0.7005532383918762
0.23788994550704956
0.4226806163787842
0.7244760394096375
0.5917158126831055
0.5321993231773376
0.5612422227859497
0.8831882476806641
0.39791035652160645
0.8720631003379822
0.6638224720954895
0.8069278597831726
0.30350279808044434
0.36207839846611023
0.32391178607940674
0.3564537465572357
0.6263095140457153
0.38692253828048706
0.24741074442863464
0.787453830242157
0.39862024784088135
0.4409027397632599
0.36984995007514954
0.39862024784088135
1.0
0.8051445484161377
0.7246556878089905
0.375244677066803
0.7148848176002502
0.4386683404445648
0.30487754940986633
0.09143930673599243
0.3137455880641937
0.06926731765270233
0.6410409808158875
0.6289655566215515
0.6391644477844238
0.6301259398460388
0.4251401722431183
0.47585153579711914
0.35102909803390503
0.7050231695175171
0.739524781703949
0.5597957372665405
0.5929272174835205
0.5557856559753418
0.6497106552124023
0.6970528364181519
1.0
1.0
0.7471612095832825
0.7573306560516357
0.7573306560516357
0.07600326091051102
0.23338985443115234
0.44578081369400024
0.7104130387306213
0.6440892219543457
0.9140470623970032
0.4741751253604889
0.40931499004364014
0.438164621591568
0.4576856791973114
0.33907991647720337
0.5236507654190063
0.6348870396614075
0.5133147835731506
0.4534629285335541
0.6413934826850891
0.13678932189941406
0.40339425206184387
0.3950939476490021
0.6760327816009521
0.3817363679409027
0.7426023483276367
0.13769923150539398
0.2338077872991562
0.19643382728099823
0.3968600034713745
0.6460056900978088
0.13944554328918457
0.6253340244293213
0.7992905974388123
0.663349449634552
0.6308225989341736
0.5864672064781189
0.14008773863315582
0.9103751182556152
0.4132246971130371
0.36355724930763245
0.19681672751903534
0.5025739073753357
0.27459120750427246
0.45656827092170715
0.13316580653190613
0.4665246903896332
0.520918607711792
0.7842926979064941
0.5417389869689941
0.4412793219089508
0.7005823254585266
0.18853580951690674
0.5195863246917725
0.3524513840675354
0.10612257570028305
0.7026357650756836
0.4307316243648529
0.2739872634410858
0.8250784873962402
0.46009230613708496
0.7688539624214172
0.6647939085960388
0.7030750513076782
0.8634635210037231
0.583953857421875
0.6984961032867432
0.39338240027427673
0.9155170321464539
0.5547724366188049
0.7512795329093933
0.8411231637001038
0.9205099940299988
0.41795387864112854
0.7157130837440491
0.12861591577529907
0.0913570299744606
0.6629754304885864
0.7199976444244385
0.6075769066810608
0.44272133708000183
0.8309603929519653
0.06383597105741501
0.5542951226234436
0.39799171686172485
0.7800581455230713
0.3634583055973053
0.490856796503067
0.23398609459400177
0.15246616303920746
0.6844090223312378
0.17222125828266144
0.29725274443626404
0.5216680765151978
0.7106742858886719
0.41492629051208496
0.07651107013225555
0.5756695866584778
0.42170315980911255
0.5260507464408875
0.42769184708595276
0.5556171536445618
0.6390892863273621
0.4873260259628296
0.3617813289165497
0.6610990166664124
0.41426897048950195
0.5329582095146179
0.39939701557159424
0.4794518053531647
0.43113842606544495
0.7213327884674072
0.5739394426345825
0.697802722454071
0.6705055236816406
0.673198938369751
0.5067680478096008
0.3799029290676117
0.505933940410614
0.5349019169807434
0.6000049710273743
0.41269513964653015
0.7491496801376343
0.3115532696247101
0.49552425742149353
0.6490136384963989
0.702621579170227
0.7352065443992615
0.41407808661460876
0.5750923752784729
0.23551860451698303
0.6007108092308044
0.516893208026886
0.5828530192375183
0.35989901423454285
0.26971369981765747
0.4341421127319336
0.15120559930801392
0.6138871312141418
0.6548091173171997
0.5615202188491821
0.4846542179584503
0.37933096289634705
0.4304139316082001
0.5608025193214417
0.7751830816268921
0.2125716358423233
0.05540508031845093
0.6158312559127808
0.43863973021507263
0.4958016276359558
0.33142250776290894
0.3322713375091553
0.4326290786266327
0.8546167612075806
0.16835691034793854
0.6009290814399719
0.10727071017026901
0.47936874628067017
0.5458189249038696
0.8501864671707153
0.6587807536125183
0.46578577160835266
0.43717360496520996
0.6055071949958801
0.591199517250061
0.6713705062866211
0.47327595949172974
0.5092015862464905
0.571774959564209
0.5635743737220764
0.5740029215812683
0.274218887090683
0.538182258605957
0.48867514729499817
0.3598388135433197
0.2916613519191742
0.6510630249977112
0.8631919026374817
0.4227026104927063
0.347516804933548
0.7259544134140015
0.4935165345668793
0.4158284366130829
0.08634418994188309
0.14835160970687866
0.11492665112018585
0.6632751822471619
0.847147524356842
0.4035227298736572
0.47016629576683044
0.2370319813489914
0.5196954607963562
0.15421739220619202
0.6805106401443481
0.542799711227417
0.548694372177124
0.5692105293273926
0.5332183837890625
0.5480061173439026
0.5102429986000061
0.6233071088790894
0.4166083335876465
0.8200656175613403
0.24010270833969116
0.5109550952911377
0.6066721081733704
0.49947500228881836
0.3898751437664032
0.19466158747673035
0.735592782497406
0.34250959753990173
0.06926731765270233
0.618102490901947
0.6669648289680481
0.37032148241996765
0.3616204261779785
0.363984078168869
0.43531379103660583
0.13769923150539398
0.4821743071079254
0.4182709753513336
0.6828514933586121
0.45984503626823425
0.5873535871505737
0.5388166308403015
0.5762855410575867
0.18989169597625732
0.5002851486206055
0.711769163608551
0.39659976959228516
0.5674659609794617
0.3008756637573242
0.5205031633377075
0.3761742413043976
0.7447839379310608
0.49643269181251526
0.5224527716636658
0.039388228207826614
0.45477592945098877
0.39703813195228577
0.6125150322914124
0.5773140788078308
0.7586121559143066
0.6321476697921753
0.3337831199169159
0.6794523000717163
0.488438218832016
0.4851539433002472
0.03658547252416611
0.6306771039962769
0.601709246635437
0.7697844505310059
0.5909388065338135
0.3512953221797943
0.7215238809585571
0.46750858426094055
0.3859693109989166
0.6241844892501831
0.5593974590301514
0.3855745792388916
0.5904368162155151
0.43033525347709656
0.5178775787353516
0.5554971694946289
0.4356658160686493
0.12031155824661255
0.19139622151851654
0.44142046570777893
0.36125648021698
0.48888063430786133
0.5656369924545288
0.8096100091934204
0.5561011433601379
0.7986799478530884
0.794798731803894
0.5373146533966064
0.6586652398109436
0.7123398780822754
0.7575061321258545
0.3557656407356262
0.5720775723457336
0.7182877659797668
0.6975396275520325
0.32676342129707336
0.5109971165657043
0.466952383518219
0.43065929412841797
0.46292591094970703
0.3331647217273712
0.42088407278060913
0.49949750304222107
0.41884565353393555
0.47359374165534973
0.7049264311790466
0.09440578520298004
0.6712467074394226
0.46278056502342224
0.6984942555427551
0.393380343914032
0.3762337565422058
0.7605175971984863
0.5968594551086426
0.2950640022754669
0.5116856098175049
0.46423086524009705
0.10128430277109146
0.2887443006038666
0.5075399875640869
0.446014940738678
0.46767476201057434
0.6188576817512512
0.37135401368141174
0.6708933711051941
0.4769929349422455
0.3900396525859833
0.5509260296821594
0.1924210637807846
0.36349835991859436
0.2985655963420868
0.4569781720638275
0.16660207509994507
0.39413395524024963
0.640774130821228
0.5700991749763489
0.320328950881958
0.4953949451446533
0.4671558737754822
0.6255949139595032
0.06592592597007751
0.41675135493278503
0.1426457017660141
0.4264012575149536
0.555228590965271
0.037736088037490845
0.6383573412895203
0.487770140171051
0.40013572573661804
0.49167928099632263
0.49242472648620605
0.5505502820014954
0.5619390606880188
0.7183356285095215
0.5605155229568481
0.5305221676826477
0.5474205017089844
0.5806554555892944
0.5150348544120789
0.49000850319862366
0.2781740725040436
0.3498353362083435
0.4548625349998474
0.40922752022743225
0.5313016772270203
0.4474771320819855
0.6587876081466675
0.5419127345085144
0.4442552626132965
0.4750496447086334
0.5595276355743408
0.3384859561920166
0.7101273536682129
0.626990556716919
0.31734076142311096
0.39335060119628906
0.37499770522117615
0.706644594669342
0.5763174295425415
0.8171592950820923
0.5034262537956238
0.1778613179922104
0.1719839870929718
0.7190073728561401
0.4034911096096039
0.5484119653701782
0.3780718147754669
0.3805444836616516
0.5351143479347229
0.5022035837173462
0.19206789135932922
0.12591499090194702
0.5201318860054016
0.27397066354751587
0.5313432812690735
0.09916127473115921
0.45032286643981934
0.1887069046497345
0.08287809789180756
0.45292428135871887
0.6890795826911926
0.0551818385720253
0.6297258138656616
0.24656014144420624
0.4623849093914032
0.5283129215240479
0.6308521032333374
0.18451344966888428
0.43593212962150574
0.929656982421875
0.19457422196865082
0.17974795401096344
0.3536628782749176
0.15474574267864227
0.08062046021223068
0.5003722906112671
0.4477504789829254
0.1415046751499176
0.576409637928009
0.6142066121101379
0.2856239974498749
0.3902352452278137
0.7392639517784119
0.6168074607849121
0.9160517454147339
0.36626049876213074
0.2888079285621643
0.6219717264175415
0.19074426591396332
0.6927026510238647
0.49927398562431335
0.4561355710029602
0.9048344492912292
0.5349831581115723
0.19199851155281067
0.519295334815979
0.6164562702178955
0.5103753209114075
0.46382245421409607
0.3517899811267853
0.2931736409664154
0.5687704682350159
0.09144405275583267
0.2564603090286255
0.5804154276847839
0.6557583212852478
0.564666211605072
0.5618661642074585
0.3378021717071533
0.6153529286384583
0.5871631503105164
0.29875630140304565
0.5494722127914429
0.33550864458084106
0.5396548509597778
0.38503357768058777
0.30991241335868835
0.2931230664253235
0.5727378726005554
0.6577090620994568
0.2564672529697418
0.5600777268409729
0.3429100513458252
0.4214858412742615
0.1431598663330078
0.5658486485481262
0.3028019070625305
0.0839538499712944
0.19659651815891266
0.35126274824142456
0.23155780136585236
0.32841673493385315
0.357755571603775
0.6212434768676758
0.3297148048877716
0.8506994247436523
0.4500279724597931
0.29229047894477844
0.40931403636932373
0.2078603059053421
0.12526215612888336
0.21713709831237793
0.21648536622524261
0.7212635278701782
0.35958296060562134
0.44274067878723145
0.33181869983673096
0.1252836138010025
0.44208431243896484
0.11989527940750122
0.6767922043800354
0.3845757842063904
0.4096866548061371
0.3654990792274475
0.3388361632823944
0.4761612117290497
0.5733470916748047
0.5156909823417664
0.15362606942653656
0.3817596137523651
0.37402793765068054
0.5942519307136536
0.4146515727043152
0.1428385078907013
0.08826801925897598
0.20287244021892548
0.534508228302002
0.6384727954864502
0.4930458068847656
0.5657826662063599
0.4643237590789795
0.25007638335227966
0.4488525390625
0.3744669258594513
0.3910943865776062
0.32596340775489807
0.5239592790603638
0.7236464619636536
0.5519137382507324
0.31525370478630066
0.7672697901725769
0.317268043756485
0.3590804934501648
0.5251922607421875
0.808386504650116
0.6997742056846619
0.276157945394516
0.41841185092926025
0.32468166947364807
0.7888444662094116
0.5197043418884277
0.643653929233551
0.6427380442619324
0.37082040309906006
0.3434012234210968
0.4362880289554596
0.552447497844696
0.20269620418548584
0.4576917290687561
0.36335480213165283
0.29618918895721436
0.5806141495704651
0.4831993877887726
0.3702870011329651
0.5579702854156494
0.4925551414489746
0.07198057323694229
0.7193275094032288
0.6760585904121399
0.21676552295684814
0.3256383538246155
0.5091971755027771
0.38350653648376465
0.256979763507843
0.6331104636192322
0.46390500664711
0.5854220986366272
0.6437910199165344
0.12595783174037933
0.5435171723365784
0.49240586161613464
0.42689040303230286
0.5737622976303101
0.5004887580871582
0.5720900297164917
0.5225021243095398
0.10658035427331924
0.34730231761932373
0.6687405109405518
0.2906475365161896
0.09789393097162247
0.4547082483768463
0.307419091463089
0.4660518169403076
0.49117517471313477
0.3048070967197418
0.3852968215942383
0.2948879599571228
0.34828469157218933
0.32501736283302307
0.3338806927204132
0.3903942406177521
0.26773563027381897
0.2954568862915039
0.7112812995910645
0.4541250467300415
0.3944111466407776
0.47050729393959045
0.2798005938529968
0.337917298078537
0.4761953353881836
0.5831931233406067
0.7104510068893433
0.33084678649902344
0.3579859733581543
0.32326191663742065
0.5720833539962769
0.46547961235046387
0.5150145888328552
0.31057411432266235
0.37626388669013977
0.44478023052215576
0.18257057666778564
0.5775592923164368
0.5872777700424194
0.7967288494110107
0.7664204239845276
0.892479419708252
0.680857241153717
0.8079906702041626
0.727703869342804
0.8625719547271729
0.6698562502861023
0.8374900817871094
0.9105783700942993
0.6919286251068115
0.786564290523529
0.761263906955719
0.45272305607795715
0.7375833988189697
0.6215323209762573
0.8062452077865601
0.7553974986076355
0.7171204686164856
0.7494451403617859
0.7622767090797424
0.5394811034202576
0.527367353439331
0.826886773109436
0.6216933727264404
0.40964245796203613
0.5694181323051453
0.7134386897087097
0.731436014175415
0.8226068615913391
0.8175634741783142
0.8729783296585083
0.7339761853218079
0.7462683916091919
0.8727280497550964
0.6797716021537781
0.7980672121047974
0.5977088809013367
0.7696852087974548
0.7687889933586121
0.794449508190155
1.0
0.6057077646255493
0.8488860726356506
0.7358859777450562
1.0
0.7197737097740173
0.8871524333953857
0.8679441809654236
0.7600449919700623
0.7785751819610596
0.6860694289207458
0.6954232454299927
0.6105408668518066
0.8821837902069092
0.527097761631012
0.5972190499305725
0.6437011957168579
0.7952406406402588
0.6873039603233337
0.5958088040351868
0.8095141649246216
0.645452082157135
0.8721325397491455
0.7898256182670593
0.7349894642829895
0.7734963893890381
0.8399528861045837
0.8146901726722717
0.7766678929328918
0.8909668326377869
0.8039677739143372
0.579364538192749
0.7598581910133362
0.8385604023933411
0.7618047595024109
0.6630635261535645
0.6466651558876038
0.9204978942871094
0.689285159111023
0.7494207620620728
0.8177969455718994
0.8216139674186707
0.6822171807289124
0.676089882850647
0.768073320388794
0.5610063672065735
0.605606734752655
0.7980672121047974
0.6534573435783386
0.7808929085731506
0.3443377614021301
0.7265396118164062
0.600361704826355
0.7896285057067871
0.48878079652786255
0.8575214743614197
0.602044939994812
0.7878193259239197
0.7062761783599854
0.7479005455970764
0.7410998344421387
0.7944973111152649
0.7830219864845276
1.0
0.7882370948791504
0.654594361782074
0.7620190978050232
0.9601494669914246
0.8257728219032288
0.5583646297454834
0.575509250164032
0.7996158599853516
0.696685791015625
0.5688603520393372
0.7385543584823608
0.572830855846405
0.7273682951927185
0.5908269286155701
0.44479864835739136
0.6636314392089844
0.5521829724311829
0.7705877423286438
0.7479010820388794
0.7816320061683655
0.7339496612548828
0.8067537546157837
0.7096512913703918
0.6041622757911682
0.6262238025665283
0.8241994380950928
0.6750019788742065
0.6033417582511902
0.8439509868621826
0.6362501382827759
0.6982275247573853
0.8650198578834534
0.6830689907073975
0.729268491268158
0.7866607308387756
0.7696874737739563
0.7757707834243774
0.7013863325119019
0.7707017064094543
0.6943550705909729
0.736371636390686
0.8338727355003357
0.6899709701538086
0.8094035983085632
0.7124161720275879
0.14716140925884247
0.5897390246391296
0.8946962356567383
0.791032075881958
0.9116793870925903
0.6307920217514038
0.602044939994812
0.7915588021278381
0.6884250640869141
0.7489166259765625
0.8013384342193604
0.8798789978027344
0.7294657230377197
0.6707234382629395
0.8455579876899719
0.5795237421989441
0.8960912227630615
0.9210268259048462
0.7333809733390808
0.626807451248169
0.1597963124513626
0.63404381275177
0.810867190361023
0.6221766471862793
0.8175086379051208
0.6293918490409851
0.6220250725746155
0.792450487613678
0.8052428960800171
0.7205095887184143
0.7709335088729858
0.6273560523986816
0.596021294593811
0.7926725745201111
0.5855208039283752
0.8401564359664917
0.6900584101676941
0.8594826459884644
0.7455387711524963
0.6383092403411865
0.7328779101371765
0.7595028877258301
0.7457346320152283
0.7837108373641968
0.7600449919700623
0.7297011017799377
0.8301119208335876
0.7997267842292786
0.6460098624229431
0.6723994612693787
0.695243239402771
0.6074375510215759
0.7408738136291504
1.0
0.7334725260734558
0.6462433934211731
0.5537586212158203
0.5767358541488647
0.73607337474823
0.6949512362480164
0.9232724905014038
0.8543970584869385
0.7802219390869141
0.6763037443161011
0.688413679599762
0.8164904713630676
0.696711003780365
0.780735194683075
0.8847354054450989
0.7821137309074402
0.680621862411499
0.7832154631614685
0.679241418838501
0.7892177700996399
0.8221284747123718
0.7972718477249146
1.0
0.7330538630485535
0.7810745239257812
0.8446605801582336
0.8775337338447571
0.7992768883705139
0.6415573358535767
0.586334228515625
0.7356082201004028
0.1501414030790329
0.8056977391242981
0.8622283935546875
0.7600449919700623
0.6056767106056213
0.8721495866775513
0.5474129915237427
0.6359627842903137
0.7608819007873535
0.8126154541969299
0.731488049030304
0.7981217503547668
0.5996565222740173
0.8307697176933289
0.784382700920105
0.5899863839149475
0.7075268626213074
0.8123906850814819
0.8122779726982117
1.0
0.6966841816902161
0.8580739498138428
1.0
0.611269474029541
0.775964081287384
0.7618752717971802
0.838744044303894
0.6980598568916321
0.7038669586181641
0.6866732835769653
0.8387657999992371
0.8335621953010559
0.750211775302887
0.5440859794616699
1.0
0.6087028384208679
0.7092443108558655
0.8727280497550964
0.778165876865387
0.790404736995697
0.746877133846283
0.7385676503181458
0.7896947860717773
0.8930104970932007
0.7567815184593201
0.6943496465682983
0.7444774508476257
1.0
0.7035772800445557
0.7159541249275208
0.7459485530853271
0.7271311283111572
0.8798789978027344
0.7456094026565552
0.676089882850647
0.7684075236320496
0.8014058470726013
0.6731363534927368
0.8072750568389893
0.16110897064208984
0.6250247359275818
0.790266215801239
0.6731363534927368
0.7855315804481506
0.5842177271842957
0.6264461874961853
0.6621574759483337
0.7024915814399719
0.6593337059020996
0.7040208578109741
0.6842889785766602
0.7736799120903015
0.8291158676147461
0.8260372281074524
0.8112533092498779
0.7367985844612122
0.7679951786994934
0.5950304865837097
0.8605713248252869
0.9201637506484985
0.6200782656669617
0.871778130531311
0.6227185130119324
0.3755446672439575
0.7951409816741943
0.5200240015983582
0.8331329822540283
0.7417290806770325
0.7618047595024109
0.8236167430877686
0.7466018795967102
0.9207032322883606
0.6571341753005981
0.5981881618499756
0.697655200958252
0.754324734210968
0.4913586974143982
0.7949399948120117
0.1479485183954239
0.44035834074020386
0.7365764379501343
0.6303198933601379
0.6596311330795288
0.5104551911354065
0.6941742300987244
0.5938767790794373
0.8467016816139221
0.9106376767158508
0.6300187110900879
0.5604188442230225
0.5659369826316833
0.7084211707115173
0.6277872323989868
0.7998594641685486
0.8413445949554443
0.818841278553009
0.5765325427055359
0.7656261324882507
0.6129467487335205
0.6295715570449829
0.7945889830589294
0.6056767106056213
0.7044985294342041
0.8298688530921936
0.8484929203987122
0.8345728516578674
0.8268648982048035
0.8104445934295654
0.7436332106590271
0.5865187048912048
0.7957264184951782
0.7142994403839111
0.5819313526153564
0.812828004360199
0.7082419395446777
0.7676891684532166
0.8247387409210205
0.6201029419898987
0.7907575368881226
0.7790886163711548
0.7646404504776001
0.7828181982040405
0.8351241946220398
0.7065659165382385
0.584373414516449
0.692050039768219
0.6081632375717163
0.8243888020515442
0.6376222968101501
0.8993178606033325
0.7337522506713867
0.7228307127952576
0.7315806150436401
0.7843015789985657
0.7144162058830261
0.5979737043380737
0.7857828736305237
0.7012298703193665
0.7048075795173645
0.6716434359550476
0.60768061876297
0.9438199400901794
0.7511183023452759
0.7785364985466003
0.5104551911354065
0.7693380117416382
0.7464900016784668
0.7731041312217712
0.8344061374664307
0.7250290513038635
0.7408990859985352
0.8331925272941589
0.7592930197715759
0.7232381701469421
0.8034732937812805
0.7896285057067871
0.8710960745811462
0.5950304865837097
0.7869707345962524
0.6878301501274109
0.673668384552002
0.778734564781189
0.692050039768219
0.7250290513038635
0.4716130495071411
0.63362717628479
0.80311518907547
0.8707998991012573
0.6938082575798035
0.7888110876083374
0.8929535150527954
0.7146617770195007
0.8095141649246216
1.0
0.6507930755615234
0.4723617136478424
0.7553605437278748
0.7791388630867004
0.6192197203636169
0.752379834651947
0.7241659164428711
0.6246946454048157
0.6970347166061401
0.671809196472168
0.7821137309074402
0.7635703682899475
0.7790886163711548
0.4124924838542938
0.7807008624076843
0.731330931186676
0.8432356119155884
0.558442234992981
0.8189908266067505
0.8450301885604858
0.5705141425132751
0.7900499701499939
0.7436332106590271
0.7664204239845276
0.6981884837150574
0.7479105591773987
0.8483292460441589
0.6861832737922668
0.6489548087120056
0.7876190543174744
0.8101507425308228
0.5637134313583374
0.6834285259246826
0.7709335088729858
0.4266372323036194
0.6179614067077637
0.6691228747367859
0.668658435344696
0.8337031006813049
0.7478007078170776
0.7505683898925781
0.619694173336029
0.7348530888557434
0.7456551790237427
0.783370852470398
0.8379186987876892
0.6398734450340271
0.7256863117218018
0.7009581327438354
0.9031283259391785
0.8656872510910034
0.8712969422340393
0.568301796913147
0.7615995407104492
0.825653076171875
0.7857567071914673
0.7532028555870056
0.792661190032959
0.6394422650337219
0.8220213055610657
0.8173866868019104
0.7992520928382874
0.713185727596283
0.6990994811058044
0.7292125821113586
0.7365630865097046
0.7073094844818115
0.746173083782196
0.6089757084846497
0.5757797956466675
0.8413304686546326
0.7896285057067871
0.6766414642333984
0.8332409262657166
0.5910217761993408
0.596623420715332
0.7675650715827942
0.7609975337982178
0.7427133321762085
0.8222248554229736
0.8672734498977661
0.886921226978302
0.6134167313575745
0.636178195476532
0.7726019024848938
0.6049519181251526
0.670051097869873
0.843973696231842
0.7231756448745728
0.5453400611877441
0.5418952703475952
0.776563823223114
0.5949268937110901
0.777798593044281
0.4622291028499603
0.6451944708824158
0.6868333220481873
0.7217102646827698
0.7986668348312378
0.7211620211601257
0.7197602391242981
0.8286706805229187
0.7550415992736816
0.5353686809539795
0.6276342272758484
0.8269220590591431
0.767413854598999
0.6669851541519165
0.6485521197319031
0.7783284187316895
0.16110897064208984
0.7490310072898865
0.7103089690208435
0.8655949234962463
0.5980481505393982
0.6864920258522034
0.8233334422111511
0.7597865462303162
0.7793180346488953
0.5606881976127625
0.6601271033287048
0.6265578269958496
0.8070721626281738
0.7111514806747437
0.7790988683700562
0.871778130531311
0.5368979573249817
0.7903363704681396
0.7223650813102722
0.5974795818328857
0.7564610838890076
0.5559855699539185
0.8057620525360107
0.7851735949516296
0.66037517786026
0.5686407685279846
0.5063113570213318
0.6944823861122131
0.7343102097511292
0.9204978942871094
0.7804203629493713
0.554060697555542
0.7127242088317871
0.6800596714019775
0.7550114989280701
0.7714033126831055
0.8526203036308289
0.6938870549201965
0.8243888020515442
0.8210058212280273
0.6905829906463623
0.5537177920341492
0.722070038318634
0.73751300573349
0.5420927405357361
0.8930104970932007
0.6731363534927368
0.6596571803092957
0.8701936602592468
0.43520262837409973
0.8237742781639099
0.7811746597290039
0.7786365151405334
0.6990773677825928
0.7940277457237244
0.8269220590591431
0.7609087228775024
0.7542192935943604
0.7682644128799438
0.6990180015563965
0.7926725745201111
0.602044939994812
0.734171986579895
0.6441280841827393
0.690222978591919
0.4982549250125885
0.7856127023696899
0.7150169014930725
0.8326795697212219
0.5624247193336487
0.7608529925346375
0.5457338690757751
0.7715564966201782
1.0
0.637704610824585
1.0
0.6115037798881531
0.7808929085731506
0.8241720795631409
0.6926952600479126
0.6651585102081299
0.47807249426841736
0.8455414772033691
0.8857565522193909
1.0
0.7965853810310364
0.7807008624076843
0.8042863011360168
0.7644345164299011
0.8997889757156372
1.0
0.7476840615272522
0.7953457832336426
0.7563022375106812
0.7030906081199646
0.8563429713249207
0.7169460654258728
0.7310810685157776
0.7114531397819519
0.8039677739143372
0.7616679072380066
0.8132213950157166
0.5790563225746155
0.8847354054450989
0.8594908714294434
0.7927531599998474
0.9085169434547424
0.783370852470398
0.7820769548416138
0.8397279977798462
0.6653076410293579
0.5705141425132751
0.8300735950469971
0.7280317544937134
0.818925142288208
0.7322500348091125
0.6150048971176147
0.7442671656608582
0.6056790351867676
0.8565914630889893
0.7454071044921875
0.7451118230819702
0.7814316153526306
0.7783177495002747
0.7239779233932495
0.6343243718147278
0.7679951786994934
0.8244616985321045
0.6152249574661255
0.7672509551048279
0.7005152106285095
0.7340696454048157
0.7423080801963806
0.8265565633773804
0.48131054639816284
0.799416184425354
0.6955459117889404
0.7557927370071411
0.7336012721061707
1.0
0.5203629732131958
1.0
0.6805011630058289
0.7056204080581665
0.7656261324882507
0.7053189277648926
0.704114556312561
0.8775338530540466
0.6838299632072449
0.6710279583930969
0.7722364068031311
0.650688111782074
0.7230150699615479
0.6731363534927368
0.7508756518363953
0.7762491106987
0.6732300519943237
0.6026517748832703
0.7845291495323181
0.15536218881607056
0.786564290523529
0.7468599677085876
0.7107223868370056
0.7982380986213684
0.871778130531311
0.7327441573143005
0.8380963206291199
0.7691038846969604
0.8257562518119812
1.0
0.7840263247489929
0.5546667575836182
0.8487306237220764
1.0
0.5451919436454773
0.5705336332321167
0.8042863011360168
0.8173274397850037
0.7772982716560364
0.585053026676178
0.6155703067779541
0.7277688980102539
0.6592637896537781
1.0
0.6660277843475342
0.6731383204460144
0.8428714275360107
0.8386945128440857
0.8592550754547119
0.808339536190033
0.8627389073371887
0.7896285057067871
0.7779766917228699
0.5117313861846924
