0.8772647380828857
0.811269998550415
0.7478375434875488
0.8841974139213562
0.7122589349746704
0.5218774080276489
0.8349587917327881
0.8772450089454651
0.8912663459777832
0.795003354549408
0.8575419187545776
0.9684821367263794
0.9546267986297607
0.9558501839637756
0.9442512392997742
0.9247737526893616
0.7944361567497253
0.7682065367698669
0.7153215408325195
0.9424347877502441
0.8390644192695618
0.6925961971282959
0.719691276550293
0.6911698579788208
0.6299393177032471
0.8727081418037415
0.772638201713562
0.6278055906295776
0.9656603336334229
0.797530472278595
0.806941032409668
0.7935522198677063
0.7502920031547546
0.9136487245559692
0.85847407579422
0.6225370764732361
0.6957941651344299
0.8706392049789429
0.9290489554405212
0.731587827205658
0.7098843455314636
0.7217861413955688
0.7847872972488403
0.8350817561149597
0.8217220902442932
0.7663714289665222
0.9316462874412537
0.7354931831359863
0.9249043464660645
0.9248867034912109
0.8992645740509033
0.958755612373352
0.9039921164512634
0.7820596694946289
0.8494483828544617
0.7786120176315308
0.7456457018852234
0.801655113697052
0.8515090942382812
0.8165939450263977
0.8742048144340515
0.8410604596138
0.9107904434204102
0.7470769286155701
0.7593826055526733
0.9857797622680664
0.8823034763336182
0.9266442060470581
0.8379316329956055
0.8650401830673218
0.9485980272293091
0.7542743682861328
0.7797115445137024
0.7882411479949951
0.7689042091369629
0.919406533241272
0.9468994140625
0.7377743124961853
0.5280413031578064
0.8224798440933228
0.9560960531234741
0.887191891670227
0.7635231018066406
0.7876378893852234
0.9616584777832031
0.7541266679763794
0.8971185684204102
0.7872822284698486
0.8448992371559143
0.8347011804580688
0.8892832398414612
0.8732504844665527
0.8321987390518188
0.8380275964736938
0.7625525593757629
0.9074568748474121
0.8603236079216003
0.7484262585639954
0.8665719628334045
0.9440472722053528
0.7734565734863281
0.7745142579078674
0.7238703966140747
0.8119779229164124
0.8884363174438477
0.8371928334236145
0.7651421427726746
0.8119525909423828
0.8222918510437012
0.8966835737228394
0.917025625705719
0.7993077635765076
0.7108269333839417
0.8355081677436829
0.8369966149330139
0.9151955842971802
0.8815010786056519
0.7675638794898987
0.6936442852020264
0.7864983081817627
0.780419647693634
0.789645791053772
0.7577758431434631
0.7706477046012878
0.7483105659484863
0.7222595810890198
0.8758090734481812
0.8207232356071472
0.8496171236038208
0.6825780272483826
0.8708656430244446
0.9187383055686951
0.832462728023529
0.9842010736465454
0.8331806063652039
0.7548695206642151
0.759645938873291
0.8465880155563354
0.8872060179710388
0.9437698125839233
0.8419471979141235
0.8110756874084473
0.8401806354522705
0.9184825420379639
0.7869572043418884
0.8162967562675476
0.8915454745292664
0.79413902759552
0.8943721055984497
0.8318942189216614
0.9439566135406494
0.8518730401992798
0.9515328407287598
0.9825316071510315
0.8671936988830566
0.6322250962257385
0.6709949970245361
0.8353867530822754
0.8024067878723145
0.6251158714294434
0.8677754998207092
0.8048197031021118
0.8350434303283691
0.8010139465332031
0.7433202862739563
0.8595696687698364
0.8459428548812866
0.7913556098937988
0.8444740176200867
0.8068557977676392
0.9359670281410217
0.6928248405456543
0.9097548723220825
0.8801535964012146
0.8389930725097656
0.8241684436798096
0.7867565155029297
0.9259724020957947
0.6843964457511902
0.8929650187492371
0.9024840593338013
0.6358341574668884
0.9468242526054382
0.8962809443473816
0.6607814431190491
0.8793935775756836
0.8784199953079224
0.8652071356773376
0.6739383339881897
0.6926549077033997
0.7716355919837952
0.7979974746704102
0.7884378433227539
0.7692779302597046
0.797095000743866
0.7605923414230347
0.9694675803184509
0.71099454164505
0.8882664442062378
0.7497732043266296
0.8444039821624756
0.9750850796699524
0.7667959928512573
0.6327711939811707
0.7313682436943054
0.7487300038337708
0.9121694564819336
0.8846436142921448
0.7895567417144775
0.8707592487335205
0.7448961138725281
0.8366373181343079
0.8948761224746704
0.898914098739624
0.7610030174255371
0.9099078178405762
0.8357957005500793
0.9331662058830261
0.945468008518219
0.8659282326698303
0.8444763422012329
0.9276054501533508
0.8650544881820679
0.8370493650436401
0.8625550270080566
0.8002496361732483
0.91200190782547
0.9245721101760864
0.7062983512878418
0.6926942467689514
0.7829747796058655
0.9679192304611206
0.8331265449523926
0.8907268643379211
0.9596015214920044
0.6253108978271484
0.7206034660339355
0.9831393957138062
0.7367613315582275
0.9599506855010986
0.7206501364707947
0.7175239324569702
0.8467433452606201
0.8731184601783752
0.8508871793746948
0.8370769619941711
0.90447998046875
0.7889603972434998
0.8780748248100281
0.8557065725326538
0.8298923969268799
0.9802498817443848
0.8568353056907654
0.7387092709541321
0.9278801083564758
0.7941058874130249
0.7039720416069031
0.768562912940979
0.8733339905738831
0.7526679039001465
0.8288617134094238
0.8830493688583374
0.9146712422370911
0.8195369243621826
0.8071343302726746
0.9175858497619629
0.8819552659988403
0.833945631980896
0.8186637163162231
0.9001807570457458
0.8333510160446167
0.9512596130371094
0.6759373545646667
0.8303333520889282
0.9340628385543823
0.7598025798797607
0.8403220176696777
0.6458632349967957
0.8949640393257141
0.8078835010528564
0.7698456645011902
0.7496232986450195
0.8035284280776978
0.7634066939353943
0.9018486738204956
0.9024911522865295
0.7190612554550171
0.7558573484420776
0.8479771018028259
0.7952854037284851
0.7756941318511963
0.855858564376831
0.8306295871734619
0.6213662624359131
0.797357439994812
0.9498240947723389
0.8967180252075195
0.9220113158226013
0.8184630870819092
0.8833691477775574
0.9199289679527283
0.7315977215766907
0.7585214972496033
0.7760051488876343
0.7676805257797241
0.7915290594100952
0.8707111477851868
0.7849387526512146
0.9151856303215027
0.8663327693939209
0.9884167909622192
0.9394296407699585
0.7928676605224609
0.794728696346283
0.8895890712738037
0.8974241614341736
0.8467453122138977
0.9251893758773804
0.7161783576011658
0.8965800404548645
0.8478010892868042
0.8081924319267273
0.9060013294219971
0.782012939453125
0.8130837082862854
0.8868101239204407
0.8064597845077515
0.8841782212257385
0.808662474155426
0.7492081522941589
0.8728015422821045
0.9006247520446777
0.8044508695602417
0.8103143572807312
0.874386191368103
0.7038984298706055
0.703620195388794
0.8426178097724915
0.8992286324501038
0.8066427111625671
0.7961676716804504
0.8936227560043335
0.8478908538818359
0.623747706413269
0.7972806096076965
0.8122522830963135
0.8053091168403625
0.5310707092285156
0.8242266774177551
0.9304259419441223
0.7988735437393188
0.7666470408439636
0.754547655582428
0.8129570484161377
0.6899359822273254
0.8279731273651123
0.888067901134491
0.9361153841018677
0.8657476902008057
0.8723256587982178
0.7650278210639954
0.776828408241272
0.778647243976593
0.9132985472679138
0.8252487778663635
0.7691028118133545
0.8824582695960999
0.8926566243171692
0.91099613904953
0.9011450409889221
0.858109176158905
0.859505832195282
0.6754268407821655
0.9542454481124878
0.6669553518295288
0.9496637582778931
0.8330856561660767
0.9333673715591431
0.6928666234016418
0.8087464570999146
0.7105503082275391
0.8031051754951477
0.7306460738182068
0.6368542313575745
0.8744531869888306
0.8433453440666199
0.8369362354278564
0.6899353861808777
1.0
0.7155129313468933
0.8294724822044373
0.9159526228904724
0.8616333603858948
0.8265278935432434
0.8816388249397278
0.8591484427452087
0.8729761838912964
0.7612607479095459
0.9044031500816345
0.8426473736763
0.8194737434387207
0.5779498219490051
0.7768410444259644
0.7329165935516357
0.7978046536445618
0.8278512954711914
0.7993316650390625
0.628524899482727
0.8627782464027405
0.8782387375831604
0.8975130915641785
0.7752431631088257
0.9732809066772461
0.8773699998855591
0.7768973708152771
0.7728911638259888
0.8095433115959167
0.9771397709846497
0.8447481989860535
0.8423337340354919
0.8365909457206726
0.7048681378364563
0.6742225885391235
0.8308267593383789
0.966925323009491
0.9773106575012207
0.7552645802497864
0.6387171149253845
0.7940555810928345
0.7171499133110046
0.8521508574485779
0.8058472275733948
0.804184079170227
0.7766084671020508
0.8314389586448669
0.8994325399398804
0.8482404947280884
0.8590006232261658
0.842486560344696
0.943627655506134
0.8067626953125
0.8693831562995911
0.9772425889968872
0.7872996926307678
0.7924475073814392
0.8265457153320312
0.6990953087806702
0.6896287798881531
0.8348357081413269
0.9439473748207092
0.9705885648727417
0.9165151715278625
0.7591074705123901
0.8905048370361328
0.6429686546325684
0.8955743908882141
0.8677026629447937
0.8594282269477844
0.46215906739234924
0.9338399767875671
0.845698893070221
0.6583919525146484
0.8491373062133789
0.9408532977104187
0.7426683306694031
0.9235171675682068
0.5431849360466003
0.8770065903663635
0.9023692607879639
0.8531791567802429
0.8532721400260925
0.7958475351333618
0.7891169190406799
0.8540714383125305
0.6795018315315247
0.6873833537101746
0.8945440649986267
0.783890962600708
0.8770009279251099
0.829820990562439
0.6774788498878479
0.8242281079292297
0.7585068941116333
0.8276934623718262
0.8527746796607971
0.8125154972076416
0.9034436345100403
0.8796766996383667
0.8195212483406067
0.8329074382781982
0.8431104421615601
0.9398050904273987
0.7804380655288696
0.7835894227027893
0.6443377137184143
0.8500416278839111
0.7831202745437622
0.8258565068244934
0.6916188597679138
0.7562456727027893
0.9162513017654419
0.8664639592170715
0.9394031763076782
0.7138213515281677
0.8653072714805603
0.9390920996665955
0.664046585559845
0.8422127962112427
0.8716745972633362
0.8206561207771301
0.8092588782310486
0.8698002099990845
0.8081461787223816
0.753257155418396
0.8194141983985901
0.9418243765830994
0.49597030878067017
0.7561948895454407
0.7173575758934021
0.8001065850257874
0.8561685681343079
0.8431475758552551
0.8201932907104492
0.6354238390922546
0.8978540897369385
0.6035189628601074
0.7426621317863464
0.7651863694190979
0.7692480683326721
0.7615379691123962
0.7129161357879639
0.8910393118858337
0.8889553546905518
0.9313604235649109
0.7754099369049072
0.7067651152610779
0.8858847618103027
0.9060050249099731
0.824416995048523
0.9158537983894348
0.778403639793396
0.739925742149353
0.7663714289665222
0.8892213702201843
0.7877079844474792
0.7737615704536438
0.8287834525108337
0.7455909848213196
0.902319073677063
0.8219483494758606
0.9468461871147156
0.9740214943885803
1.0
0.8297154903411865
0.9201919436454773
0.7904809713363647
0.8422420620918274
0.7973051071166992
0.7996002435684204
0.8110560774803162
0.8977741599082947
0.9289857745170593
0.7693265080451965
0.7899810075759888
0.9043489098548889
0.9035481810569763
0.8110346794128418
0.9546894431114197
0.8192204833030701
0.7883234620094299
0.7968409657478333
0.7974739670753479
0.8362107872962952
0.8904137015342712
0.7927752733230591
0.7938734889030457
0.796521782875061
0.8057751059532166
0.8339484930038452
0.9560585021972656
0.7656075358390808
0.7704074382781982
0.8192206621170044
0.8682951331138611
0.7824060320854187
0.904988169670105
0.8822041749954224
0.8254238367080688
0.7501751780509949
0.6453342437744141
0.8502554893493652
0.7337175607681274
0.7987018823623657
0.9401631355285645
0.8224501609802246
0.7536662817001343
0.8549189567565918
0.7566782832145691
0.6426532864570618
0.8457787036895752
0.9525474309921265
0.7203300595283508
0.8361294865608215
0.8243162035942078
0.9165010452270508
0.9160668849945068
0.8826739192008972
0.8167787194252014
0.8715028166770935
0.7980823516845703
0.7470980286598206
0.7404329180717468
0.9085089564323425
0.8591120839118958
0.8190646767616272
0.8442736864089966
0.8994894623756409
0.8834781050682068
0.7754437327384949
0.7489173412322998
0.8290567398071289
0.802788257598877
0.6987714171409607
0.9151417016983032
0.8327058553695679
0.7820039391517639
0.8515413999557495
0.8351936936378479
0.8999081254005432
0.7340551614761353
0.7266749143600464
0.6534315943717957
0.7065423130989075
0.8689610958099365
0.8119196891784668
0.8786780834197998
0.8048798441886902
0.7976505756378174
0.8732442259788513
0.8947058916091919
0.9227690696716309
0.7506998181343079
0.7122589349746704
0.6765763759613037
0.9508307576179504
0.8871040344238281
0.9772772192955017
0.8279861807823181
0.8885642886161804
0.8674243688583374
0.7760559916496277
0.7918673157691956
0.8300690054893494
0.8613414764404297
0.7987173795700073
0.9205446243286133
0.9077518582344055
0.9332615733146667
0.884749174118042
0.7628365755081177
0.7764951586723328
0.7724862694740295
0.751656174659729
0.6943514347076416
0.9215547442436218
0.7757307887077332
0.727284848690033
0.8278971314430237
0.8888433575630188
0.7673475742340088
0.9377815127372742
0.7736555337905884
0.9428058862686157
0.8043895959854126
0.7949161529541016
0.8004798293113708
0.8447127938270569
0.8010208010673523
0.9004013538360596
0.8414518237113953
0.7760429978370667
0.7322866916656494
0.7846865057945251
0.6502726078033447
0.8697449564933777
0.8339315056800842
0.9242846369743347
0.8601610064506531
0.7687317132949829
0.8279569149017334
0.9772995114326477
0.6864756941795349
0.7970638871192932
0.8070276379585266
0.6886934638023376
0.8272621035575867
0.77001953125
0.7925061583518982
0.7668308615684509
0.7497557401657104
0.7527747750282288
0.9496211409568787
0.9681630730628967
0.8571130633354187
0.7950296401977539
0.8700675964355469
0.7491380572319031
0.7776795625686646
0.9310740232467651
0.8183339834213257
0.9004815816879272
0.7481176257133484
0.9273573160171509
0.8147546052932739
0.8883959054946899
0.8579502105712891
0.7765915989875793
0.8891189694404602
0.8486080169677734
0.7936180233955383
0.9236063957214355
0.8956149816513062
0.7556481957435608
0.8342121839523315
0.948976993560791
0.8821402192115784
0.7924825549125671
0.9820175766944885
0.7613776326179504
0.6845901608467102
0.8463701605796814
0.8698201775550842
0.8904532194137573
0.8945549130439758
0.8298601508140564
0.806445837020874
0.9163791537284851
0.6529111862182617
0.7154229879379272
0.8710983991622925
0.7658788561820984
0.9048139452934265
0.875094473361969
0.7008983492851257
0.8331607580184937
0.7517628073692322
0.8762387037277222
0.7769759893417358
0.7253825664520264
0.8542149066925049
0.8056986927986145
1.0
0.6873445510864258
0.8770328760147095
0.8135281205177307
0.7409760355949402
0.8135281205177307
0.9421923160552979
1.0
0.8172016143798828
1.0
0.7179058194160461
1.0
0.8798227906227112
0.8692240118980408
0.9287128448486328
1.0
0.8696230053901672
1.0
0.9262096285820007
0.8193846940994263
0.8803532719612122
0.7924709320068359
0.9122524261474609
1.0
0.8930206298828125
1.0
0.8996631503105164
1.0
0.6895544528961182
0.9287128448486328
0.9287128448486328
0.7691532969474792
0.9287128448486328
1.0
0.9031210541725159
0.9303367137908936
0.9269264340400696
1.0
1.0
1.0
0.8487212657928467
0.9331644177436829
0.8930206298828125
0.8930206298828125
0.8930206298828125
0.8069278597831726
0.8069278597831726
0.8930206298828125
0.8930206298828125
0.9350244402885437
0.9163715243339539
0.8777369856834412
0.9657230377197266
1.0
0.9331644177436829
0.7906332015991211
0.9331644177436829
0.5807304382324219
0.743971586227417
0.7419316172599792
0.7769635915756226
0.6868283152580261
1.0
0.6916541457176208
0.868401825428009
0.7430387139320374
1.0
0.6904861927032471
0.9508768916130066
0.705506443977356
0.6938516497612
1.0
1.0
0.5555945038795471
0.6965835094451904
0.8879375457763672
0.9454048871994019
0.9186748266220093
0.7955135107040405
0.9132884740829468
0.7799825668334961
0.9523059725761414
0.8827647566795349
0.7318826913833618
0.9541378617286682
0.8627498745918274
1.0
0.8839711546897888
0.8135281205177307
0.9205099940299988
0.8058957457542419
0.831573486328125
0.910954475402832
0.8780918717384338
0.7742525935173035
0.8202068209648132
1.0
0.8556929230690002
0.6501446962356567
0.7561829090118408
0.8090963363647461
0.730800211429596
0.9159841537475586
0.8352129459381104
0.7309116125106812
0.7149668335914612
0.8069278597831726
0.727183997631073
0.8930692076683044
0.7158260941505432
0.9300294518470764
0.8932466506958008
0.7839970588684082
0.8129234910011292
0.9343255758285522
1.0
0.8879333138465881
0.9054018259048462
0.8069278597831726
0.6959075927734375
0.7541012763977051
0.44445276260375977
0.7107206583023071
0.7251795530319214
0.7295774221420288
0.7251795530319214
0.9078033566474915
0.6867578029632568
0.5714582800865173
0.6867578029632568
0.6867578029632568
1.0
0.9300400018692017
0.8048728108406067
0.821053147315979
0.9457168579101562
0.8930206298828125
0.7601511478424072
0.7608532309532166
0.6686477661132812
0.7386623024940491
0.7275498509407043
0.8091998100280762
0.9031659364700317
0.9139394760131836
0.9463437795639038
0.8665306568145752
0.8513652682304382
0.9463437795639038
0.7836834192276001
1.0
0.681735634803772
0.5811917185783386
0.7739988565444946
0.8844935297966003
1.0
1.0
0.7579898834228516
0.7573306560516357
0.7573306560516357
0.7534633278846741
0.5191748738288879
0.899365246295929
0.7369284629821777
0.6723453998565674
0.9140470623970032
1.0
0.9331644177436829
0.6091406941413879
0.9048423171043396
0.6538146138191223
0.7287255525588989
0.6796538829803467
0.8967311382293701
1.0
0.8481924533843994
0.6230931282043457
0.9130302667617798
0.6871095895767212
0.726912796497345
0.5305938124656677
0.771929919719696
0.730827808380127
0.7393832802772522
0.6766713857650757
0.7346903085708618
0.7346903085708618
0.5780915021896362
0.6817641258239746
0.8538413643836975
0.8523198366165161
0.901149332523346
0.8326441049575806
0.7211071848869324
0.9851617813110352
0.5906401872634888
0.8399917483329773
0.8497670292854309
0.5025739073753357
0.634227454662323
0.948412299156189
0.7673850059509277
0.8909808993339539
1.0
0.8274886012077332
0.910954475402832
0.7248964905738831
0.9421923160552979
0.6912565231323242
0.7772377133369446
0.8315809369087219
0.7242171168327332
0.759602963924408
1.0
0.5822725892066956
0.8269606828689575
0.8620900511741638
0.8558807373046875
0.7060694694519043
0.9463437795639038
0.8668746948242188
0.8734477162361145
0.9319109916687012
0.9421923160552979
0.9155170321464539
0.8586322665214539
0.7712892293930054
0.8494576215744019
0.9205099940299988
0.7433304190635681
0.893661379814148
0.8907139897346497
0.5541335940361023
0.7491201758384705
0.7252594828605652
0.7447180151939392
0.919642984867096
0.8309603929519653
0.5622465014457703
0.7288259863853455
0.8382634520530701
0.8246715664863586
0.8697865009307861
0.8684747219085693
0.6122145056724548
0.716214656829834
0.7005582451820374
0.8585296273231506
0.6071953177452087
0.5737682580947876
0.8076024651527405
0.7142727375030518
0.2539976239204407
0.7830222249031067
0.6826062202453613
0.7244749665260315
0.5684083104133606
0.8720875382423401
0.9031210541725159
0.7755441069602966
0.8108795881271362
0.8949929475784302
0.4675520062446594
0.5769011378288269
0.4935729503631592
0.6962193846702576
0.4995538294315338
0.8135281205177307
0.8790833353996277
0.9013655185699463
0.9205099940299988
0.6989440321922302
0.765982449054718
0.9287128448486328
0.5693188309669495
0.7598173022270203
0.6754088401794434
0.5272743105888367
0.9214670658111572
0.7538915872573853
0.8152165412902832
0.7790371775627136
0.7192188501358032
0.7619566917419434
0.8606057167053223
0.927543044090271
0.575819730758667
0.6252456307411194
0.7472255229949951
0.8696505427360535
0.6706679463386536
0.6239299774169922
0.5947855114936829
0.8880509734153748
0.7930372953414917
0.7210464477539062
0.7893680930137634
0.6790820360183716
0.6223134994506836
0.5565668940544128
0.833623468875885
0.7974679470062256
0.7316217422485352
0.6943835020065308
0.8587712049484253
0.7307673692703247
0.5790984034538269
0.42415520548820496
0.6781086921691895
0.6458517909049988
0.8546167612075806
0.6483380794525146
0.7614082098007202
0.5389900207519531
0.5213658809661865
0.7762775421142578
0.9132011532783508
0.6642204523086548
0.8930206298828125
0.6458518505096436
0.8500488996505737
0.6418656706809998
0.6713705062866211
0.5244836807250977
0.6025372743606567
0.6025372743606567
0.7770995497703552
0.6051434874534607
0.6962897777557373
0.5467839241027832
0.6050704121589661
0.6964429616928101
0.6786261796951294
0.7125266790390015
0.8658645749092102
0.7625023126602173
0.6531732082366943
0.948412299156189
0.7552578449249268
0.6612261533737183
0.5236689448356628
0.7190781235694885
0.5959047079086304
0.8121566772460938
0.8537627458572388
0.714085042476654
0.6166219115257263
0.6252703070640564
0.5914212465286255
0.5902599692344666
0.7459909319877625
0.6196259260177612
0.5555499792098999
0.5769519805908203
0.6040490865707397
0.5480061173439026
0.5928868651390076
0.6310036182403564
0.6207104325294495
0.858135461807251
0.8271695375442505
0.9463437795639038
0.6698687076568604
0.7663646340370178
0.576355516910553
0.4142218232154846
0.7408028841018677
0.5184009671211243
0.7386623024940491
0.6886305809020996
0.6913248896598816
0.5859454274177551
0.3816983103752136
0.8020023107528687
0.6746254563331604
0.730827808380127
0.5716251730918884
0.4558764100074768
0.6828514933586121
0.7525215744972229
0.8260989785194397
0.5681207776069641
0.6249714493751526
0.3535768687725067
0.6287655234336853
0.7995285391807556
0.7377086877822876
0.792189359664917
0.8534058928489685
0.6178434491157532
0.47244682908058167
0.7688753008842468
0.8162471652030945
0.6536369323730469
0.5871530175209045
0.5746992826461792
0.8882469534873962
0.8386741280555725
0.809268593788147
0.758863091468811
0.6321476697921753
0.7673888802528381
0.7285622358322144
0.7759560942649841
0.7988865375518799
0.7385683655738831
0.7440820336341858
0.878677248954773
0.8545713424682617
0.7607863545417786
0.674218475818634
0.7403548955917358
0.7727369070053101
0.6660204529762268
0.8194147348403931
0.8078135251998901
0.5998422503471375
0.8880277872085571
0.5560585856437683
0.8216564655303955
0.6095338463783264
0.6173030734062195
0.5302956700325012
0.46923354268074036
0.5789181590080261
0.6426730751991272
0.5162690877914429
0.6093844771385193
0.8649111986160278
0.7385855913162231
0.8006008267402649
0.8096201419830322
0.672732949256897
0.7325664758682251
0.7123398780822754
0.959691047668457
0.8737949728965759
0.7722135186195374
0.8242969512939453
0.721466600894928
0.4215804934501648
0.5327234864234924
0.5155385136604309
0.8242567777633667
0.5192253589630127
0.7212434411048889
0.5148500204086304
0.5537040829658508
0.641097366809845
0.6460034251213074
0.8620617985725403
0.5258879661560059
0.6825297474861145
0.5372567176818848
0.7618375420570374
0.798214852809906
0.7321571111679077
0.8798510432243347
0.8358978033065796
0.7168282270431519
0.6462379693984985
0.6758055686950684
0.6144695281982422
0.5908229947090149
0.5864919424057007
0.5917484164237976
0.5251631140708923
0.7232992649078369
0.5998452305793762
0.6708933711051941
0.4918324649333954
0.5523769855499268
0.6490152478218079
0.5390624403953552
0.7578299641609192
0.5612409114837646
0.6793466806411743
0.5286150574684143
0.6171230673789978
0.8122496008872986
0.7771096229553223
0.4119798243045807
0.6375111937522888
0.6600096821784973
0.684747040271759
0.5973517894744873
0.9100185036659241
0.5615960955619812
0.5869319438934326
0.6400339603424072
0.5525936484336853
0.6534826755523682
0.5211679935455322
0.411965548992157
0.5460982918739319
0.6968242526054382
0.9118761420249939
0.7430817484855652
0.9065737724304199
0.6005531549453735
0.6942927241325378
0.8071856498718262
0.6844679117202759
0.8255646824836731
0.6473919153213501
0.6820735931396484
0.7608986496925354
0.7565221786499023
0.6342631578445435
0.7133402824401855
0.672019898891449
0.6898194551467896
0.5626094341278076
0.733600914478302
0.49550408124923706
0.8157880306243896
0.37974849343299866
0.7165732383728027
0.6631856560707092
0.5649007558822632
0.7891237735748291
0.5308467745780945
0.7922504544258118
0.6699793934822083
0.8221889734268188
0.5486561059951782
0.7662387490272522
0.6719144582748413
0.8686544299125671
0.5768940448760986
0.6366879343986511
0.5191112756729126
0.4529883563518524
0.650436520576477
0.6705451607704163
0.5433040857315063
0.5583760142326355
0.5689538717269897
0.5623599886894226
0.5646592378616333
0.3978763520717621
0.6504770517349243
0.6028264164924622
0.6210117936134338
0.5412582755088806
0.6991138458251953
0.25860852003097534
0.8310129046440125
0.5286673307418823
0.5388360023498535
0.5758298635482788
0.7071794271469116
0.42105886340141296
0.7662004232406616
0.929656982421875
0.4681118130683899
0.69175785779953
0.5794553756713867
0.48996058106422424
0.7406549453735352
0.7706294059753418
0.6198903918266296
0.6345787048339844
0.6307920813560486
0.8125116229057312
0.47105634212493896
0.5470901131629944
0.7855448126792908
0.6168074607849121
0.9318944215774536
0.5134981274604797
0.621002197265625
0.6472376585006714
0.7472255229949951
0.7094597220420837
0.6912553310394287
0.7880219221115112
0.9336697459220886
0.6584332585334778
0.6484414935112
0.5871322751045227
0.6251875162124634
0.6073409914970398
0.8402757048606873
0.752124547958374
0.6352806687355042
0.6519201993942261
0.3847319185733795
0.5277540683746338
0.6269466280937195
0.7525877952575684
0.5954306721687317
0.5742123126983643
0.4201183021068573
0.7161940336227417
0.6817758083343506
0.6565722823143005
0.6844629645347595
0.5990837812423706
0.5492390394210815
0.6660742163658142
0.6025782227516174
0.3858979046344757
0.7816348671913147
0.6988878846168518
0.5854407548904419
0.7203345894813538
0.7687904238700867
0.4523651897907257
0.511644184589386
0.8042260408401489
0.6160861253738403
0.4509546458721161
0.4247802197933197
0.43573319911956787
0.5987416505813599
0.4936198890209198
0.5409901142120361
0.7372592687606812
0.5797261595726013
0.8506994247436523
0.4848780333995819
0.5049537420272827
0.6365487575531006
0.47604846954345703
0.30281636118888855
0.55576092004776
0.5052717328071594
0.8835417628288269
0.415922075510025
0.6701967120170593
0.7115670442581177
0.4241386950016022
0.5524062514305115
0.3299206495285034
0.7333888411521912
0.4885919690132141
0.4666438102722168
0.6462053656578064
0.38730311393737793
0.8106935024261475
0.6377469897270203
0.5175924301147461
0.4862577021121979
0.4047960937023163
0.5371226072311401
0.6798404455184937
0.46572166681289673
0.5635166764259338
0.4673444330692291
0.663446843624115
0.6148825287818909
0.7849130630493164
0.6818549036979675
0.7602537870407104
0.5345356464385986
0.6110469102859497
0.45499005913734436
0.5153562426567078
0.8042958974838257
0.4629890024662018
0.5745067000389099
0.8402310609817505
0.7822765707969666
0.4169463813304901
0.7672697901725769
0.43724325299263
0.48955413699150085
0.5507579445838928
0.81554114818573
0.7143363952636719
0.5604208707809448
0.7571670413017273
0.5319027900695801
1.0
0.6937289834022522
0.6665339469909668
0.680889368057251
0.6855565905570984
0.4783269464969635
0.4837920069694519
0.7574723362922668
0.3850630223751068
0.5453466773033142
0.523122251033783
0.47085392475128174
0.6816431879997253
0.6625158786773682
0.4652622640132904
0.5760557651519775
0.7435482144355774
0.5624485015869141
0.7728708386421204
0.7416097521781921
0.5394431352615356
0.4327685832977295
0.7262861132621765
0.7261613607406616
0.4899148941040039
0.7242457866668701
0.675376832485199
0.6432014107704163
0.6933043599128723
0.2766311466693878
0.7469801902770996
0.6976462006568909
0.6521649360656738
0.5889955163002014
0.6253754496574402
0.7215185165405273
0.5354103446006775
0.5904017090797424
0.4270462095737457
0.6687405109405518
0.5135377049446106
0.2690485715866089
0.557340681552887
0.5536776781082153
0.49487751722335815
0.5821616649627686
0.4137098491191864
0.6180092692375183
0.4739097058773041
0.5585759282112122
0.6230148077011108
0.3788091242313385
0.5151346921920776
0.540203332901001
0.5683931112289429
0.7393907904624939
0.5412759780883789
0.4862367510795593
0.5445598363876343
0.4912746250629425
0.47889164090156555
0.6606288552284241
0.7567265629768372
0.8120650053024292
0.7210668325424194
0.48303714394569397
0.5061124563217163
0.6184905171394348
0.5211384892463684
0.6770667433738708
0.5151475667953491
0.42175057530403137
0.49388420581817627
0.5393186211585999
0.6147005558013916
0.8833648562431335
0.8903857469558716
0.8803339600563049
0.9251319169998169
0.7887398600578308
0.8443424105644226
0.8346580266952515
0.8625719547271729
0.8257685899734497
0.9364109635353088
0.9105783700942993
0.7838051319122314
0.9427483081817627
0.9608280062675476
0.8386213779449463
0.8547718524932861
0.732501745223999
0.9452493190765381
0.8574070930480957
0.8389267921447754
0.8549949526786804
0.8011627197265625
0.9332736134529114
0.8287060260772705
0.8919724822044373
0.7786404490470886
0.5544736981391907
0.7531119585037231
0.9459524154663086
0.8116325736045837
0.9297915697097778
0.8868600726127625
0.9004453420639038
0.8359039425849915
0.8234627842903137
0.8779953122138977
0.7434377074241638
0.9101130366325378
0.7367516756057739
0.9098178148269653
0.8560356497764587
0.8888216614723206
1.0
0.7584766745567322
0.8653889298439026
0.8088061213493347
1.0
0.8257110714912415
0.916542112827301
0.8808819651603699
0.8278486132621765
0.9098875522613525
0.8460928201675415
0.7203680276870728
0.6746988892555237
0.8971498608589172
0.8820862174034119
0.5975404381752014
0.7579455375671387
0.8810293078422546
0.7678406238555908
0.9010681509971619
0.9051206111907959
0.7805764079093933
0.9464624524116516
0.8765127658843994
0.8512352108955383
0.8732679486274719
0.8888041377067566
0.9094289541244507
0.9079802632331848
0.8915071487426758
0.9226720333099365
0.7119420766830444
0.8761261105537415
0.9165831804275513
0.7915715575218201
0.7282752394676208
0.7832284569740295
0.9204978942871094
0.8464222550392151
0.8329242467880249
0.888127863407135
0.8741569519042969
0.7946203947067261
0.9582630395889282
0.904922366142273
0.8230912685394287
0.8414145708084106
0.9101130366325378
0.7884278893470764
0.9053455591201782
0.7348164916038513
0.8149648904800415
0.7786510586738586
1.0
0.8395414352416992
0.8627813458442688
1.0
0.9398300647735596
0.8213911652565002
0.8720661997795105
0.8700948357582092
0.9001265168190002
0.9909713268280029
1.0
0.8823084831237793
0.7404133081436157
0.9061670303344727
0.9601494669914246
0.8758302330970764
0.6775048971176147
0.8254978656768799
0.8461423516273499
0.8930333852767944
0.7836633920669556
0.8683789372444153
0.832804262638092
0.8999035358428955
0.6660314202308655
0.49988341331481934
0.8227845430374146
0.7325980067253113
0.7992557287216187
0.8714244365692139
0.8566625118255615
0.8161105513572693
0.8937739133834839
0.8460656404495239
0.8119083642959595
0.8693743348121643
0.8751349449157715
0.8290485143661499
0.8150017261505127
0.9361239075660706
0.7842040061950684
0.8055490851402283
0.8711515665054321
0.7987420558929443
0.856969952583313
0.8764185905456543
0.8118321895599365
0.8698420524597168
0.8699999451637268
0.8952575325965881
0.9445410966873169
0.8307992815971375
0.9350130558013916
0.9011396169662476
0.8814539909362793
0.8938358426094055
0.18922466039657593
0.7682943940162659
0.964481770992279
0.8598450422286987
0.9142655730247498
0.7974114418029785
1.0
0.920872151851654
0.805713951587677
0.8393099308013916
0.8319652676582336
0.9775228500366211
0.9266319274902344
0.7516193985939026
0.8934981822967529
0.5795237421989441
0.8967640399932861
0.9449089765548706
0.8538981080055237
0.740572452545166
0.19818338751792908
0.8556580543518066
0.9038867354393005
0.895926833152771
0.9121302366256714
0.7556269764900208
0.6883707642555237
0.8695758581161499
0.8766271471977234
0.8624590635299683
0.9010431170463562
0.7255664467811584
0.9362953901290894
0.8402667045593262
0.6591683030128479
0.9474328756332397
0.8768080472946167
0.8658130764961243
0.8225276470184326
0.6793053150177002
0.8158277273178101
0.8367038369178772
0.8177012801170349
0.8824519515037537
0.8278486132621765
0.8166041374206543
0.8467841148376465
0.8798161149024963
0.8852037787437439
0.8029964566230774
0.7842692732810974
0.6074375510215759
0.8400083184242249
1.0
0.8781149387359619
0.8835484385490417
0.9330306053161621
0.7531867623329163
0.800965428352356
0.6949512362480164
0.9352188110351562
0.8924102187156677
0.8646034598350525
0.7999868988990784
0.9685400724411011
0.8906251192092896
0.8246623873710632
0.8189797401428223
0.9134595990180969
0.7821137309074402
0.8489770889282227
0.8470805287361145
0.8216724395751953
0.8832890391349792
0.9069015383720398
0.9075988531112671
1.0
0.9507505297660828
0.8295395970344543
0.8891116380691528
0.9462621808052063
0.840032160282135
0.8378999829292297
0.7177028059959412
0.829100489616394
0.18327093124389648
0.9334094524383545
0.8792620897293091
0.8278486132621765
0.932961642742157
0.9020283222198486
0.7968863844871521
0.7735471725463867
0.8105577826499939
0.9416705965995789
0.7443042397499084
0.9076618552207947
0.8417083621025085
0.9358587265014648
0.8550267219543457
0.8043200373649597
0.8659933805465698
0.892446756362915
0.9063493013381958
1.0
0.744864284992218
0.8949992656707764
1.0
0.9536007046699524
0.8992530703544617
0.8642517328262329
0.8760302662849426
0.803261399269104
0.8186800479888916
0.8361716866493225
0.8660150766372681
0.9115319848060608
0.8412158489227295
0.6909890174865723
1.0
0.6727042198181152
0.824057400226593
0.8779953122138977
0.830326497554779
0.8868469595909119
0.8344020247459412
0.749781608581543
0.8830641508102417
0.962769627571106
0.8498586416244507
0.8101028203964233
0.8814991116523743
1.0
0.7742489576339722
0.8826315999031067
0.8320355415344238
0.9103192090988159
0.9775228500366211
0.8356623649597168
0.9582630395889282
0.800757110118866
0.8834384083747864
0.9216671586036682
0.9151337146759033
0.19842976331710815
0.9589197039604187
0.8944391012191772
0.9216671586036682
0.8913229703903198
0.7836833000183105
0.718074381351471
0.7215450406074524
0.8315722942352295
0.7132033705711365
0.7095135450363159
0.806238055229187
0.8610702753067017
0.8291158676147461
1.0
0.9058748483657837
0.8431696891784668
0.8622453212738037
0.76729816198349
0.9220150709152222
0.9418955445289612
0.7953755855560303
0.8999170064926147
0.7587332129478455
0.6153054237365723
0.9173721075057983
0.7181983590126038
0.9501420259475708
0.8446780443191528
0.7915715575218201
0.9279751777648926
0.8225242495536804
0.9348313808441162
0.753481388092041
0.7596775889396667
0.7459874153137207
0.8631551265716553
0.7852492928504944
0.91532963514328
0.1917780637741089
0.5573722720146179
0.8675110936164856
0.7920498847961426
0.8098171353340149
0.6062553524971008
0.7999582290649414
0.7725385427474976
0.9407036304473877
0.9245239496231079
0.8284958600997925
0.8601661920547485
0.9042900800704956
0.898533821105957
0.689437747001648
0.8463860154151917
0.8901958465576172
0.9028746485710144
0.7529835104942322
0.8492169380187988
0.7548045516014099
0.8122928142547607
0.8936102986335754
0.932961642742157
0.832949161529541
0.9152857065200806
0.8632186651229858
0.8592891693115234
0.9007822275161743
0.8712642192840576
0.8287747502326965
0.8911601305007935
0.7957264184951782
0.9167871475219727
0.696467936038971
0.8930425047874451
0.80733323097229
0.7774420976638794
0.8940020203590393
0.7407000660896301
0.9091612696647644
0.8854771256446838
0.8444148898124695
0.8721360564231873
0.9477697610855103
0.816786527633667
0.7611743807792664
0.8849295377731323
0.7604816555976868
0.891272246837616
0.6978645324707031
1.0
0.8165411353111267
0.7979826331138611
0.8254948854446411
0.8000344634056091
0.9468479156494141
0.7502689957618713
0.8889474868774414
0.8366665244102478
0.8927174806594849
0.7511854767799377
0.680358350276947
0.957367479801178
0.8573945760726929
0.9119002223014832
0.6062553524971008
0.8148009777069092
0.8642215728759766
0.9120967388153076
0.8922490477561951
0.8265562057495117
0.8068010210990906
0.9239826798439026
0.8761047720909119
0.8155996203422546
0.8841981887817383
1.0
0.9788264632225037
0.76729816198349
0.8695542216300964
0.9032240509986877
0.8698185086250305
0.7937833666801453
0.8849295377731323
0.8265562057495117
0.5602091550827026
0.746473491191864
0.8852673768997192
0.8869074583053589
0.7764829993247986
0.9359341263771057
0.89388108253479
0.8142299652099609
0.9051206111907959
1.0
0.7103758454322815
0.8804850578308105
0.8071560263633728
0.8579239845275879
0.8639132976531982
0.8389491438865662
0.8617192506790161
0.7756075263023376
0.8618484139442444
0.789093017578125
0.7821137309074402
0.8673362731933594
0.8854771256446838
0.6324104070663452
0.8668288588523865
0.8202139735221863
0.8930480480194092
0.7419155240058899
0.915282666683197
0.9449988603591919
0.8069344162940979
0.8996772170066833
0.8287747502326965
0.8803339600563049
0.9349908828735352
0.796962320804596
0.8669619560241699
0.7797694206237793
0.704868733882904
0.8236241936683655
0.8465135097503662
0.7330734729766846
0.7599108219146729
0.9010431170463562
0.7408256530761719
0.9142350554466248
0.7547956705093384
0.8675655126571655
0.9265421032905579
0.8036223649978638
0.914912223815918
0.6726016998291016
0.8362745046615601
0.8207223415374756
0.8815006017684937
0.9486550092697144
0.7408558130264282
0.8554621338844299
0.9062265157699585
0.9038738012313843
0.9707763195037842
0.8712969422340393
0.7560778856277466
0.8321872353553772
0.8624985218048096
0.8553858995437622
0.8642544150352478
0.9188351631164551
0.6852172613143921
0.8973546624183655
0.880510687828064
0.8762006163597107
0.8111509680747986
0.8108243942260742
0.8416814804077148
0.8340036273002625
0.8164836764335632
0.7680186629295349
0.7701817154884338
0.7241678237915039
0.9075192213058472
1.0
0.87513667345047
0.8759205937385559
0.8431203961372375
0.8216981887817383
0.8561367392539978
0.8998691439628601
0.8912975788116455
0.8425024747848511
0.9467324018478394
0.907625138759613
0.8507218956947327
0.7393031120300293
0.822466254234314
0.7328974008560181
0.810040295124054
0.8725582957267761
0.8391168117523193
0.7407411932945251
0.8901668190956116
0.8793697357177734
0.7294281125068665
0.8856816291809082
0.682905375957489
0.7842172980308533
0.9048240184783936
0.8361982107162476
0.8738648891448975
0.8475699424743652
0.8179260492324829
0.902326762676239
0.8361726999282837
0.7257547974586487
0.7771956324577332
0.9092662930488586
0.8282734155654907
0.8417041897773743
0.7781162261962891
0.9078286290168762
0.19842976331710815
0.7974042892456055
0.8594964742660522
0.8793631792068481
0.7697388529777527
0.8849238753318787
0.893425464630127
0.8651952743530273
0.8422250151634216
0.7223393321037292
0.8974322080612183
0.7745116949081421
0.8871704936027527
0.8967758417129517
0.8701594471931458
0.8999170064926147
0.9382266402244568
0.8895903825759888
0.8682113885879517
0.7809886336326599
0.7943450808525085
0.705105721950531
0.8928263783454895
0.9325181245803833
0.7142844200134277
0.7573069334030151
0.6151416897773743
0.801274836063385
0.7989302277565002
0.9204978942871094
0.8474203944206238
0.9529049396514893
0.8470109701156616
0.8159471750259399
0.9082472324371338
0.863399863243103
0.8526203036308289
0.7857856154441833
0.891272246837616
0.9896907806396484
0.8184316754341125
0.7285993695259094
0.8483119606971741
0.8000710606575012
0.6854473352432251
0.962769627571106
0.9216671586036682
0.8378905653953552
0.8701936602592468
0.683836817741394
0.896009624004364
0.8892763257026672
0.8840351104736328
0.8369670510292053
0.900692880153656
0.9092662930488586
0.807435154914856
0.9949470162391663
0.7804277539253235
0.770732045173645
0.8402667045593262
1.0
0.8650181889533997
0.6924375891685486
0.8220183253288269
0.6005228161811829
0.8377485275268555
0.8793964982032776
0.8708879351615906
0.7408862113952637
0.817122220993042
0.811957061290741
0.8170005083084106
1.0
0.7685093879699707
1.0
0.7911486625671387
0.9053455591201782
0.8868619799613953
0.8507567644119263
0.7457878589630127
0.9054920077323914
0.8913637399673462
0.8894092440605164
1.0
0.8636436462402344
0.8668288588523865
0.9245485067367554
0.8190544843673706
0.9163215160369873
1.0
0.8405624032020569
0.8986750841140747
0.8200007081031799
0.8645471334457397
0.9223908185958862
0.8700512647628784
0.7793889045715332
0.7814003825187683
0.9226720333099365
0.8525015711784363
0.9293112754821777
0.7065187692642212
0.9134595990180969
0.9204302430152893
0.9077475666999817
0.9301068186759949
0.8815006017684937
0.8697841167449951
0.9533540606498718
0.7512236833572388
0.8069344162940979
0.861847460269928
0.8682637214660645
0.8213474750518799
0.848923921585083
0.7628838419914246
0.7570096254348755
0.7702502608299255
0.9547910690307617
0.8881098628044128
0.8430984616279602
0.8754368424415588
0.9191573858261108
0.8350887298583984
0.750837504863739
0.8622453212738037
0.9589504599571228
0.7963786721229553
0.8796018958091736
0.8285409808158875
0.8172137141227722
0.7949919700622559
0.8718679547309875
0.7327530980110168
0.845485508441925
0.7826370596885681
0.9164453148841858
0.7984933257102966
1.0
0.7086221575737
1.0
0.8483959436416626
0.8132781982421875
0.8492169380187988
0.7994767427444458
0.8628373742103577
0.9462621808052063
0.7593204379081726
0.8435577154159546
0.8541818261146545
0.7272825241088867
0.8279643654823303
0.9216671586036682
0.839887261390686
0.8787611126899719
0.7774673104286194
0.7779167294502258
0.8671600818634033
0.1764497309923172
0.9427483081817627
0.7968432903289795
0.8272088170051575
0.8324429392814636
0.8999170064926147
0.8265066146850586
0.9071205258369446
0.8590438961982727
0.9166998863220215
1.0
0.9017009735107422
0.7305570244789124
0.8650545477867126
1.0
0.9582805633544922
0.7823969721794128
0.9245485067367554
0.8754453659057617
0.8458130955696106
0.9365214109420776
0.6871122717857361
0.8258987069129944
0.7846289277076721
1.0
0.8614091873168945
0.7668388485908508
0.9031410217285156
0.8806892037391663
0.859337568283081
0.8379084467887878
0.8627389073371887
1.0
0.872853696346283
0.7138450741767883
