0.8370913863182068
0.7793161273002625
0.7146059274673462
0.8624244928359985
0.6310862898826599
0.4537086486816406
0.7818107604980469
0.858409583568573
0.8865697979927063
0.7933609485626221
0.8258626461029053
0.9414560198783875
0.9523524045944214
0.9442692995071411
0.9226685166358948
0.9075953960418701
0.8026237487792969
0.6266534328460693
0.699583113193512
0.9385689496994019
0.8409345149993896
0.6510094404220581
0.6924595832824707
0.6555985808372498
0.6244405508041382
0.8653533458709717
0.7412817478179932
0.5840033888816833
0.9692363739013672
0.7898513078689575
0.7887800931930542
0.7781585454940796
0.7265486717224121
0.9122264385223389
0.7907976508140564
0.5447693467140198
0.6709178686141968
0.8548089265823364
0.9067856669425964
0.6940736174583435
0.6643122434616089
0.7069041728973389
0.7551934123039246
0.8079769015312195
0.8122652173042297
0.7542082071304321
0.9260892271995544
0.7286112904548645
0.9125487804412842
0.8967416882514954
0.8758943676948547
0.9597998261451721
0.8883019089698792
0.7366716265678406
0.8361074924468994
0.7353606224060059
0.6960998773574829
0.7332069277763367
0.8141677975654602
0.781991720199585
0.8585015535354614
0.8068415522575378
0.8842672109603882
0.725635826587677
0.7390648126602173
0.98579341173172
0.8736966848373413
0.9060925245285034
0.8042446374893188
0.8422763347625732
0.938616156578064
0.7360665798187256
0.7595823407173157
0.7551182508468628
0.7423450946807861
0.911357045173645
0.9386916756629944
0.71912682056427
0.4619722068309784
0.7701995372772217
0.955269455909729
0.8460026383399963
0.7233996987342834
0.7702354192733765
0.9617012739181519
0.7305670976638794
0.8948895931243896
0.7516709566116333
0.8231716752052307
0.8274409174919128
0.87034010887146
0.8605129718780518
0.8351303339004517
0.7928362488746643
0.7149723172187805
0.9005494117736816
0.8309175968170166
0.7292892336845398
0.8490614891052246
0.9148974418640137
0.7186293005943298
0.7220905423164368
0.6915175914764404
0.8119351863861084
0.8715824484825134
0.8318710923194885
0.7570926547050476
0.7656254768371582
0.809455931186676
0.89827960729599
0.9049047827720642
0.6566351652145386
0.6991791129112244
0.8447838425636292
0.7805700898170471
0.9028688669204712
0.8604691028594971
0.7303723692893982
0.6780637502670288
0.7702669501304626
0.7186198830604553
0.7581878304481506
0.6620283722877502
0.7264568209648132
0.7411755323410034
0.718122124671936
0.8631510138511658
0.8137118220329285
0.8388007283210754
0.639096200466156
0.8435943126678467
0.8966365456581116
0.7890490889549255
0.9520173072814941
0.813530683517456
0.7446579337120056
0.7211118936538696
0.8190343976020813
0.8611464500427246
0.9333356022834778
0.7940158843994141
0.8006839752197266
0.7935216426849365
0.9121609926223755
0.7652431130409241
0.8046319484710693
0.8527301549911499
0.7669115662574768
0.9007790684700012
0.7944717407226562
0.9203464388847351
0.8510598540306091
0.944961667060852
0.9770408272743225
0.8585561513900757
0.5644597411155701
0.6509109735488892
0.8115999102592468
0.754731297492981
0.6010516285896301
0.8388910889625549
0.795542299747467
0.8319672346115112
0.7236723303794861
0.720493733882904
0.8256216645240784
0.8007152676582336
0.7852250337600708
0.8251141309738159
0.7579776644706726
0.9363410472869873
0.6627837419509888
0.9017101526260376
0.859143078327179
0.8274781703948975
0.7896609902381897
0.7757301926612854
0.9113412499427795
0.6644814014434814
0.8871849775314331
0.9014110565185547
0.6063748002052307
0.927124559879303
0.8846532702445984
0.6248487234115601
0.8688052296638489
0.8730008602142334
0.8293558955192566
0.6684383749961853
0.6153419017791748
0.7546729445457458
0.694394052028656
0.788038969039917
0.7375673055648804
0.7744390964508057
0.7110871076583862
0.9583331346511841
0.6379207968711853
0.8786091804504395
0.7305523753166199
0.821138322353363
0.9747411608695984
0.696114182472229
0.5142732858657837
0.6737527251243591
0.707424521446228
0.9058786034584045
0.8748037219047546
0.731001079082489
0.8667082190513611
0.6315612196922302
0.8395313024520874
0.8831899762153625
0.9010439515113831
0.7379050254821777
0.8956696391105652
0.8339023590087891
0.9259491562843323
0.9127162098884583
0.8623286485671997
0.8273692727088928
0.9076831936836243
0.859161376953125
0.801659107208252
0.8312292695045471
0.7804211974143982
0.8977270126342773
0.8998593091964722
0.6623440384864807
0.6568701267242432
0.7350485920906067
0.9643701314926147
0.8201712965965271
0.8892591595649719
0.9214386343955994
0.5207944512367249
0.6939182877540588
0.9841681718826294
0.6573358774185181
0.9418293833732605
0.6902351379394531
0.6738797426223755
0.8334944248199463
0.832409143447876
0.8493000268936157
0.822006106376648
0.9016806483268738
0.7874645590782166
0.8738948702812195
0.8461989760398865
0.7943623065948486
0.9782813191413879
0.8507290482521057
0.7249888181686401
0.9146382212638855
0.762799859046936
0.6376621127128601
0.6882538199424744
0.8569157123565674
0.7223471403121948
0.8268948793411255
0.8558468222618103
0.878449559211731
0.7678242921829224
0.7795240879058838
0.9060738682746887
0.8523567318916321
0.8077526092529297
0.7766080498695374
0.8934949636459351
0.8261059522628784
0.9484370946884155
0.6130518317222595
0.8205689787864685
0.9086683392524719
0.7561090588569641
0.8183968663215637
0.6183674931526184
0.8912814259529114
0.7203673124313354
0.7369223833084106
0.6923502087593079
0.7793915271759033
0.7369666695594788
0.8814595937728882
0.8364810943603516
0.6457999348640442
0.7113369703292847
0.7150600552558899
0.763355553150177
0.7274302840232849
0.8277599811553955
0.8297742605209351
0.5758043527603149
0.7431549429893494
0.9482069611549377
0.8878032565116882
0.8596212863922119
0.7443180680274963
0.8262140154838562
0.9203877449035645
0.6874471306800842
0.7112582921981812
0.7778165936470032
0.7530286312103271
0.7829146385192871
0.8067044615745544
0.7599318027496338
0.9058339595794678
0.8497607707977295
0.9876794219017029
0.9161728620529175
0.7513408660888672
0.7413541078567505
0.8622295260429382
0.8911844491958618
0.8094419240951538
0.9087123870849609
0.6671585440635681
0.8836882710456848
0.8161362409591675
0.667485773563385
0.8919124007225037
0.7731338739395142
0.80500727891922
0.8572419285774231
0.7817800045013428
0.8803543448448181
0.7791028022766113
0.6699730157852173
0.869372546672821
0.8850563168525696
0.754531979560852
0.7470247745513916
0.8769871592521667
0.5947611927986145
0.6737440824508667
0.8404589891433716
0.8512153029441833
0.7919979095458984
0.7388123869895935
0.8807224631309509
0.7937515377998352
0.5047681331634521
0.7818414568901062
0.7531922459602356
0.7463300824165344
0.5178992748260498
0.8177860379219055
0.9222912192344666
0.7734906673431396
0.6834549903869629
0.748487114906311
0.7931295037269592
0.6554687023162842
0.8154405355453491
0.8524969220161438
0.9350013732910156
0.8373675346374512
0.8451900482177734
0.7477991580963135
0.7511695623397827
0.7576484680175781
0.9044698476791382
0.8019339442253113
0.7387229204177856
0.8741825222969055
0.8388350605964661
0.9120914936065674
0.8904643058776855
0.8468449711799622
0.8255310654640198
0.630675733089447
0.9485880732536316
0.5593656897544861
0.9246944189071655
0.8294509649276733
0.9246063232421875
0.6326811909675598
0.7661869525909424
0.6857984066009521
0.7556798458099365
0.7113271355628967
0.5633352994918823
0.8321360349655151
0.8382251858711243
0.8096623420715332
0.5641193985939026
1.0
0.6871420741081238
0.8001031279563904
0.8826418519020081
0.8231355547904968
0.8022211194038391
0.8612830638885498
0.8600118160247803
0.8626960515975952
0.6972838044166565
0.8987317085266113
0.8281582593917847
0.8285040259361267
0.5091313719749451
0.755582869052887
0.6863589286804199
0.7880623936653137
0.8039589524269104
0.7838646769523621
0.5738338232040405
0.8089255094528198
0.8801571130752563
0.8691453337669373
0.7516434192657471
0.9726173877716064
0.8655706644058228
0.7711634039878845
0.7378634214401245
0.7703093886375427
0.9608277678489685
0.8354233503341675
0.7924880385398865
0.7899649739265442
0.6759907603263855
0.6581817865371704
0.7944465279579163
0.9525608420372009
0.9731390476226807
0.7493076920509338
0.6295305490493774
0.7039352059364319
0.6146271824836731
0.8295882940292358
0.8043108582496643
0.7150242328643799
0.7494074106216431
0.803874671459198
0.8866535425186157
0.8033138513565063
0.8507629632949829
0.8044824004173279
0.9216176271438599
0.7852623462677002
0.8535305857658386
0.977076530456543
0.7823167443275452
0.7532222270965576
0.8043758869171143
0.6774025559425354
0.6511869430541992
0.8213146328926086
0.9479295611381531
0.9503452181816101
0.911310613155365
0.7585382461547852
0.8694683909416199
0.6125114560127258
0.8837649822235107
0.8593548536300659
0.8252434134483337
0.42931464314460754
0.9344260692596436
0.770867645740509
0.6117936968803406
0.82147616147995
0.9214838743209839
0.7032310366630554
0.9092090129852295
0.4714692234992981
0.8573715090751648
0.885870099067688
0.834345281124115
0.7738945484161377
0.7462315559387207
0.758066713809967
0.8365212678909302
0.6461958289146423
0.6615203022956848
0.8868094086647034
0.771256685256958
0.8332992196083069
0.8056325912475586
0.6702861785888672
0.7671718001365662
0.6993177533149719
0.8051899671554565
0.8221086859703064
0.7831391096115112
0.872086226940155
0.8654365539550781
0.7716472148895264
0.8115566372871399
0.8203992247581482
0.9412415027618408
0.7817310094833374
0.7545377612113953
0.5008124709129333
0.8522967100143433
0.7743443846702576
0.8269538879394531
0.6847185492515564
0.7455250024795532
0.887538492679596
0.8088018298149109
0.93581223487854
0.7080267667770386
0.8595572113990784
0.9335441589355469
0.5960935354232788
0.7858654260635376
0.8704546689987183
0.7709293961524963
0.7898216247558594
0.8283529877662659
0.7579790949821472
0.6901952028274536
0.7939434051513672
0.9418022632598877
0.43274691700935364
0.7036189436912537
0.6864035129547119
0.7680322527885437
0.8012248873710632
0.8147938251495361
0.807343065738678
0.580540657043457
0.8873376250267029
0.5571770071983337
0.7072843313217163
0.725341260433197
0.7292306423187256
0.7601271271705627
0.6844854354858398
0.8009199500083923
0.8746896386146545
0.934023916721344
0.7413418292999268
0.7030463814735413
0.858794629573822
0.8769723773002625
0.781089186668396
0.9068228602409363
0.7416508197784424
0.6679351925849915
0.7542082071304321
0.8495916128158569
0.7168421745300293
0.756447970867157
0.8321893811225891
0.7372428774833679
0.8828482031822205
0.7691909074783325
0.9340434074401855
0.9732020497322083
1.0
0.7869055867195129
0.9198788404464722
0.7647476196289062
0.8312086462974548
0.7855297923088074
0.7730588316917419
0.789919376373291
0.8709225058555603
0.9216758608818054
0.6654888391494751
0.7272774577140808
0.8939628601074219
0.8702486753463745
0.7986342906951904
0.9528573751449585
0.8074594736099243
0.7815678715705872
0.7756749987602234
0.7767998576164246
0.7982513904571533
0.8685886859893799
0.7497833371162415
0.7353931665420532
0.7537457942962646
0.7588188648223877
0.8172882795333862
0.93137526512146
0.7175712585449219
0.7426303625106812
0.800601601600647
0.8187615871429443
0.7153766751289368
0.8985157608985901
0.8617268800735474
0.7802858352661133
0.7393779754638672
0.6336665749549866
0.8399971127510071
0.7321442365646362
0.7677512764930725
0.9250237345695496
0.7780500054359436
0.7441480755805969
0.8070456981658936
0.727795422077179
0.5593242049217224
0.8211410045623779
0.94870525598526
0.6998435854911804
0.8341935873031616
0.793942391872406
0.9030272960662842
0.9098314046859741
0.8790363669395447
0.7850529551506042
0.8608293533325195
0.7864036560058594
0.7379419207572937
0.7172448039054871
0.8978439569473267
0.8373665809631348
0.7972515821456909
0.8436135053634644
0.8697835803031921
0.858020007610321
0.7259548306465149
0.7463265061378479
0.8210502862930298
0.7921273112297058
0.6666006445884705
0.8865227699279785
0.7978150844573975
0.7582458257675171
0.8229361176490784
0.8332904577255249
0.868451714515686
0.7193405628204346
0.7284830808639526
0.6036503314971924
0.6821037530899048
0.8371350765228271
0.771466076374054
0.8673539161682129
0.6958362460136414
0.7829218506813049
0.8279303908348083
0.857165515422821
0.9037666320800781
0.699702799320221
0.6310862898826599
0.643166720867157
0.9455164670944214
0.8800679445266724
0.9777472615242004
0.8038186430931091
0.8782352209091187
0.8677591681480408
0.7492859959602356
0.7450677156448364
0.7855534553527832
0.8516826629638672
0.7892117500305176
0.9072980284690857
0.9038124084472656
0.9245007038116455
0.8770954608917236
0.752597987651825
0.7239924073219299
0.7499400973320007
0.7241693139076233
0.700387716293335
0.9157693982124329
0.7338735461235046
0.6806991100311279
0.7744188904762268
0.8713694214820862
0.7346018552780151
0.928128182888031
0.7322334051132202
0.9372183084487915
0.7043212056159973
0.7949262261390686
0.7860282063484192
0.8173802495002747
0.7957286238670349
0.9008558392524719
0.85041743516922
0.6980161666870117
0.729885458946228
0.7681007981300354
0.6296846866607666
0.8534466028213501
0.8110385537147522
0.911096453666687
0.8599269390106201
0.7337886095046997
0.7988505363464355
0.9744356274604797
0.6231049299240112
0.7987783551216125
0.6523253917694092
0.7097264528274536
0.8245108723640442
0.7366909384727478
0.7018712759017944
0.7288717031478882
0.6707494258880615
0.7136204838752747
0.9487754702568054
0.9665805101394653
0.8518573641777039
0.7653288245201111
0.8416380882263184
0.7290694713592529
0.7296683192253113
0.9025156497955322
0.7717716097831726
0.8821986317634583
0.6642748117446899
0.8690492510795593
0.8018872737884521
0.8849628567695618
0.8476172089576721
0.7707048058509827
0.8641562461853027
0.8361141085624695
0.7654105424880981
0.8746498823165894
0.8834277987480164
0.6871301531791687
0.8197140693664551
0.9164048433303833
0.8116264343261719
0.7406096458435059
0.9821491241455078
0.7481089234352112
0.6682167649269104
0.8244639039039612
0.8577394485473633
0.8909396529197693
0.8109048008918762
0.8085355162620544
0.7903227806091309
0.9114044904708862
0.6310092806816101
0.7076107263565063
0.8500764966011047
0.7431430220603943
0.9022439122200012
0.8753224611282349
0.6662309169769287
0.8044097423553467
0.7507519721984863
0.8765148520469666
0.7583937048912048
0.6778949499130249
0.8060917258262634
0.7966933846473694
1.0
0.6623059511184692
0.8648681640625
0.7791881561279297
0.7337484359741211
0.7791881561279297
0.9419525265693665
1.0
0.8155441284179688
1.0
0.6614963412284851
1.0
0.8653308153152466
0.8548129796981812
0.9295697212219238
1.0
0.8745787739753723
1.0
0.7633048892021179
0.8213117122650146
0.8824715614318848
0.7798903584480286
0.9175810217857361
1.0
0.767970085144043
1.0
0.9119018912315369
1.0
0.6703896522521973
0.9295697212219238
0.9295697212219238
0.7666807174682617
0.9295697212219238
1.0
0.9072262048721313
0.7446800470352173
0.9192472100257874
1.0
1.0
1.0
0.8464016914367676
0.92911297082901
0.767970085144043
0.767970085144043
0.767970085144043
0.769583523273468
0.769583523273468
0.767970085144043
0.767970085144043
0.8886326551437378
0.9078165888786316
0.8426307439804077
0.9665098190307617
1.0
0.92911297082901
0.7313752770423889
0.92911297082901
0.582754373550415
0.7316203117370605
0.7313156723976135
0.8176994323730469
0.6818674802780151
1.0
0.6800637245178223
0.7052574157714844
0.7137759327888489
1.0
0.6960715055465698
0.9341552257537842
0.6019402742385864
0.6891230344772339
1.0
1.0
0.5036745071411133
0.6736723780632019
0.9005851745605469
0.9466114044189453
0.9191959500312805
0.7854794859886169
0.9129288196563721
0.7480370402336121
0.953155517578125
0.8812298774719238
0.6569072604179382
0.9509251117706299
0.8745346069335938
1.0
0.8854436874389648
0.7791881561279297
0.9219257831573486
0.6923511624336243
0.8386152386665344
0.7509030699729919
0.8945934772491455
0.7431151270866394
0.7500167489051819
1.0
0.8428840637207031
0.6080074310302734
0.684556782245636
0.6973063945770264
0.6514195799827576
0.9146563410758972
0.7099225521087646
0.7163209319114685
0.7026441097259521
0.769583523273468
0.7237932085990906
0.8943545818328857
0.7173149585723877
0.8544957041740417
0.8800144195556641
0.720575749874115
0.753347635269165
0.8891860842704773
1.0
0.8888317346572876
0.811168909072876
0.769583523273468
0.677308201789856
0.7380746603012085
0.3768517076969147
0.7117893695831299
0.7404206991195679
0.750943660736084
0.7404206991195679
0.9032363891601562
0.48302099108695984
0.5027139782905579
0.4760482609272003
0.48302099108695984
1.0
0.9207454919815063
0.750501811504364
0.8290390968322754
0.853489339351654
0.767970085144043
0.7612454295158386
0.7052135467529297
0.6563053727149963
0.7110545635223389
0.6676668524742126
0.8002886176109314
0.8732406497001648
0.9116480946540833
0.9467893242835999
0.8361325263977051
0.8335585594177246
0.9467893242835999
0.7514072060585022
1.0
0.7154824733734131
0.5686207413673401
0.6827564239501953
0.8862310647964478
1.0
1.0
0.7489728927612305
0.7612358927726746
0.7612358927726746
0.7486101984977722
0.4993778467178345
0.6513331532478333
0.7318603992462158
0.6624489426612854
0.9155510067939758
1.0
0.92911297082901
0.5115718245506287
0.8956375122070312
0.6401104927062988
0.7287142276763916
0.6302893757820129
0.8678346276283264
1.0
0.8700215220451355
0.5911868810653687
0.8259658217430115
0.6706113815307617
0.7053988575935364
0.42846760153770447
0.7565004229545593
0.7286951541900635
0.7093246579170227
0.6378382444381714
0.7111341953277588
0.7111341953277588
0.6349278688430786
0.6588431000709534
0.8552461862564087
0.8533029556274414
0.8786836266517639
0.7753140926361084
0.6591082811355591
0.9129555821418762
0.44238194823265076
0.7175328731536865
0.851143479347229
0.5138075947761536
0.6208386421203613
0.9486984610557556
0.7572328448295593
0.9014500379562378
1.0
0.8009031414985657
0.7509029507637024
0.7036530375480652
0.9419525265693665
0.6961775422096252
0.7463806867599487
0.7712706923484802
0.6622825264930725
0.7296441197395325
1.0
0.5892723798751831
0.8267194628715515
0.8178135752677917
0.7626709938049316
0.671161949634552
0.9467893242835999
0.8635401725769043
0.8797340393066406
0.9320545196533203
0.9419525265693665
0.9156020879745483
0.7898008823394775
0.7609991431236267
0.8425416946411133
0.9219257831573486
0.7366129755973816
0.9137834906578064
0.8887438178062439
0.4891373813152313
0.7115361094474792
0.755010724067688
0.6388704180717468
0.9036937355995178
0.7761150002479553
0.5424373745918274
0.7320584058761597
0.746571958065033
0.7870376110076904
0.8668113946914673
0.8632996082305908
0.5275002121925354
0.6530566215515137
0.6954002380371094
0.7813296914100647
0.5859888792037964
0.5430607199668884
0.7889097332954407
0.6103569865226746
0.19726917147636414
0.7886382937431335
0.6536321043968201
0.7251198887825012
0.49099043011665344
0.7351866960525513
0.9072262644767761
0.766686201095581
0.7645267248153687
0.7140160799026489
0.4062703251838684
0.530562698841095
0.4785013496875763
0.6654734015464783
0.4701847434043884
0.7791881561279297
0.8803300857543945
0.8933812379837036
0.9219257831573486
0.6965150237083435
0.742752730846405
0.9295697212219238
0.527910053730011
0.7399042844772339
0.6177790760993958
0.49435698986053467
0.9267377853393555
0.6308616995811462
0.7755961418151855
0.7778202891349792
0.7170222401618958
0.7455055713653564
0.846966564655304
0.8297334909439087
0.5679761171340942
0.6049993634223938
0.7435563206672668
0.8087819218635559
0.6708195805549622
0.5217570662498474
0.501031756401062
0.7530949711799622
0.7822095155715942
0.7021762728691101
0.7806023359298706
0.6356160044670105
0.5544074177742004
0.4929640293121338
0.8154369592666626
0.7899104952812195
0.7607086896896362
0.6232632994651794
0.861949622631073
0.6793104410171509
0.5584932565689087
0.42283114790916443
0.6553646326065063
0.4981329143047333
0.8577607870101929
0.6278741359710693
0.7519780993461609
0.4958396553993225
0.5023879408836365
0.7604435682296753
0.9161708950996399
0.6848635077476501
0.767970085144043
0.49813294410705566
0.8453423380851746
0.6207970380783081
0.6639315485954285
0.48336929082870483
0.6091063618659973
0.6091063618659973
0.5802152752876282
0.584782600402832
0.6250110864639282
0.5483717322349548
0.5170494914054871
0.6467927694320679
0.5926711559295654
0.6724902391433716
0.8673722147941589
0.7231948971748352
0.6299858689308167
0.9486984610557556
0.73164963722229
0.4734882116317749
0.47558167576789856
0.6593872904777527
0.54774409532547
0.8262811303138733
0.8516985774040222
0.6722323298454285
0.5635489225387573
0.6109489798545837
0.5638004541397095
0.528374195098877
0.7355086803436279
0.5980002880096436
0.5547747611999512
0.5910657048225403
0.5841019749641418
0.5493162274360657
0.5416494607925415
0.6416653394699097
0.5906113982200623
0.8249419927597046
0.7881864905357361
0.9467893242835999
0.6502509713172913
0.7558803558349609
0.4239952862262726
0.3138817250728607
0.7692970037460327
0.41171514987945557
0.7110545635223389
0.6672461628913879
0.6662071347236633
0.4261961877346039
0.29780781269073486
0.7939462065696716
0.6189640164375305
0.7286951541900635
0.49997982382774353
0.42535310983657837
0.6463295817375183
0.7713747620582581
0.7946656942367554
0.5514153242111206
0.6037231087684631
0.24880842864513397
0.6064976453781128
0.733238160610199
0.743379533290863
0.7633584141731262
0.8102680444717407
0.6230449676513672
0.4366585314273834
0.7631161212921143
0.8103668093681335
0.566358208656311
0.4205656051635742
0.5644341707229614
0.831694483757019
0.8267568349838257
0.7253053188323975
0.775739848613739
0.6092793941497803
0.7050201892852783
0.6919028162956238
0.7931017279624939
0.7604026794433594
0.5455030202865601
0.6828812956809998
0.8548716902732849
0.7705965638160706
0.7553617358207703
0.6589239835739136
0.7353262901306152
0.7092116475105286
0.6529335975646973
0.6835895776748657
0.7249643206596375
0.5238257050514221
0.8828116655349731
0.496083527803421
0.818086564540863
0.6179493069648743
0.6220852136611938
0.4804081320762634
0.40434685349464417
0.4964456260204315
0.6559931039810181
0.5138109922409058
0.5915058255195618
0.8561513423919678
0.7175137996673584
0.8006069660186768
0.8068535327911377
0.6602088212966919
0.6852027177810669
0.7036677598953247
0.9192532300949097
0.8477755188941956
0.7770992517471313
0.7036484479904175
0.7038406729698181
0.40117570757865906
0.5259249806404114
0.4781649708747864
0.7701999545097351
0.4843646287918091
0.7065344452857971
0.43749579787254333
0.527847945690155
0.46918442845344543
0.6496331095695496
0.8544333577156067
0.15782606601715088
0.675256073474884
0.4948856234550476
0.7405400276184082
0.6631621718406677
0.6122418642044067
0.7602148056030273
0.8393646478652954
0.7236176133155823
0.6528282761573792
0.6544378399848938
0.4948035776615143
0.5834798812866211
0.5282151103019714
0.5585305690765381
0.51799076795578
0.6774001121520996
0.5757409930229187
0.6651509404182434
0.5081481337547302
0.5075654983520508
0.6277501583099365
0.4956570565700531
0.7370753288269043
0.3595789074897766
0.6540961861610413
0.4383087754249573
0.6302251219749451
0.7836087346076965
0.7865124940872192
0.3698616921901703
0.6390275359153748
0.6489452719688416
0.6852841377258301
0.5751935243606567
0.9132179617881775
0.40859586000442505
0.5526079535484314
0.5933071970939636
0.5269761681556702
0.6388688683509827
0.514858067035675
0.3994705379009247
0.5109966993331909
0.6257289052009583
0.8830268383026123
0.6257026195526123
0.8678786754608154
0.5805790424346924
0.5467813611030579
0.7873459458351135
0.64531409740448
0.7960860133171082
0.5157214999198914
0.6616030931472778
0.7530283331871033
0.645596444606781
0.6274264454841614
0.6528324484825134
0.45199277997016907
0.6811200976371765
0.5588963627815247
0.7118567228317261
0.479792982339859
0.7740941047668457
0.36615458130836487
0.7090415954589844
0.6396673321723938
0.5425708293914795
0.7786926031112671
0.4599175453186035
0.688650906085968
0.6222580671310425
0.8253677487373352
0.5540218353271484
0.7483420372009277
0.6048767566680908
0.8826240301132202
0.5661531090736389
0.5994576215744019
0.4700619876384735
0.4203198254108429
0.49008870124816895
0.4941861927509308
0.44957235455513
0.5066943764686584
0.5470799803733826
0.5641732215881348
0.5075178742408752
0.2811809480190277
0.5641171932220459
0.3888343870639801
0.4915359318256378
0.5175992250442505
0.7069175243377686
0.3046872019767761
0.8131325840950012
0.4702424108982086
0.46795544028282166
0.5564574599266052
0.6769046783447266
0.35223981738090515
0.757668673992157
0.9286162257194519
0.4371212124824524
0.5040236711502075
0.5647233724594116
0.49069514870643616
0.46942564845085144
0.7289597392082214
0.4431023597717285
0.6321858763694763
0.5861705541610718
0.7808939218521118
0.44739145040512085
0.4798719584941864
0.7686536312103271
0.627739429473877
0.9266141057014465
0.4974145293235779
0.586302638053894
0.6206314563751221
0.7435563206672668
0.7147268056869507
0.7000455260276794
0.7262094020843506
0.9076696038246155
0.5876761674880981
0.5975986123085022
0.5602599382400513
0.6011331081390381
0.5190561413764954
0.7436960339546204
0.7169405817985535
0.6140469312667847
0.5857699513435364
0.22956961393356323
0.47549310326576233
0.6104898452758789
0.7535699009895325
0.5519275069236755
0.5511727333068848
0.4047517776489258
0.6630659699440002
0.66879802942276
0.5721819400787354
0.6781201362609863
0.5762458443641663
0.5550166964530945
0.5245029330253601
0.5285665392875671
0.29273122549057007
0.7613778710365295
0.6500890254974365
0.5109829306602478
0.6324392557144165
0.6707499027252197
0.4200199544429779
0.36944618821144104
0.8100310564041138
0.5699705481529236
0.41858360171318054
0.36391544342041016
0.37839892506599426
0.6206771731376648
0.4664773643016815
0.46444448828697205
0.7469087839126587
0.5440869927406311
0.8538747429847717
0.4857468008995056
0.33397263288497925
0.5908953547477722
0.42326098680496216
0.30047407746315
0.43838632106781006
0.3910444974899292
0.8849657773971558
0.4191482365131378
0.6777195930480957
0.6571704149246216
0.22967903316020966
0.5163268446922302
0.22235167026519775
0.6804184317588806
0.4346373975276947
0.42769163846969604
0.41344863176345825
0.37120047211647034
0.8093635439872742
0.6404563784599304
0.5154187679290771
0.4893099367618561
0.4063601791858673
0.5151544213294983
0.6642688512802124
0.3967181146144867
0.42921561002731323
0.44470643997192383
0.6528592705726624
0.5521776676177979
0.6377173066139221
0.6399604082107544
0.6841241717338562
0.4587315320968628
0.600389838218689
0.44921359419822693
0.4855259656906128
0.7060089111328125
0.3949658274650574
0.5620145201683044
0.8141409158706665
0.7957560420036316
0.3499622344970703
0.7670574188232422
0.3228451907634735
0.49962952733039856
0.5507450103759766
0.8085851669311523
0.7055160403251648
0.5525352954864502
0.7465141415596008
0.515121579170227
1.0
0.6874264478683472
0.6664687991142273
0.6545231938362122
0.6642739772796631
0.48192915320396423
0.4213845729827881
0.6860347986221313
0.3647720217704773
0.5194406509399414
0.4555244743824005
0.4812885522842407
0.6055511832237244
0.5393648743629456
0.43381956219673157
0.5400987267494202
0.7100345492362976
0.5497811436653137
0.7767509818077087
0.7054909467697144
0.4319940209388733
0.37025490403175354
0.743906557559967
0.7416476607322693
0.38762739300727844
0.6875624060630798
0.6230162382125854
0.6300976872444153
0.6564624309539795
0.2298981249332428
0.7036165595054626
0.5728687644004822
0.6596885919570923
0.5555728673934937
0.5838238000869751
0.707108199596405
0.5484116077423096
0.3847275674343109
0.37206748127937317
0.6755922436714172
0.46583232283592224
0.24814282357692719
0.5715419054031372
0.5388427376747131
0.5115329027175903
0.5572198033332825
0.2905173897743225
0.611595630645752
0.4369969367980957
0.4171461760997772
0.5620688796043396
0.37554192543029785
0.4930196702480316
0.4248356521129608
0.5565618276596069
0.7188714742660522
0.48239877820014954
0.3774788975715637
0.5008317232131958
0.40456250309944153
0.37163180112838745
0.6623296141624451
0.7099682688713074
0.7908601760864258
0.610308825969696
0.4048086404800415
0.4418528378009796
0.5925837755203247
0.5116552710533142
0.646295964717865
0.490612655878067
0.43261709809303284
0.46888673305511475
0.46321725845336914
0.6109359264373779
0.8743060231208801
0.8668986558914185
0.8476192355155945
0.8952087163925171
0.7613846063613892
0.8095345497131348
0.8105366230010986
0.8616682291030884
0.7826084494590759
0.9195681810379028
0.9109913110733032
0.7429102659225464
0.9430842995643616
0.9606499671936035
0.8003629446029663
0.8139783143997192
0.6885533928871155
0.9422552585601807
0.8118000626564026
0.835839569568634
0.8288760185241699
0.7857920527458191
0.9173881411552429
0.8005581498146057
0.8295387029647827
0.6920617818832397
0.5200945734977722
0.7362431883811951
0.9280058741569519
0.7916637063026428
0.9102876782417297
0.872713565826416
0.8889946341514587
0.8217700123786926
0.8091605305671692
0.8755024671554565
0.7159131169319153
0.890554666519165
0.6892657279968262
0.8838474750518799
0.8347902894020081
0.8735826015472412
1.0
0.7167744040489197
0.8571702837944031
0.7883550524711609
1.0
0.8123773336410522
0.9073387980461121
0.8767443895339966
0.7899748682975769
0.90399169921875
0.8222213387489319
0.7084599733352661
0.6286432147026062
0.8886792063713074
0.861735999584198
0.6074703931808472
0.7173728942871094
0.853000819683075
0.7252801060676575
0.8947740793228149
0.877496063709259
0.7786435484886169
0.9334377646446228
0.8676421642303467
0.8059674501419067
0.8721738457679749
0.8586529493331909
0.887409508228302
0.9026799201965332
0.8987334370613098
0.9090662598609924
0.6525775790214539
0.8593127131462097
0.8927047848701477
0.7684094309806824
0.6804244518280029
0.7265529036521912
0.9282159805297852
0.8309324383735657
0.8130178451538086
0.8688360452651978
0.846401035785675
0.7638152241706848
0.956628143787384
0.9009711146354675
0.8301081657409668
0.8406884670257568
0.890554666519165
0.7548242807388306
0.8539020419120789
0.7004500031471252
0.7642956972122192
0.7329971790313721
1.0
0.8254134058952332
0.8665863871574402
1.0
0.9287335276603699
0.8025047779083252
0.8367008566856384
0.8284383416175842
0.8753692507743835
0.9910914301872253
1.0
0.8675003051757812
0.6775838732719421
0.8768996000289917
0.9609954953193665
0.8481243848800659
0.6115303635597229
0.7992084622383118
0.8121395111083984
0.8761319518089294
0.7614967226982117
0.8338176012039185
0.8347532749176025
0.8911184072494507
0.6674776077270508
0.49873027205467224
0.7874324917793274
0.6982561945915222
0.7835835814476013
0.841455340385437
0.8038434386253357
0.80572909116745
0.8779786825180054
0.8239128589630127
0.7919948101043701
0.8395238518714905
0.8502098321914673
0.7876973748207092
0.7873717546463013
0.9301426410675049
0.7043939232826233
0.7698938846588135
0.8749203681945801
0.7519832849502563
0.8355231881141663
0.851885974407196
0.7945833206176758
0.8578210473060608
0.8423221707344055
0.843745768070221
0.9298414587974548
0.7796778082847595
0.9157445430755615
0.8948752880096436
0.8697481751441956
0.8645414113998413
0.15658298134803772
0.7478404641151428
0.9640176296234131
0.8458051681518555
0.9136613011360168
0.7998974323272705
1.0
0.8895345330238342
0.7857832312583923
0.8246267437934875
0.8139449954032898
0.9777083992958069
0.9064521789550781
0.7311872243881226
0.8595055937767029
0.585940420627594
0.8951388001441956
0.9250451326370239
0.8262355327606201
0.6912513375282288
0.17055675387382507
0.8218876123428345
0.8954457640647888
0.8888178467750549
0.8903732895851135
0.69712895154953
0.6404733061790466
0.8459087610244751
0.8729496002197266
0.843014121055603
0.8472612500190735
0.6636260747909546
0.9281091690063477
0.8014789819717407
0.6025320291519165
0.9457166790962219
0.8389509916305542
0.8621875643730164
0.8033378720283508
0.6440121531486511
0.7931306958198547
0.8101969361305237
0.7738595604896545
0.8549238443374634
0.7899748682975769
0.7472478747367859
0.8363939523696899
0.8749158978462219
0.859013557434082
0.80413419008255
0.7607908844947815
0.6134453415870667
0.7918040156364441
1.0
0.8509855270385742
0.8748210668563843
0.9174365401268005
0.7308160066604614
0.7790123820304871
0.6957008838653564
0.9139263033866882
0.8836228251457214
0.8469594717025757
0.7526633143424988
0.9710202813148499
0.8688888549804688
0.7983071804046631
0.7943454384803772
0.900682270526886
0.7821890711784363
0.8369709849357605
0.8525903820991516
0.7780500054359436
0.868191659450531
0.9003635048866272
0.89016193151474
1.0
0.9488584399223328
0.7931744456291199
0.8603538870811462
0.9484671354293823
0.8150502443313599
0.8152801394462585
0.6327375769615173
0.8158857822418213
0.1689727008342743
0.9170639514923096
0.870195746421814
0.7899748682975769
0.929307758808136
0.8885836601257324
0.7596216797828674
0.7350846529006958
0.7786419987678528
0.9058646559715271
0.7327712178230286
0.88909912109375
0.8362677693367004
0.9200432300567627
0.8373737335205078
0.7853195071220398
0.8433484435081482
0.8816364407539368
0.8955817818641663
1.0
0.7009376883506775
0.8873984813690186
1.0
0.9507511258125305
0.8726226091384888
0.8066967725753784
0.8690182566642761
0.7767118215560913
0.7664430141448975
0.8261160254478455
0.8437990546226501
0.9060460329055786
0.8260923624038696
0.6450701951980591
1.0
0.6309158802032471
0.7719373106956482
0.8755024671554565
0.8039639592170715
0.8750725388526917
0.7983542680740356
0.7410497665405273
0.8681117296218872
0.9503790140151978
0.8139414191246033
0.7824185490608215
0.8692495226860046
1.0
0.7512767910957336
0.8774831891059875
0.8045987486839294
0.8931746482849121
0.9777083992958069
0.7924262285232544
0.956628143787384
0.7715577483177185
0.849816083908081
0.8740096092224121
0.9091774225234985
0.17151764035224915
0.9491877555847168
0.8653274774551392
0.8740096092224121
0.8697496652603149
0.755786657333374
0.690410852432251
0.6727163195610046
0.806058406829834
0.6787157654762268
0.7048083543777466
0.7816031575202942
0.8530874252319336
0.8268389701843262
1.0
0.8842640519142151
0.8352088332176208
0.8482177257537842
0.7445406317710876
0.9107556343078613
0.9278375506401062
0.7909748554229736
0.874151349067688
0.7484424114227295
0.5534310936927795
0.9113476276397705
0.7316524386405945
0.9307749271392822
0.7963624596595764
0.7684094309806824
0.9062833786010742
0.8184509873390198
0.9239888191223145
0.6926442384719849
0.6985579133033752
0.7122888565063477
0.8495236039161682
0.708881676197052
0.9025615453720093
0.16192762553691864
0.5395067930221558
0.8358133435249329
0.7616397738456726
0.7683485150337219
0.5940046310424805
0.7703559398651123
0.7253056764602661
0.9346674680709839
0.9136640429496765
0.82712322473526
0.8520416617393494
0.8994531035423279
0.8754948973655701
0.6542157530784607
0.8113768696784973
0.8633797764778137
0.8826825022697449
0.7334524989128113
0.8433433771133423
0.7228729128837585
0.7907297611236572
0.8677783012390137
0.929307758808136
0.7890400290489197
0.9018326997756958
0.8603225946426392
0.8375052213668823
0.889342188835144
0.8557993769645691
0.8164440393447876
0.8844138979911804
0.8106773495674133
0.9084151983261108
0.6078031659126282
0.8820964097976685
0.7986418008804321
0.739852249622345
0.8779006600379944
0.6860848069190979
0.8931670188903809
0.8751919269561768
0.8404807448387146
0.8545239567756653
0.9340255260467529
0.766684889793396
0.7378180027008057
0.8785111904144287
0.7194838523864746
0.8775780200958252
0.644466757774353
1.0
0.7960984706878662
0.7781519293785095
0.7911974787712097
0.7947012186050415
0.9020838141441345
0.7381666302680969
0.8789739608764648
0.8012884259223938
0.8763331174850464
0.6806648969650269
0.6241364479064941
0.9459537267684937
0.8114146590232849
0.8884884715080261
0.5940046310424805
0.7839970588684082
0.8243699073791504
0.8743189573287964
0.8769196271896362
0.829881489276886
0.7782642245292664
0.8987173438072205
0.8446159958839417
0.7984973192214966
0.8558374643325806
1.0
0.9738190770149231
0.7445406317710876
0.8398205637931824
0.8796235918998718
0.8430086970329285
0.7886789441108704
0.8785111904144287
0.829881489276886
0.545914888381958
0.6975862383842468
0.8565696477890015
0.8720577359199524
0.7400080561637878
0.9254574179649353
0.8929226994514465
0.80958092212677
0.8774961829185486
1.0
0.668168842792511
0.856825053691864
0.7880567312240601
0.8511443138122559
0.8143912553787231
0.8120425343513489
0.833625316619873
0.6941606402397156
0.8411344885826111
0.7922322750091553
0.7821890711784363
0.8313332200050354
0.8751919269561768
0.5783098340034485
0.8499914407730103
0.786615788936615
0.889327883720398
0.7385995984077454
0.8930471539497375
0.9454740881919861
0.7715435028076172
0.8651266098022461
0.8164440393447876
0.8476192355155945
0.9308902025222778
0.7819616794586182
0.8544954657554626
0.7721123099327087
0.6602939963340759
0.7873820066452026
0.8136505484580994
0.7301340103149414
0.7444035410881042
0.8472612500190735
0.7189772129058838
0.9101284146308899
0.7289139032363892
0.8612642884254456
0.9111965894699097
0.780567467212677
0.893495500087738
0.6362769603729248
0.8005058765411377
0.7620671391487122
0.8861734867095947
0.935143768787384
0.6784775853157043
0.82489413022995
0.8769643306732178
0.9030839204788208
0.9598828554153442
0.8826509714126587
0.7145758271217346
0.836395263671875
0.8312845826148987
0.8203550577163696
0.8503705859184265
0.911884069442749
0.6514429450035095
0.8744822144508362
0.867988109588623
0.8316443562507629
0.8000827431678772
0.7749075889587402
0.777452826499939
0.823697566986084
0.7667024731636047
0.7570816278457642
0.7397674918174744
0.6742039322853088
0.8946648240089417
1.0
0.8476623892784119
0.8558202981948853
0.7928972840309143
0.7749713063240051
0.8435030579566956
0.8740970492362976
0.8657504916191101
0.8256499171257019
0.9373907446861267
0.8945143222808838
0.8402810096740723
0.6755773425102234
0.8091152310371399
0.6915880441665649
0.7714115977287292
0.861272394657135
0.7922295928001404
0.7283666729927063
0.8745374083518982
0.8707568049430847
0.6443943977355957
0.8644266724586487
0.6483318209648132
0.7364675402641296
0.8700822591781616
0.809831976890564
0.8342800140380859
0.8268789052963257
0.8071563243865967
0.8989545702934265
0.8073245882987976
0.6900733709335327
0.7578142881393433
0.9053032994270325
0.7809314727783203
0.8194900155067444
0.7333594560623169
0.8777979612350464
0.17151764035224915
0.7703093886375427
0.818632185459137
0.8684526085853577
0.7720630168914795
0.8791967630386353
0.8759604096412659
0.8142090439796448
0.8264058232307434
0.6626022458076477
0.8889340758323669
0.6945304870605469
0.8592364192008972
0.8752979636192322
0.8514746427536011
0.874151349067688
0.9214504361152649
0.8812610507011414
0.8456573486328125
0.7488394975662231
0.7806180119514465
0.6162065863609314
0.8863584995269775
0.9157077670097351
0.6801246404647827
0.7486299872398376
0.590065062046051
0.7544364333152771
0.7382510304450989
0.9282159805297852
0.8478248715400696
0.9372977018356323
0.8037710785865784
0.7729924321174622
0.8865149021148682
0.8682711720466614
0.8580082058906555
0.7902717590332031
0.8775780200958252
0.9898166656494141
0.7855270504951477
0.7092642784118652
0.808649480342865
0.7541993856430054
0.6700526475906372
0.9503790140151978
0.8740096092224121
0.8109975457191467
0.8683478832244873
0.5984379649162292
0.8880800604820251
0.8676068782806396
0.8625191450119019
0.7900159358978271
0.8723117709159851
0.9053032994270325
0.7727678418159485
0.9949347376823425
0.7805498242378235
0.7158336043357849
0.8014789819717407
1.0
0.8365142345428467
0.6517596244812012
0.8000347018241882
0.5623595714569092
0.8085015416145325
0.8627802133560181
0.8644348978996277
0.6690170764923096
0.7762263417243958
0.8114128708839417
0.7795203924179077
1.0
0.7115438580513
1.0
0.7621877789497375
0.8539020419120789
0.8805940747261047
0.827053964138031
0.6840428709983826
0.8814901113510132
0.8863856196403503
0.8882314562797546
1.0
0.8692179918289185
0.8499913811683655
0.9114076495170593
0.780752420425415
0.9068477153778076
1.0
0.7991461157798767
0.8816051483154297
0.7921498417854309
0.8413712978363037
0.9064186215400696
0.8547913432121277
0.7616223692893982
0.7463729977607727
0.9090662598609924
0.823045015335083
0.9340780377388
0.6185729503631592
0.900682270526886
0.9109948873519897
0.8876745104789734
0.910508930683136
0.8861734867095947
0.8367810249328613
0.9395153522491455
0.6962104439735413
0.7715435028076172
0.8384175896644592
0.8426871299743652
0.8209592700004578
0.8135643601417542
0.7166125774383545
0.7616775035858154
0.7076078057289124
0.9516897201538086
0.8603317737579346
0.8319238424301147
0.8676843643188477
0.8927119970321655
0.8225132822990417
0.7005240321159363
0.8482177257537842
0.9479191899299622
0.770474374294281
0.8586324453353882
0.7957995533943176
0.8113896250724792
0.7614517211914062
0.8532561659812927
0.6669248342514038
0.8128435015678406
0.7735739946365356
0.8931572437286377
0.7765569090843201
1.0
0.6731307506561279
1.0
0.8171560168266296
0.7764688730239868
0.8433433771133423
0.7908694744110107
0.8406708836555481
0.9484670758247375
0.7633553743362427
0.7853402495384216
0.8153597116470337
0.7325487732887268
0.8096072673797607
0.8740096092224121
0.826207160949707
0.8627889156341553
0.7534348964691162
0.7615064978599548
0.8466570377349854
0.16380707919597626
0.9430842995643616
0.7696292400360107
0.7695367932319641
0.798012912273407
0.874151349067688
0.8117220997810364
0.8895048499107361
0.8262771368026733
0.906929612159729
1.0
0.8780426383018494
0.7076492309570312
0.8569492697715759
1.0
0.9420531392097473
0.7620465755462646
0.9114076495170593
0.8385034799575806
0.8306229114532471
0.9266781210899353
0.6427990794181824
0.832905113697052
0.736278235912323
1.0
0.8353993892669678
0.7426891326904297
0.8882491588592529
0.8587788343429565
0.868340015411377
0.8190600275993347
0.8628191351890564
1.0
0.8635806441307068
0.6994227766990662
