0.008
0.118
-0.492
0.014
0.353
-0.242
-0.027
0.096
-0.202
0.33
0.023
0.122
-0.089
-0.09
0.203
0.011
0.219
-0.043
-0.073
0.031
0.065
-0.137
0.028
0.201
-0.171
-0.02
0.118
0.082
0.162
-0.438
0.184
-0.107
0.013
0.191
0.495
0.016
0.161
0.136
0.058
0.329
0.197
0.024
-0.039
0.082
-0.031
0.141
-0.271
-0.022
-0.067
0.007
-0.698
0.131
-0.137
0.206
0.151
0.194
0.162
0.192
-0.263
0.047
0.0
0.211
-0.014
0.052
-0.265
0.152
0.378
0.025
0.074
0.284
-0.028
0.456
0.321
0.102
-0.055
0.008
0.045
0.201
-0.021
-0.127
-0.165
-0.009
0.128
0.297
0.289
-0.178
0.336
-0.246
-0.265
0.101
0.059
-0.003
0.174
0.148
0.112
-0.177
0.041
0.204
0.029
-0.098
0.471
-0.217
0.017
-0.109
0.097
-0.401
0.114
0.262
-0.017
0.172
0.061
0.135
0.221
0.09
-0.11
0.0
0.055
-0.043
0.328
0.106
-0.238
-0.453
-0.384
-0.212
-0.064
-0.19
0.219
-0.203
-0.065
-0.152
-0.14
-0.036
0.005
0.018
-0.271
0.117
0.241
-0.043
0.043
0.112
-0.1
-0.251
0.234
-0.031
-0.173
-0.207
0.258
-0.082
0.107
0.014
0.015
0.029
-0.205
0.024
-0.134
-0.143
0.151
-0.066
0.075
-0.086
-0.283
-0.067
0.204
0.154
0.087
-0.058
-0.118
-0.149
-0.059
0.108
0.215
0.042
-0.181
-0.111
-0.063
0.125
0.356
-0.283
-0.489
0.247
-0.281
-0.591
-0.232
-0.285
-0.238
0.191
-0.155
-0.183
-0.058
0.1
0.161
0.15
0.239
-0.386
-0.165
0.017
0.0
0.408
0.051
0.053
0.166
-0.005
-0.021
0.188
-0.279
-0.016
-0.042
-0.054
-0.229
0.124
-0.023
-0.053
-0.051
0.135
0.381
0.1
0.02
-0.135
-0.069
0.134
0.007
0.004
-0.132
-0.35
0.129
0.018
-0.01
-0.254
0.087
0.322
0.128
-0.05
-0.218
0.145
0.159
-0.08
-0.061
0.06
0.519
-0.216
0.184
-0.19
-0.207
-0.048
-0.244
0.15
-0.256
-0.026
-0.23
0.074
0.142
0.07
-0.208
-0.119
0.206
0.333
0.1
-0.065
-0.001
0.279
0.071
-0.084
-0.253
-0.262
0.294
0.085
-0.474
-0.304
-0.142
0.092
0.126
-0.018
0.087
-0.055
0.078
0.297
-0.096
0.137
-0.207
-0.087
-0.026
-0.019
0.088
-0.495
0.168
0.061
0.007
0.035
0.143
0.02
0.152
-0.023
-0.047
-0.552
-0.186
0.044
0.129
0.336
0.103
0.113
0.283
-0.017
0.057
-0.08
-0.018
0.377
0.118
-0.605
0.2
-0.099
0.036
-0.029
0.052
0.12
0.119
-0.041
0.09
0.222
0.091
0.254
-0.382
-0.027
-0.089
0.002
0.19
-0.107
-0.034
-0.058
-0.615
-0.242
-0.146
-0.166
-0.114
-0.196
0.094
-0.046
-0.329
0.078
-0.191
0.064
0.05
-0.203
0.034
-0.043
0.135
-0.106
-0.459
-0.033
-0.332
-0.277
-0.16
0.146
0.506
0.166
-0.462
-0.281
0.128
-0.385
0.027
0.022
0.212
0.161
-0.182
-0.597
0.071
0.016
0.445
0.113
-0.048
-0.036
0.016
0.201
0.087
0.014
-0.495
0.13
0.353
0.079
0.335
-0.09
-0.02
-0.45
-0.183
-0.257
0.024
-0.023
-0.097
0.059
0.087
0.188
-0.312
0.291
-0.235
0.002
-0.12
0.609
0.048
0.16
-0.113
0.07
-0.023
0.069
-0.442
0.029
-0.202
0.065
-0.475
0.223
0.026
0.416
-0.003
-0.136
-0.045
-0.09
0.074
0.29
0.046
0.063
0.008
0.007
-0.031
-0.427
0.121
0.047
-0.055
0.048
-0.27
-0.039
0.228
-0.231
-0.145
0.026
-0.12
-0.132
0.058
0.214
0.147
0.074
-0.151
0.109
-0.166
0.03
0.254
0.01
0.001
0.041
-0.211
-0.46
0.024
-0.266
-0.171
0.18
0.044
0.052
-0.013
0.171
-0.042
0.45
-0.048
0.106
-0.051
-0.159
0.374
-0.074
-0.331
-0.038
-0.011
0.203
-0.1
0.011
-0.071
0.148
0.066
0.045
0.444
-0.084
-0.083
0.138
0.07
-0.397
-0.402
-0.09
-0.132
0.088
-0.205
-0.152
0.116
0.041
0.025
0.053
-0.015
-0.276
0.058
-0.169
-0.111
-0.155
0.499
0.043
0.138
0.32
0.089
0.012
-0.204
0.167
-0.08
0.119
-0.25
0.111
0.252
-0.222
-0.029
0.099
-0.01
0.046
-0.219
-0.089
0.344
-0.103
0.326
-0.168
-0.017
-0.217
0.173
-0.17
-0.063
0.028
-0.375
-0.233
0.049
0.152
-0.008
0.014
0.1
-0.134
0.088
-0.109
-0.207
-0.012
0.035
-0.075
0.065
-0.268
0.141
-0.223
-0.026
-0.28
-0.171
-0.212
0.571
0.004
-0.166
0.036
0.053
0.327
-0.026
-0.017
0.271
-0.024
-0.173
0.252
0.02
-0.063
-0.068
0.468
0.295
0.378
0.391
-0.094
-0.127
-0.01
0.088
-0.028
-0.247
-0.116
-0.099
0.081
-0.119
0.014
0.067
-0.018
-0.213
0.098
-0.2
-0.196
0.012
-0.216
-0.004
0.089
0.12
0.39
0.119
-0.057
-0.167
0.118
0.19
-0.151
-0.114
0.065
-0.093
-0.056
0.08
0.481
0.38
-0.156
0.288
-0.022
0.059
0.094
0.073
0.036
-0.13
-0.302
0.086
-0.517
-0.232
0.011
0.014
0.315
-0.254
-0.037
-0.027
0.141
-0.421
0.136
0.093
0.087
0.045
0.191
0.142
-0.173
-0.556
0.032
-0.142
-0.012
-0.004
-0.099
0.003
-0.022
-0.032
-0.311
0.024
0.232
0.188
0.349
0.088
-0.181
0.042
0.35
-0.046
0.025
0.242
-0.009
-0.137
0.073
-0.071
0.233
0.005
0.039
-0.216
0.009
-0.106
-0.078
0.035
0.171
-0.45
0.018
0.484
-0.336
-0.231
0.059
0.066
-0.012
-0.044
0.413
-0.146
-0.286
0.035
0.073
-0.014
-0.439
-0.054
-0.113
-0.163
0.17
0.004
-0.186
-0.018
0.118
-0.029
-0.005
0.21
0.117
-0.089
0.055
0.122
-0.226
0.148
0.081
-0.262
-0.166
0.113
0.405
0.243
-0.153
0.056
-0.045
-0.132
-0.215
-0.056
0.096
-0.078
0.297
0.222
0.122
0.155
-0.019
-0.088
-0.11
0.001
-0.204
-0.039
-0.109
0.104
-0.136
0.479
-0.333
-0.256
0.006
-0.148
-0.227
-0.149
0.023
0.056
0.098
0.297
-0.052
-0.009
-0.014
0.138
0.144
-0.168
0.105
0.439
-0.289
0.052
-0.034
-0.181
-0.387
0.371
0.097
0.0
-0.021
0.0
0.159
0.0
0.0
0.0
0.0
-0.022
-0.032
0.0
0.0
-0.829
-0.022
0.0
0.0
-0.023
0.0
-0.023
0.0
0.0
0.0
-0.268
0.01
-0.011
0.0
0.124
0.313
0.01
0.0
0.0
0.0
0.0
0.0
-0.011
0.042
0.0
-0.04
-0.011
0.01
-0.011
0.0
0.0
0.0
0.0
0.0
0.0
0.0
0.0
0.0
0.01
0.022
-0.063
-0.071
0.0
0.0
0.0
0.0
0.0
0.0
0.0
0.0
-0.033
-0.023
0.0
0.0
-0.023
0.01
0.022
-0.064
0.0
0.0
-0.023
0.01
0.0
0.0
0.032
-0.055
0.022
-0.022
0.0
0.022
0.0
0.022
0.01
0.115
-0.033
0.0
-0.023
-0.023
0.0
0.0
0.0
0.0
-0.033
0.039
0.032
-0.011
-0.01
0.285
0.0
0.0
0.0
-0.022
0.0
-0.023
0.0
-0.023
0.0
0.0
0.284
-0.041
-0.347
0.0
-0.159
0.01
0.01
0.01
-0.031
0.022
0.0
0.0
0.0
0.0
0.0
0.0
0.0
-0.031
0.0
0.0
0.0
0.0
0.011
-0.193
0.01
0.052
0.022
-0.023
0.0
0.0
0.0
-0.023
0.0
-0.628
-0.064
0.0
0.586
0.0
0.032
-0.587
0.526
0.739
0.0
0.0
-0.425
-0.2
-0.011
-0.012
0.0
0.0
0.0
0.0
0.0
-0.022
-0.023
0.0
0.0
0.021
0.0
0.0
-0.055
0.299
0.03
0.0
-0.054
0.011
0.0
0.0
0.0
-0.268
0.01
0.0
0.0
-0.307
0.0
-0.023
0.0
0.0
0.0
0.0
-0.196
0.063
-0.064
-0.174
-0.033
-0.012
0.0
-0.023
-0.045
0.0
0.0
-0.011
-0.011
0.045
0.01
-0.011
-0.023
0.489
-0.011
0.0
0.063
0.02
0.0
-0.023
-0.011
0.0
0.01
0.01
0.0
0.01
-0.587
-0.09
0.011
-0.383
-0.012
0.01
0.03
-0.011
0.022
0.0
0.022
-0.044
0.0
0.0
0.0
0.0
0.01
-0.044
0.01
-0.293
0.0
0.381
-0.031
0.0
0.153
0.0
-0.023
0.021
0.01
-0.653
0.0
-0.011
-0.128
0.275
0.0
0.224
-0.011
0.0
0.022
-0.021
0.0
0.127
0.0
-0.022
0.0
0.0
0.0
0.022
0.01
-0.045
0.032
0.01
0.01
-0.023
0.0
-0.033
-0.022
-0.032
0.0
-0.106
0.0
0.025
-0.868
-0.023
-0.032
-0.011
0.01
-0.012
0.0
0.022
-0.011
0.01
0.0
0.18
0.011
0.03
0.022
0.184
-0.033
0.495
0.0
-0.3
-0.011
0.032
-0.022
-0.337
-0.496
-0.011
0.054
0.022
0.0
-0.045
0.033
-0.805
0.01
-0.032
-0.044
0.288
-0.022
-0.501
0.022
0.063
0.01
0.0
-0.034
0.0
0.0
0.0
0.043
0.032
0.022
0.0
0.0
-0.022
-0.033
0.031
0.01
0.298
0.01
0.0
-0.011
0.0
0.022
0.011
0.361
0.759
-0.241
0.0
0.0
-0.012
0.011
-0.061
0.23
-0.034
0.022
0.0
-0.034
0.507
-0.142
-0.1
0.052
0.049
-0.645
-0.011
-0.023
0.0
0.0
0.0
0.022
0.817
-0.011
0.022
0.0
0.0
-0.011
-0.222
-0.023
-0.496
0.0
0.0
-0.011
0.172
0.022
-0.011
0.0
-0.012
-0.235
-0.065
-0.022
0.096
0.022
0.299
0.173
0.044
0.0
0.0
0.0
0.041
0.062
-0.523
-0.052
0.102
0.091
0.0
-0.012
0.008
0.0
0.032
0.063
0.076
0.01
0.031
0.01
0.043
-0.075
0.131
-0.53
-0.033
-0.034
0.0
0.011
0.042
0.02
-0.486
-0.023
0.0
-0.012
-0.012
0.0
-0.268
0.062
-0.011
0.121
0.387
0.571
0.26
-0.053
0.067
-0.011
-0.165
0.018
0.032
0.01
-0.064
0.043
0.0
0.0
0.0
0.032
0.173
0.0
-0.021
0.0
-0.012
0.01
0.053
-0.157
0.487
0.074
0.0
-0.011
0.06
-0.064
0.022
0.01
0.517
0.328
-0.055
-0.045
0.314
0.022
-0.163
0.031
-0.052
0.507
0.206
-0.115
-0.043
0.032
0.011
-0.08
-0.075
0.532
-0.011
-0.073
0.054
0.355
-0.055
-0.05
0.37
-0.322
0.0
-0.552
0.022
-0.022
-0.011
-0.041
-0.319
0.053
-0.043
0.021
0.033
-0.162
0.199
-0.355
0.0
0.303
-0.052
-0.04
-0.055
0.0
0.0
0.653
0.032
0.01
-0.034
0.21
0.01
0.313
-0.023
0.022
-0.342
-0.022
0.054
0.313
-0.054
0.295
0.255
0.117
-0.083
0.4
0.0
0.021
0.02
-0.033
0.022
-0.293
0.021
0.0
0.01
-0.053
0.044
0.043
0.413
-0.023
0.032
-0.374
0.0
-0.584
-0.011
0.022
-0.369
0.644
0.032
-0.665
-0.034
0.03
-0.055
0.0
0.725
0.022
-0.069
-0.329
-0.043
0.645
0.0
-0.073
0.081
0.042
-0.044
-0.052
0.031
-0.023
-0.191
0.0
0.383
-0.063
0.124
-0.043
-0.064
0.052
-0.022
-0.021
0.03
0.01
0.099
-0.058
0.0
0.01
-0.063
0.292
-0.232
0.021
0.468
0.0
-0.074
-0.335
-0.042
0.058
0.063
-0.307
0.011
0.011
-0.012
0.295
-0.011
-0.022
0.437
-0.053
-0.342
0.063
0.043
0.054
-0.314
0.0
-0.011
0.0
0.022
0.022
-0.137
-0.087
0.303
-0.094
-0.191
0.032
0.01
0.0
-0.751
-0.064
0.032
0.352
0.273
-0.293
-0.579
0.0
0.022
-0.032
-0.011
-0.034
-0.023
0.01
0.659
-0.044
0.262
0.032
0.321
0.082
-0.145
-0.011
0.032
0.0
-0.011
0.33
0.022
0.157
-0.045
-0.022
0.033
-0.034
0.022
-0.343
-0.011
-0.565
0.166
-0.066
0.033
-0.033
-0.307
0.042
-0.03
0.01
0.01
-0.022
0.417
-0.053
0.581
-0.033
0.0
-0.06
-0.022
0.093
-0.022
-0.266
0.044
-0.451
-0.499
0.052
-0.033
0.281
-0.064
-0.073
-0.095
0.054
0.11
0.413
0.553
-0.128
0.156
0.011
-0.055
0.184
0.096
-0.225
-0.022
-0.151
0.261
-0.219
-0.022
0.0
-0.282
-0.071
-0.066
-0.011
0.032
0.0
-0.103
-0.052
-0.012
-0.02
0.033
0.0
0.022
0.106
-0.087
0.054
-0.364
-0.011
0.328
-0.279
-0.022
0.341
0.124
-0.558
-0.343
-0.113
-0.445
-0.638
0.114
0.223
0.063
-0.434
0.0
-0.022
0.042
0.022
0.011
0.0
0.847
0.043
-0.322
0.024
0.23
-0.091
-0.234
0.03
-0.036
0.011
0.077
-0.136
0.001
-0.021
0.303
0.122
0.07
-0.007
-0.002
-0.17
0.002
-0.002
0.05
-0.047
0.0
-0.193
-0.102
0.492
0.0
0.057
0.188
0.009
0.109
-0.001
0.08
0.009
-0.177
0.054
0.008
-0.02
-0.116
-0.006
0.001
0.032
-0.101
0.01
0.0
-0.047
0.05
0.0
0.02
0.171
-0.098
-0.246
0.002
-0.161
0.119
0.169
0.11
-0.114
0.219
0.03
0.029
0.299
0.028
0.101
-0.112
-0.09
-0.394
0.0
0.051
0.243
-0.066
0.002
-0.063
-0.001
0.184
0.033
-0.017
-0.047
0.143
-0.024
-0.077
0.059
0.005
-0.014
0.003
0.099
0.002
0.026
0.277
0.1
-0.128
0.005
-0.063
0.132
-0.332
-0.054
0.0
0.035
-0.093
0.029
-0.017
-0.003
0.363
0.329
-0.087
-0.026
0.0
0.062
-0.007
0.0
0.175
0.316
0.308
0.005
0.101
-0.167
-0.539
0.084
0.051
-0.111
-0.082
0.488
0.095
0.201
-0.081
0.054
0.161
0.333
0.004
-0.062
-0.53
0.014
0.01
0.139
-0.315
0.005
0.0
-0.129
-0.003
-0.267
0.05
0.108
0.017
0.051
0.032
-0.004
-0.055
0.116
0.0
-0.081
0.005
-0.057
0.182
0.055
0.0
0.0
0.015
0.273
0.029
0.002
0.011
-0.167
-0.331
0.061
-0.028
0.113
0.417
-0.302
0.14
0.179
0.305
-0.034
0.188
0.056
-0.408
0.064
-0.036
-0.193
0.027
0.249
0.336
0.0
-0.344
-0.104
-0.042
0.094
0.308
-0.05
0.111
0.0
0.101
0.477
-0.01
0.05
-0.018
-0.001
-0.246
0.0
0.111
0.087
-0.011
0.185
-0.12
0.036
0.206
0.04
-0.046
-0.138
-0.021
-0.042
0.157
0.004
-0.081
0.106
-0.027
-0.013
-0.027
-0.002
0.095
-0.337
-0.018
-0.489
0.01
-0.072
0.093
0.047
-0.356
-0.058
0.0
0.065
0.186
0.316
0.205
0.173
0.016
0.291
0.234
0.184
0.004
0.059
-0.246
0.0
-0.014
0.097
-0.017
-0.017
0.047
0.012
-0.043
0.109
-0.002
-0.279
0.139
0.024
0.077
-0.099
0.0
0.223
0.106
0.045
-0.166
-0.023
0.006
0.108
-0.17
-0.066
0.014
-0.21
0.078
-0.044
-0.001
-0.011
0.448
-0.063
-0.002
0.015
-0.167
-0.243
0.087
-0.014
-0.197
-0.001
0.032
0.015
-0.311
0.126
0.097
-0.004
-0.244
0.105
0.077
-0.027
-0.105
-0.469
-0.047
-0.033
0.198
0.013
-0.009
-0.133
0.042
-0.383
-0.001
0.073
0.096
-0.011
0.012
0.14
-0.034
0.006
0.0
-0.014
0.142
0.306
-0.023
0.223
0.244
-0.127
0.197
-0.138
0.27
0.074
0.211
-0.001
-0.114
0.276
0.033
0.16
0.063
-0.035
0.0
0.145
-0.001
-0.24
-0.002
0.193
0.199
-0.001
-0.131
-0.022
-0.588
0.132
0.018
0.007
0.206
-0.111
-0.005
0.011
-0.133
0.169
0.092
0.24
0.035
-0.153
0.068
-0.01
-0.127
-0.267
0.0
0.309
-0.012
-0.012
-0.097
0.104
0.234
0.172
0.019
-0.139
-0.078
-0.015
-0.037
0.09
-0.153
0.112
-0.053
0.005
0.139
0.203
0.006
-0.002
-0.055
0.006
0.049
-0.027
0.051
0.169
-0.003
-0.01
-0.272
0.0
0.058
-0.133
-0.106
0.01
0.002
-0.094
-0.041
0.286
0.24
-0.112
0.002
-0.569
-0.051
0.005
0.0
0.221
-0.079
0.05
0.184
-0.081
0.158
0.029
0.0
0.146
0.004
-0.006
0.073
-0.001
0.059
0.129
-0.084
-0.588
-0.17
0.048
0.158
0.135
0.002
-0.021
0.123
0.113
-0.025
0.111
0.037
0.02
0.256
-0.203
-0.003
-0.043
0.0
0.012
-0.016
-0.489
0.033
0.103
0.02
0.008
0.001
0.212
0.313
-0.019
0.099
0.064
0.102
0.152
-0.101
-0.005
0.073
0.246
0.098
0.169
0.043
-0.163
0.561
0.045
-0.13
0.109
0.018
0.012
0.076
-0.031
0.071
-0.06
0.159
0.047
-0.219
0.066
0.004
-0.029
0.002
-0.03
-0.027
-0.001
-0.077
-0.283
-0.161
-0.24
0.111
0.023
0.101
0.11
-0.002
0.0
0.068
-0.042
-0.007
0.134
0.144
0.341
0.104
0.088
0.094
0.019
0.111
-0.031
0.016
-0.028
0.027
0.229
0.001
-0.032
-0.088
-0.02
-0.046
0.136
-0.033
0.021
-0.057
0.315
-0.025
-0.262
0.333
-0.121
0.14
-0.318
0.128
0.533
-0.245
-0.04
0.015
0.366
0.094
-0.039
0.071
-0.003
0.044
-0.18
0.069
0.072
0.07
-0.022
0.002
0.196
0.147
-0.005
-0.008
0.177
0.135
-0.002
-0.431
-0.246
0.142
0.007
0.0
0.01
-0.113
-0.013
0.292
0.064
0.103
0.009
-0.022
0.029
0.19
-0.295
0.0
-0.029
0.312
-0.569
0.272
-0.007
0.305
0.185
0.047
0.333
0.311
0.042
0.066
-0.204
0.014
-0.019
0.0
0.318
0.011
0.21
-0.029
-0.054
0.098
-0.133
-0.117
0.019
0.235
-0.005
-0.217
0.049
-0.007
-0.084
0.04
0.106
0.001
0.088
0.185
0.068
0.029
-0.001
0.208
-0.025
0.333
0.016
-0.094
0.101
0.0
-0.024
0.647
0.129
-0.127
-0.033
0.012
-0.161
-0.228
0.186
-0.136
0.182
0.008
0.229
0.001
-0.142
0.152
0.0
0.002
-0.049
0.106
0.006
0.13
-0.069
-0.327
0.022
-0.01
0.014
-0.005
-0.062
0.003
0.028
0.316
0.282
-0.018
0.015
-0.128
0.233
0.178
-0.001
0.001
0.031
0.064
0.07
-0.045
0.067
0.262
0.168
0.084
0.0
-0.001
-0.065
0.145
0.04
0.004
0.015
-0.027
0.238
-0.003
0.138
0.006
-0.18
0.149
-0.014
0.009
0.152
-0.095
0.234
0.035
0.136
0.533
0.163
0.069
0.127
0.253
-0.034
0.145
0.021
0.033
0.123
-0.461
0.046
-0.072
0.09
-0.133
0.033
0.004
-0.35
-0.299
-0.113
0.193
0.122
-0.331
0.01
0.074
0.264
-0.152
0.002
0.33
0.033
0.0
-0.059
0.353
0.07
0.0
-0.064
-0.37
0.005
0.2
-0.015
0.034
-0.331
0.059
0.145
0.009
-0.008
0.311
0.213
0.016
-0.067
-0.331
-0.011
0.0
-0.101
0.328
