0.5441176295280457
0.4000000059604645
0.25
0.949999988079071
0.1666666716337204
0.09677419066429138
0.4399999976158142
0.4464285671710968
0.6499999761581421
0.13333334028720856
0.7272727489471436
0.7045454382896423
0.6969696879386902
0.7931034564971924
0.22727273404598236
0.7058823704719543
0.5384615659713745
0.29411765933036804
0.3125
0.6818181872367859
0.65625
0.30000001192092896
0.2916666567325592
0.20000000298023224
0.6666666865348816
0.8571428656578064
0.8857142925262451
0.3125
0.7333333492279053
0.42500001192092896
0.44999998807907104
0.3076923191547394
0.19230769574642181
0.7749999761581421
0.6363636255264282
0.25
0.13636364042758942
0.27272728085517883
0.9629629850387573
0.6551724076271057
0.2068965584039688
0.5416666865348816
0.4047619104385376
0.38297873735427856
0.3181818127632141
0.38297873735427856
0.529411792755127
0.5714285969734192
0.5813953280448914
0.5333333611488342
0.9767441749572754
0.8260869383811951
0.6808510422706604
0.4444444477558136
0.29411765933036804
0.692307710647583
0.5769230723381042
0.3488371968269348
0.5833333134651184
0.4901960790157318
0.5319148898124695
0.40909090638160706
0.5789473652839661
0.27272728085517883
0.5227272510528564
0.9142857193946838
0.3863636255264282
0.0
0.6000000238418579
0.71875
0.9375
0.2666666805744171
0.460317462682724
0.6470588445663452
0.5882353186607361
0.7142857313156128
0.5263158082962036
0.5333333611488342
0.30000001192092896
0.5833333134651184
0.8113207817077637
0.675000011920929
0.5
0.125
0.9375
0.4000000059604645
0.5384615659713745
0.6666666865348816
0.5925925970077515
1.0
0.692307710647583
0.3636363744735718
0.5
0.18000000715255737
0.23529411852359772
0.699999988079071
0.7727272510528564
0.5925925970077515
0.6129032373428345
0.8666666746139526
0.7692307829856873
0.1621621549129486
0.4285714328289032
0.460317462682724
0.7857142686843872
0.27272728085517883
0.4193548262119293
0.5384615659713745
0.25
1.024999976158142
0.6216216087341309
0.40909090638160706
0.1666666716337204
0.6666666865348816
0.3650793731212616
0.9473684430122375
0.260869562625885
0.5
0.11999999731779099
0.46666666865348816
0.10000000149011612
0.8275862336158752
0.17391304671764374
0.761904776096344
0.2631579041481018
0.6451612710952759
0.6842105388641357
0.5
0.4791666567325592
0.27272728085517883
0.5740740895271301
0.52173912525177
0.2631579041481018
0.7777777910232544
0.4117647111415863
0.375
0.27272728085517883
0.41304346919059753
0.7857142686843872
0.5185185074806213
0.3684210479259491
0.2800000011920929
0.484375
1.1044776439666748
0.3499999940395355
0.4722222089767456
0.5384615659713745
0.4615384638309479
0.6590909361839294
0.5
0.8148148059844971
0.7586206793785095
0.5208333134651184
1.0
0.4399999976158142
0.34285715222358704
0.3928571343421936
0.6428571343421936
0.29411765933036804
0.23076923191547394
0.4482758641242981
0.375
0.25
0.5813953280448914
0.1818181872367859
0.21052631735801697
0.4444444477558136
0.6029411554336548
0.6875
0.7804877758026123
0.6296296119689941
0.6097561120986938
0.6865671873092651
0.5666666626930237
0.4736842215061188
0.6399999856948853
0.37037035822868347
0.5306122303009033
0.2666666805744171
0.38297873735427856
0.9230769276618958
0.2195121943950653
0.5454545617103577
0.604651153087616
0.375
0.6603773832321167
0.7058823704719543
0.3400000035762787
0.1666666716337204
0.4444444477558136
0.6111111044883728
0.5
0.2571428716182709
0.2777777910232544
0.3181818127632141
1.0526316165924072
0.9090909361839294
0.20000000298023224
0.7659574747085571
0.4166666567325592
0.41818180680274963
0.8541666865348816
0.2800000011920929
0.1764705926179886
0.2666666805744171
0.48148149251937866
0.9264705777168274
0.9333333373069763
0.3103448152542114
0.46875
0.12903225421905518
0.3684210479259491
0.9807692170143127
0.8333333134651184
0.15789473056793213
0.9583333134651184
0.4193548262119293
0.52173912525177
0.837837815284729
0.9729729890823364
0.7777777910232544
0.6800000071525574
0.6388888955116272
0.5333333611488342
0.3333333432674408
0.5
0.75
0.48148149251937866
0.1764705926179886
0.7222222089767456
0.5121951103210449
0.7962962985038757
0.2222222238779068
0.5873016119003296
0.7692307829856873
0.5
0.25925925374031067
0.8301886916160583
0.3913043439388275
0.9230769276618958
0.5714285969734192
0.5652173757553101
0.42222222685813904
0.25
0.4482758641242981
0.3947368562221527
0.8064516186714172
0.2750000059604645
0.4137931168079376
0.550000011920929
0.6111111044883728
1.0877193212509155
0.8367347121238708
0.375
0.9473684430122375
0.2647058963775635
0.0833333358168602
0.22857142984867096
0.3404255211353302
0.48275861144065857
0.5333333611488342
0.59375
0.6341463327407837
0.5666666626930237
0.37931033968925476
0.875
0.6296296119689941
0.7333333492279053
0.5789473652839661
0.699999988079071
0.11764705926179886
0.4528301954269409
0.1764705926179886
0.7755101919174194
0.6511628031730652
0.4285714328289032
0.8965517282485962
0.52173912525177
0.7407407164573669
0.2142857164144516
0.5185185074806213
0.625
0.2857142984867096
0.6785714030265808
0.5925925970077515
0.5208333134651184
0.2777777910232544
0.8666666746139526
0.7692307829856873
0.6296296119689941
0.8333333134651184
0.8108108043670654
0.9200000166893005
0.0
0.44186046719551086
0.9411764740943909
0.8181818127632141
0.7931034564971924
0.13636364042758942
0.29411765933036804
0.5416666865348816
0.15000000596046448
0.24137930572032928
0.5925925970077515
0.3913043439388275
0.7142857313156128
0.8181818127632141
0.6875
0.9259259104728699
0.6428571343421936
0.3541666567325592
0.7076923251152039
0.6034482717514038
0.42307692766189575
0.5490196347236633
0.41999998688697815
0.2777777910232544
1.0
0.47999998927116394
0.8607594966888428
0.37931033968925476
0.42105263471603394
0.800000011920929
0.5897436141967773
0.9459459185600281
0.4444444477558136
0.0714285746216774
0.5
0.3125
0.380952388048172
0.5757575631141663
0.75
0.4897959232330322
0.3478260934352875
0.3030303120613098
0.4000000059604645
0.1538461595773697
0.9375
0.5625
0.36666667461395264
1.1111111640930176
0.375
0.23076923191547394
0.1111111119389534
0.22448979318141937
0.380952388048172
0.529411792755127
0.0714285746216774
0.692307710647583
0.6111111044883728
0.380952388048172
0.23529411852359772
0.3333333432674408
0.6000000238418579
0.3478260934352875
0.37931033968925476
0.3333333432674408
0.47457626461982727
0.7333333492279053
0.5588235259056091
0.1818181872367859
0.6666666865348816
0.9333333373069763
0.4054054021835327
0.25
0.5714285969734192
0.8214285969734192
0.7727272510528564
0.47999998927116394
0.75
0.8095238208770752
0.6818181872367859
0.3076923191547394
0.9245283007621765
0.0714285746216774
1.0
0.4583333432674408
0.9629629850387573
0.21052631735801697
0.17391304671764374
0.8500000238418579
0.375
0.4444444477558136
0.3333333432674408
0.7735849022865295
0.529411792755127
0.25806450843811035
0.8095238208770752
1.0833333730697632
0.3125
0.28947368264198303
0.5
0.7954545617103577
0.604651153087616
0.6226415038108826
0.6071428656578064
0.4117647111415863
0.1538461595773697
0.4047619104385376
0.25531914830207825
0.1428571492433548
0.1111111119389534
0.4000000059604645
0.800000011920929
0.4615384638309479
0.4615384638309479
0.22727273404598236
0.0357142873108387
0.36000001430511475
0.75
0.8983050584793091
0.45652174949645996
0.692307710647583
0.7058823704719543
0.3333333432674408
0.21052631735801697
0.6000000238418579
1.0
0.36000001430511475
0.49056604504585266
0.824999988079071
0.5
0.4000000059604645
0.5
0.8181818127632141
0.9629629850387573
0.6000000238418579
0.37037035822868347
0.44999998807907104
0.4000000059604645
0.6363636255264282
0.6000000238418579
0.699999988079071
0.49152541160583496
0.47826087474823
0.875
0.47999998927116394
0.32258063554763794
0.2142857164144516
0.3235294222831726
0.4716981053352356
0.4545454680919647
1.0
0.5
0.3333333432674408
0.6363636255264282
0.17391304671764374
0.4444444477558136
0.52173912525177
0.738095223903656
0.7551020383834839
1.02173912525177
0.23999999463558197
0.3606557250022888
0.4615384638309479
0.8484848737716675
0.7333333492279053
0.3888888955116272
0.4285714328289032
0.692307710647583
0.46875
0.3333333432674408
1.0
0.5918367505073547
0.6315789222717285
0.6595744490623474
0.11999999731779099
0.8055555820465088
0.75
0.7027027010917664
0.5
0.09677419066429138
0.5
0.9090909361839294
0.09090909361839294
0.23076923191547394
0.6037735939025879
0.5116279125213623
0.5263158082962036
0.23529411852359772
0.2777777910232544
0.4545454680919647
0.49253731966018677
0.7045454382896423
0.3461538553237915
0.4642857015132904
0.529411792755127
0.7567567825317383
0.3611111044883728
0.4583333432674408
0.2800000011920929
0.24444444477558136
0.4333333373069763
0.5081967115402222
0.5
0.5531914830207825
0.7272727489471436
1.045454502105713
0.48148149251937866
0.5833333134651184
1.0
0.6666666865348816
0.7234042286872864
0.25
0.8695651888847351
0.8235294222831726
0.17391304671764374
0.17391304671764374
0.5714285969734192
0.4761904776096344
0.14814814925193787
0.6111111044883728
0.4390243887901306
0.5384615659713745
0.4390243887901306
0.574999988079071
0.5454545617103577
0.3888888955116272
0.5
0.21739129722118378
0.6666666865348816
0.2800000011920929
0.47999998927116394
0.38461539149284363
1.0
0.1034482792019844
0.5454545617103577
0.517241358757019
0.7083333134651184
0.14814814925193787
0.25
0.875
0.8399999737739563
0.5806451439857483
0.30000001192092896
0.5555555820465088
0.7083333134651184
0.4528301954269409
0.4893617033958435
0.5714285969734192
0.08571428805589676
0.3571428656578064
0.36000001430511475
0.8695651888847351
0.11999999731779099
0.21739129722118378
0.7586206793785095
0.1875
0.25
0.3947368562221527
0.75
0.8510638475418091
0.6363636255264282
0.7142857313156128
0.46341463923454285
0.3499999940395355
0.4545454680919647
0.4054054021835327
0.37735849618911743
0.380952388048172
0.5
0.5869565010070801
0.1315789520740509
0.23076923191547394
0.5535714030265808
1.125
0.692307710647583
0.957446813583374
0.8292682766914368
0.3636363744735718
0.6000000238418579
0.36734694242477417
0.75
0.23333333432674408
0.3636363744735718
0.3636363744735718
0.39024388790130615
0.14000000059604645
0.7250000238418579
0.7931034564971924
0.25
0.4545454680919647
0.17499999701976776
0.22727273404598236
0.2786885201931
0.75
0.5454545617103577
0.8297872543334961
0.2222222238779068
0.1111111119389534
0.7674418687820435
0.6296296119689941
0.261904776096344
1.100000023841858
0.5
0.18518517911434174
0.47058823704719543
0.4722222089767456
0.19148936867713928
0.6521739363670349
0.9583333134651184
0.875
0.5
0.4444444477558136
0.9130434989929199
0.5681818127632141
0.8269230723381042
0.37931033968925476
0.8823529481887817
0.260869562625885
0.6800000071525574
0.6000000238418579
0.6785714030265808
0.3181818127632141
0.5833333134651184
0.59375
0.24137930572032928
0.550000011920929
0.16129031777381897
0.2916666567325592
0.3333333432674408
0.5652173757553101
0.1875
0.5714285969734192
0.5384615659713745
0.3571428656578064
0.8157894611358643
0.5555555820465088
0.4736842215061188
0.8461538553237915
0.27272728085517883
0.15000000596046448
0.2857142984867096
0.9599999785423279
0.7352941036224365
0.3571428656578064
0.4444444477558136
0.8214285969734192
0.6666666865348816
0.5555555820465088
0.5964912176132202
0.625
0.1538461595773697
0.3333333432674408
0.5625
0.6000000238418579
0.7931034564971924
0.6666666865348816
0.5531914830207825
0.1071428582072258
0.5135135054588318
0.25531914830207825
0.5185185074806213
0.5945945978164673
0.26923078298568726
0.9800000190734863
0.5
0.6833333373069763
0.25
0.8717948794364929
0.550000011920929
0.4545454680919647
0.4444444477558136
0.8888888955116272
0.8461538553237915
0.5428571701049805
0.53125
0.4583333432674408
0.12903225421905518
0.40909090638160706
0.6666666865348816
0.23255814611911774
0.8928571343421936
0.5
0.4736842215061188
0.5384615659713745
0.7307692170143127
0.5
0.47826087474823
0.47058823704719543
0.095238097012043
0.2916666567325592
0.41999998688697815
0.5
0.9166666865348816
0.22807016968727112
0.3103448152542114
0.71875
0.5833333134651184
0.3333333432674408
0.8620689511299133
0.4444444477558136
0.4888888895511627
0.4444444477558136
0.4000000059604645
0.1785714328289032
0.5
0.3214285671710968
0.4444444477558136
0.3076923191547394
0.6399999856948853
0.7884615659713745
1.0192307233810425
0.5652173757553101
0.1818181872367859
0.4571428596973419
0.42500001192092896
0.4545454680919647
0.782608687877655
0.8999999761581421
0.5925925970077515
0.2142857164144516
1.0
0.4166666567325592
0.5945945978164673
0.15000000596046448
0.25
0.6222222447395325
0.5714285969734192
0.42307692766189575
0.4399999976158142
0.804347813129425
0.4399999976158142
0.4693877696990967
0.6000000238418579
0.47826087474823
0.6774193644523621
0.9069767594337463
0.21052631735801697
0.15789473056793213
0.46875
0.4736842215061188
0.7692307829856873
0.4545454680919647
1.0666667222976685
0.45588234066963196
0.6071428656578064
0.3333333432674408
0.3207547068595886
0.6785714030265808
0.302325576543808
0.6976743936538696
0.699999988079071
0.3589743673801422
0.30000001192092896
0.22727273404598236
0.5555555820465088
0.8333333134651184
0.30000001192092896
0.3928571343421936
0.875
1.3333333730697632
0.4000000059604645
0.3636363744735718
0.375
0.375
0.30000001192092896
0.9090909361839294
0.2142857164144516
0.5454545617103577
1.0
0.800000011920929
NaN
0.2857142984867096
0.27272728085517883
0.9090909361839294
1.0
0.9090909361839294
1.0
0.375
0.4000000059604645
0.75
1.0
0.20000000298023224
0.8947368264198303
0.9090909361839294
0.529411792755127
0.25
0.8181818127632141
0.3333333432674408
0.9090909361839294
0.75
0.7777777910232544
0.9090909361839294
0.75
1.0
0.8461538553237915
0.800000011920929
0.8181818127632141
0.8181818127632141
0.75
0.3333333432674408
0.875
0.9090909361839294
0.9090909361839294
0.9090909361839294
0.9090909361839294
0.9090909361839294
0.9090909361839294
0.9090909361839294
0.3333333432674408
0.75
0.46666666865348816
0.4117647111415863
1.0
0.875
0.875
0.9090909361839294
0.800000011920929
0.8888888955116272
0.875
0.5
0.30000001192092896
1.0
0.8999999761581421
0.25
0.875
0.8181818127632141
1.0
0.8461538553237915
0.2142857164144516
0.4000000059604645
1.0
0.6000000238418579
0.20000000298023224
0.8181818127632141
1.0
0.7333333492279053
1.0
0.8333333134651184
0.0
0.8333333134651184
0.8999999761581421
0.9090909361839294
0.5333333611488342
0.5833333134651184
0.6153846383094788
0.9090909361839294
0.75
0.375
0.875
0.20000000298023224
0.9090909361839294
0.9090909361839294
0.6428571343421936
0.8999999761581421
0.9090909361839294
0.75
0.6111111044883728
0.27272728085517883
0.25
0.4000000059604645
0.7142857313156128
0.46666666865348816
0.8181818127632141
0.8999999761581421
0.9090909361839294
0.9090909361839294
0.9090909361839294
0.75
0.625
1.0
0.3636363744735718
0.5384615659713745
0.30000001192092896
0.6666666865348816
0.7142857313156128
0.5714285969734192
0.6666666865348816
0.9090909361839294
0.5
0.5
0.20000000298023224
0.25
0.4000000059604645
0.25
0.5
1.0
0.25
0.20000000298023224
0.25
0.25
0.6000000238418579
0.6111111044883728
0.2222222238779068
1.0
0.9090909361839294
0.9090909361839294
0.75
0.75
0.75
0.875
0.3333333432674408
0.0
0.8181818127632141
0.9090909361839294
1.0
0.875
0.9090909361839294
0.9166666865348816
0.7777777910232544
0.0
0.5
0.25
0.800000011920929
0.6153846383094788
0.8181818127632141
0.75
0.8333333134651184
0.2222222238779068
0.2222222238779068
0.875
0.2222222238779068
0.5
0.8999999761581421
0.75
0.9090909361839294
0.3333333432674408
0.875
0.1818181872367859
0.9090909361839294
0.9090909361839294
0.5714285969734192
0.3333333432674408
0.5263158082962036
0.8181818127632141
0.8888888955116272
0.5
0.8461538553237915
0.875
0.09090909361839294
0.3333333432674408
0.1666666716337204
1.0
0.9090909361839294
0.800000011920929
0.3333333432674408
0.4000000059604645
0.0
0.4000000059604645
0.25
1.0
0.8999999761581421
0.7142857313156128
0.20000000298023224
0.3333333432674408
0.09090909361839294
0.875
0.1111111119389534
0.25
0.25
0.8181818127632141
0.5
0.6666666865348816
0.8181818127632141
0.6666666865348816
0.9090909361839294
0.2222222238779068
0.6666666865348816
0.09090909361839294
0.9090909361839294
0.30000001192092896
0.75
0.8999999761581421
0.75
0.6666666865348816
0.7692307829856873
0.5454545617103577
0.875
0.125
0.9166666865348816
0.7142857313156128
1.0
0.0
0.7272727489471436
0.5
0.2857142984867096
0.2777777910232544
0.875
0.9090909361839294
0.5
0.4615384638309479
0.75
0.25
0.8181818127632141
0.23076923191547394
0.1666666716337204
0.5333333611488342
0.4000000059604645
0.3333333432674408
0.6000000238418579
0.4000000059604645
1.1666666269302368
0.8181818127632141
0.5
0.3333333432674408
0.25
0.4000000059604645
0.6666666865348816
0.3333333432674408
0.25
0.5625
0.30000001192092896
0.1111111119389534
0.8999999761581421
0.9090909361839294
0.5
0.20000000298023224
0.9090909361839294
0.5333333611488342
0.20000000298023224
1.0
0.375
0.1538461595773697
0.6000000238418579
0.25
0.800000011920929
0.20000000298023224
0.20000000298023224
0.625
0.9285714030265808
0.6666666865348816
0.20000000298023224
0.9090909361839294
0.9090909361839294
0.20000000298023224
0.5909090638160706
0.3571428656578064
0.1818181872367859
0.1428571492433548
0.3888888955116272
0.8571428656578064
NaN
0.8999999761581421
0.4000000059604645
0.5454545617103577
0.800000011920929
0.4545454680919647
0.4000000059604645
0.875
0.7272727489471436
0.1818181872367859
0.1818181872367859
0.2222222238779068
0.3333333432674408
0.5833333134651184
0.06666667014360428
0.1818181872367859
0.7272727489471436
0.09090909361839294
0.20000000298023224
0.1764705926179886
0.4444444477558136
0.875
0.7777777910232544
0.5833333134651184
0.20000000298023224
0.20000000298023224
0.25
0.6666666865348816
0.1818181872367859
0.6000000238418579
0.09090909361839294
0.0
0.1666666716337204
0.2857142984867096
0.10000000149011612
0.7692307829856873
0.07692307978868484
0.0
0.25
0.8888888955116272
0.0714285746216774
0.4000000059604645
0.3333333432674408
0.20000000298023224
0.25
0.25
0.1818181872367859
0.1666666716337204
0.125
0.20000000298023224
0.25
0.2222222238779068
0.625
0.6000000238418579
0.1764705926179886
0.4583333432674408
0.6428571343421936
0.6666666865348816
0.20000000298023224
0.25
0.75
0.8333333134651184
1.0
0.2857142984867096
0.1304347813129425
0.1666666716337204
0.25
0.10000000149011612
0.09090909361839294
0.2380952388048172
0.06666667014360428
0.4444444477558136
0.1666666716337204
0.2222222238779068
0.10000000149011612
0.0
0.2222222238779068
0.625
1.25
0.23076923191547394
0.4736842215061188
0.2857142984867096
0.20000000298023224
0.09090909361839294
0.20000000298023224
0.800000011920929
0.09090909361839294
0.0
0.1111111119389534
0.1818181872367859
0.125
0.25
0.1538461595773697
0.692307710647583
0.9090909361839294
0.4000000059604645
0.10000000149011612
0.8181818127632141
0.5
0.1666666716337204
0.10000000149011612
0.1818181872367859
0.1111111119389534
0.1818181872367859
0.2857142984867096
0.2142857164144516
0.1666666716337204
0.5555555820465088
0.20000000298023224
0.125
0.09090909361839294
1.0
0.1818181872367859
0.25
0.4000000059604645
0.4285714328289032
1.0
0.3333333432674408
0.4285714328289032
0.375
0.26923078298568726
0.25
0.1428571492433548
0.7692307829856873
0.25
0.9090909361839294
0.8888888955116272
0.7272727489471436
0.1764705926179886
0.4285714328289032
0.2222222238779068
0.7272727489471436
0.1538461595773697
0.25
0.4444444477558136
0.1666666716337204
0.25
0.25
0.7272727489471436
0.2222222238779068
0.11764705926179886
0.09090909361839294
0.1111111119389534
0.2222222238779068
0.3333333432674408
0.10000000149011612
0.09090909361839294
0.5789473652839661
0.8333333134651184
0.7692307829856873
1.0
0.625
0.1111111119389534
0.0714285746216774
0.5
0.4444444477558136
0.1428571492433548
0.0
0.375
0.09090909361839294
0.10000000149011612
0.1818181872367859
0.7272727489471436
0.7142857313156128
0.75
0.1111111119389534
0.10000000149011612
0.125
0.09090909361839294
0.5714285969734192
0.0
0.3333333432674408
0.1666666716337204
0.20000000298023224
0.5
0.20000000298023224
0.5
0.2142857164144516
0.5
0.5384615659713745
0.699999988079071
0.25
0.2857142984867096
0.25
0.5333333611488342
0.125
0.7272727489471436
0.25
0.6666666865348816
0.2857142984867096
0.1666666716337204
0.25
0.0
0.7058823704719543
0.1428571492433548
0.1111111119389534
0.06666667014360428
0.0
0.6666666865348816
0.5
0.0
0.3636363744735718
0.0833333358168602
0.5
0.75
0.75
0.07692307978868484
0.1818181872367859
0.09090909361839294
0.125
0.2631579041481018
0.0
0.125
0.0833333358168602
0.1111111119389534
0.557692289352417
0.6666666865348816
0.529411792755127
0.1818181872367859
0.3333333432674408
0.1764705926179886
0.1666666716337204
0.5
0.25
0.3333333432674408
0.2857142984867096
0.1666666716337204
0.1538461595773697
0.09090909361839294
0.1666666716337204
0.7272727489471436
0.125
0.125
0.25
0.1764705926179886
0.0
0.1666666716337204
0.125
0.125
0.6000000238418579
0.2222222238779068
0.25
0.6666666865348816
0.6000000238418579
0.20000000298023224
0.5714285969734192
0.3333333432674408
0.3636363744735718
0.0714285746216774
0.5625
0.07692307978868484
0.2222222238779068
0.20000000298023224
0.20000000298023224
0.25
0.0833333358168602
0.13333334028720856
0.09090909361839294
0.1818181872367859
0.1666666716337204
0.1111111119389534
0.0
0.25
0.0
0.13333334028720856
0.1428571492433548
0.7333333492279053
0.125
0.10000000149011612
0.10000000149011612
0.6363636255264282
0.125
NaN
0.25
0.20000000298023224
0.692307710647583
0.25
0.0
0.25
0.1111111119389534
0.11764705926179886
0.3333333432674408
0.1111111119389534
0.6363636255264282
0.0714285746216774
0.13333334028720856
0.800000011920929
0.0
0.6470588445663452
0.10000000149011612
0.13333334028720856
0.1538461595773697
0.75
0.2142857164144516
0.1428571492433548
0.375
0.6666666865348816
0.1818181872367859
0.75
0.1818181872367859
0.1428571492433548
0.1538461595773697
0.6666666865348816
0.4285714328289032
0.5714285969734192
0.1666666716337204
0.125
0.1818181872367859
0.0833333358168602
0.25
0.09090909361839294
0.0
0.0
0.20000000298023224
0.06666667014360428
0.27272728085517883
0.3333333432674408
0.20000000298023224
0.0
0.125
0.10000000149011612
0.10000000149011612
0.0833333358168602
0.10000000149011612
0.0714285746216774
0.1666666716337204
0.032258063554763794
0.09090909361839294
0.0833333358168602
0.2857142984867096
0.10000000149011612
0.1666666716337204
0.1666666716337204
0.0833333358168602
0.3333333432674408
0.1666666716337204
0.125
0.1818181872367859
0.05882352963089943
0.692307710647583
0.0
0.0555555559694767
0.1111111119389534
0.1666666716337204
0.125
0.07692307978868484
0.1666666716337204
0.7857142686843872
0.4000000059604645
0.2857142984867096
0.4285714328289032
0.0833333358168602
0.0833333358168602
0.10000000149011612
0.10000000149011612
0.1111111119389534
0.1666666716337204
0.125
0.09090909361839294
0.4000000059604645
0.20000000298023224
0.20000000298023224
0.1666666716337204
0.1666666716337204
0.1428571492433548
0.07692307978868484
0.0833333358168602
0.0
0.3333333432674408
0.2857142984867096
0.1818181872367859
0.875
0.3499999940395355
0.1666666716337204
0.0
0.5
0.0
0.10000000149011612
0.11764705926179886
0.0
0.1666666716337204
0.1428571492433548
0.3125
0.20000000298023224
0.1538461595773697
0.10000000149011612
0.0833333358168602
0.20000000298023224
0.5
0.5714285969734192
0.20000000298023224
0.1538461595773697
0.0833333358168602
0.7142857313156128
0.20000000298023224
0.125
0.11999999731779099
0.5454545617103577
0.1666666716337204
0.10000000149011612
0.3333333432674408
0.20000000298023224
0.1666666716337204
0.05882352963089943
0.0
0.125
0.1666666716337204
0.0476190485060215
0.11764705926179886
0.125
0.1818181872367859
0.7857142686843872
0.4000000059604645
0.0
0.10000000149011612
0.375
0.5
0.1111111119389534
0.09090909361839294
0.10000000149011612
0.03030303120613098
0.2222222238779068
0.10000000149011612
0.20000000298023224
0.07407407462596893
0.1818181872367859
0.125
0.1666666716337204
0.1666666716337204
0.10000000149011612
0.07692307978868484
0.125
0.125
0.5555555820465088
0.10000000149011612
0.0833333358168602
0.0555555559694767
0.1666666716337204
0.125
0.125
0.30000001192092896
0.05263157933950424
0.125
0.6666666865348816
0.10000000149011612
0.09090909361839294
0.1428571492433548
0.0625
0.8181818127632141
0.0555555559694767
0.0833333358168602
0.09090909361839294
0.04545454680919647
0.0
0.20000000298023224
0.30434781312942505
0.4166666567325592
0.25
0.1428571492433548
0.07692307978868484
0.07692307978868484
0.10000000149011612
0.1818181872367859
0.0
0.0714285746216774
0.0
0.1666666716337204
0.30000001192092896
0.409
0.467
0.903
0.75
0.315
0.5
0.47
0.244
0.516
0.589
0.422
0.34
0.9
0.957
0.366
0.462
0.285
0.73
0.315
0.6
0.588
0.54
0.589
0.166
0.777
0.0
0.125
0.685
0.638
0.782
0.275
0.17
0.276
0.76
0.612
0.729
0.186
0.838
0.211
0.387
0.677
0.644
0.0
0.0
0.617
0.483
1.0
0.347
0.571
0.723
0.481
0.576
0.564
0.23
0.205
0.571
0.266
0.24
0.254
0.883
0.372
0.5
0.467
0.575
0.925
0.549
0.212
0.414
0.5
0.769
0.576
0.659
0.234
0.057
0.451
0.471
0.23
0.256
0.377
0.31
0.409
0.355
0.606
0.434
0.315
0.892
0.365
0.24
0.631
0.951
0.253
0.55
0.2
0.481
0.114
1.0
0.677
0.744
0.0
0.558
0.225
0.49
0.603
0.87
0.893
1.0
0.344
0.393
0.0
0.488
0.076
0.773
0.409
0.708
0.442
0.434
0.241
0.32
0.612
0.217
0.0
0.282
0.291
0.419
0.709
0.25
0.26
0.73
0.735
0.434
0.446
0.434
0.369
0.434
0.661
0.0
0.72
0.574
0.311
0.341
0.575
0.203
0.275
0.584
0.5
0.821
0.28
0.8
0.269
0.225
0.617
0.0
0.272
0.9
0.0
0.756
0.121
0.0
0.482
0.241
0.387
0.25
0.851
0.468
0.304
0.384
0.818
0.288
0.577
0.358
0.285
0.0
0.535
0.568
0.535
0.769
0.285
0.238
0.34
0.6
0.0
0.55
0.337
0.903
0.35
0.49
0.702
0.483
0.729
0.391
0.5
0.288
0.615
0.141
0.43
0.518
0.0
0.833
0.594
0.446
0.5
0.485
0.222
0.241
1.0
0.911
0.684
0.41
0.722
0.419
0.909
0.825
0.571
0.645
0.305
0.928
0.387
0.304
0.25
0.531
1.0
0.432
0.584
0.369
0.344
0.529
0.419
0.0
0.553
0.75
0.076
0.7
0.307
0.211
0.49
0.378
0.0
0.538
0.288
0.518
0.935
0.446
0.392
0.266
0.275
0.647
0.0
0.725
0.64
0.981
0.717
0.392
0.605
0.739
0.413
1.0
0.3
0.657
1.0
0.838
0.5
0.32
0.685
0.403
0.15
0.211
0.0
0.782
0.45
0.322
1.0
0.222
0.125
0.729
0.369
0.186
0.325
0.7
0.482
0.85
0.157
0.403
0.692
0.7
0.615
0.612
0.527
0.882
0.851
0.36
0.892
0.23
0.581
0.285
0.661
0.0
0.903
0.461
0.53
0.716
0.391
0.304
0.3
0.39
0.384
0.0
0.282
0.875
0.0
1.0
0.615
0.482
0.54
0.722
0.56
0.488
0.515
0.5
0.272
0.125
0.474
0.16
0.981
0.441
0.23
0.588
0.433
0.377
0.269
0.0
0.256
0.378
0.2
0.324
0.0
0.0
0.379
0.538
0.322
0.125
0.263
0.128
0.394
0.577
0.428
0.642
0.431
0.882
0.214
0.791
0.541
0.883
0.722
0.875
0.188
0.272
0.549
0.935
0.588
0.661
0.617
0.192
0.627
0.362
0.833
0.454
0.241
0.442
0.083
0.586
0.548
0.7
0.589
0.285
0.255
0.465
0.586
0.661
0.641
0.125
0.722
0.409
0.277
0.717
0.309
0.89
0.271
0.717
0.228
0.338
0.795
0.487
0.224
0.309
0.288
0.075
0.358
0.711
0.125
0.293
0.062
0.25
0.555
0.5
0.448
0.75
0.419
0.532
0.903
0.833
0.85
0.916
0.808
0.722
0.37
0.23
0.523
0.338
0.5
0.583
0.062
0.285
0.866
0.725
0.36
0.73
0.288
0.645
0.532
0.333
0.205
0.512
0.432
0.24
0.265
0.263
0.794
0.0
0.557
0.526
0.909
0.661
0.482
0.291
0.677
0.14
0.448
0.804
0.784
0.68
0.357
0.5
0.833
0.548
0.765
0.403
0.379
0.548
0.238
0.25
0.534
0.512
0.282
0.45
0.321
0.409
0.326
0.363
0.719
0.467
1.044
0.205
0.341
0.25
0.75
0.525
0.28
0.364
0.507
0.444
0.945
0.551
0.521
0.528
0.558
0.4
0.414
0.661
0.205
0.387
0.0
0.583
0.812
0.122
0.4
0.432
0.377
0.423
0.1
0.087
0.507
0.916
0.676
0.358
0.133
0.192
0.459
0.284
0.735
0.23
0.573
0.787
0.684
0.382
0.25
0.114
0.176
0.297
0.444
0.829
0.3
0.241
0.444
0.647
0.268
0.377
0.492
0.309
0.5
0.779
0.812
0.71
0.21
0.291
0.214
0.695
0.254
0.25
0.404
0.344
0.0
0.038
0.352
0.191
0.56
0.5
0.387
0.465
0.555
0.111
0.684
0.0
0.85
0.838
0.49
0.7
0.589
0.241
0.596
0.114
0.405
0.509
0.588
0.487
0.152
0.56
0.062
0.264
0.372
0.172
0.528
0.769
0.339
0.294
0.487
0.75
1.0
0.0
0.564
0.829
0.098
0.703
0.547
0.275
0.204
1.0
0.408
0.96
0.311
0.333
0.474
0.627
0.426
0.379
0.87
0.695
0.625
1.04
0.346
0.187
0.3
0.0
0.453
0.047
0.253
0.622
0.347
0.705
0.571
0.0
0.291
0.731
0.625
0.833
0.337
0.0
0.538
0.55
0.692
0.68
0.23
0.615
0.5
0.729
1.0
0.471
0.677
0.255
0.208
0.714
0.0
0.4
0.709
0.583
0.625
0.449
0.471
0.2
0.68
0.268
0.8
0.076
0.377
0.531
0.633
0.854
0.311
0.583
0.426
0.602
0.52
0.392
0.186
0.823
0.372
0.49
0.033
0.346
0.0
0.945
0.882
0.833
0.5
0.362
0.347
0.285
0.54
0.666
0.303
0.243
0.294
0.432
0.325
0.38
0.333
0.148
0.216
0.558
0.451
1.0
0.5
1.0
0.409
0.372
0.875
0.548
0.596
0.9
0.245
0.35
0.32
0.32
0.812
0.53
0.833
0.521
0.871
0.347
0.313
0.0
0.9
0.166
0.366
0.35
0.475
0.372
0.539
0.34
0.8
1.0
0.705
1.024
0.288
1.0
0.769
0.608
0.268
0.708
0.564
0.87
0.083
0.583
0.298
0.0
0.415
0.12
0.379
0.413
0.275
0.25
0.222
1.0
0.647
0.214
