0.5
0.4000000059604645
0.21875
0.800000011920929
0.1666666716337204
0.09677419066429138
0.2800000011920929
0.3035714328289032
0.6000000238418579
0.13333334028720856
0.3636363744735718
0.7045454382896423
0.6969696879386902
0.5862069129943848
0.1818181872367859
0.6470588445663452
0.23076923191547394
0.29411765933036804
0.3125
0.6818181872367859
0.59375
0.30000001192092896
0.25
0.20000000298023224
0.5
0.7428571581840515
0.6000000238418579
0.25
0.699999988079071
0.42500001192092896
0.44999998807907104
0.23076923191547394
0.19230769574642181
0.550000011920929
0.6363636255264282
0.25
0.13636364042758942
0.1818181872367859
0.8888888955116272
0.24137930572032928
0.2068965584039688
0.5416666865348816
0.3571428656578064
0.3191489279270172
0.1818181872367859
0.25531914830207825
0.529411792755127
0.4761904776096344
0.41860464215278625
0.4888888895511627
0.39534884691238403
0.8260869383811951
0.5531914830207825
0.4444444477558136
0.23529411852359772
0.4038461446762085
0.42307692766189575
0.23255814611911774
0.5208333134651184
0.3137255012989044
0.44680851697921753
0.3863636255264282
0.4736842215061188
0.27272728085517883
0.3863636255264282
0.8285714387893677
0.27272728085517883
0.0
0.5333333611488342
0.71875
0.84375
0.2666666805744171
0.2857142984867096
0.11764705926179886
0.5882353186607361
0.7142857313156128
0.4576271176338196
0.4000000059604645
0.30000001192092896
0.4444444477558136
0.6792452931404114
0.6000000238418579
0.4285714328289032
0.0833333358168602
0.84375
0.3499999940395355
0.38461539149284363
0.5333333611488342
0.5185185074806213
0.5714285969734192
0.6153846383094788
0.3181818127632141
0.3333333432674408
0.18000000715255737
0.23529411852359772
0.699999988079071
0.7272727489471436
0.5555555820465088
0.5806451439857483
0.7666666507720947
0.5384615659713745
0.1621621549129486
0.2380952388048172
0.2222222238779068
0.7857142686843872
0.22727273404598236
0.32258063554763794
0.3076923191547394
0.1875
0.824999988079071
0.5945945978164673
0.40909090638160706
0.1666666716337204
0.5333333611488342
0.2698412835597992
0.5789473652839661
0.21739129722118378
0.40909090638160706
0.11999999731779099
0.30000001192092896
0.10000000149011612
0.5862069129943848
0.17391304671764374
0.380952388048172
0.21052631735801697
0.4516128897666931
0.6578947305679321
0.5
0.375
0.22727273404598236
0.40740740299224854
0.47826087474823
0.2368421107530594
0.682539701461792
0.20588235557079315
0.1875
0.09090909361839294
0.30434781312942505
0.7142857313156128
0.5185185074806213
0.28947368264198303
0.1599999964237213
0.421875
0.4776119291782379
0.2926829159259796
0.2777777910232544
0.42307692766189575
0.4615384638309479
0.4318181872367859
0.4117647111415863
0.5925925970077515
0.4137931168079376
0.5208333134651184
1.0
0.41999998688697815
0.34285715222358704
0.3571428656578064
0.6428571343421936
0.29411765933036804
0.1538461595773697
0.37931033968925476
0.375
0.1875
0.5813953280448914
0.1818181872367859
0.12280701845884323
0.40740740299224854
0.6029411554336548
0.4583333432674408
0.707317054271698
0.42592594027519226
0.3658536672592163
0.5970149040222168
0.5666666626930237
0.42105263471603394
0.4399999976158142
0.14814814925193787
0.44897958636283875
0.20000000298023224
0.2978723347187042
0.9230769276618958
0.2195121943950653
0.4545454680919647
0.44186046719551086
0.375
0.6415094137191772
0.6470588445663452
0.1599999964237213
0.1388888955116272
0.4166666567325592
0.5555555820465088
0.3499999940395355
0.2571428716182709
0.2222222238779068
0.1818181872367859
0.4736842215061188
0.8545454740524292
0.20000000298023224
0.5957446694374084
0.25
0.41818180680274963
0.7708333134651184
0.11999999731779099
0.1764705926179886
0.2666666805744171
0.37037035822868347
0.7058823704719543
0.8666666746139526
0.24137930572032928
0.4375
0.12903225421905518
0.2631579041481018
0.5192307829856873
0.8333333134651184
0.15789473056793213
0.875
0.25806450843811035
0.43478259444236755
0.7297297120094299
0.8648648858070374
0.4444444477558136
0.6399999856948853
0.5833333134651184
0.5333333611488342
0.3333333432674408
0.5
0.75
0.48148149251937866
0.1764705926179886
0.5555555820465088
0.39024388790130615
0.6296296119689941
0.2222222238779068
0.4920634925365448
0.7692307829856873
0.125
0.2222222238779068
0.7358490824699402
0.21739129722118378
0.7692307829856873
0.4285714328289032
0.5652173757553101
0.35555556416511536
0.2142857164144516
0.4482758641242981
0.34210526943206787
0.4193548262119293
0.17499999701976776
0.27586206793785095
0.44999998807907104
0.5277777910232544
0.9824561476707458
0.7551020383834839
0.2916666567325592
0.9473684430122375
0.2647058963775635
0.0833333358168602
0.22857142984867096
0.23404255509376526
0.48275861144065857
0.5333333611488342
0.59375
0.6341463327407837
0.46666666865348816
0.17241379618644714
0.8125
0.6296296119689941
0.7333333492279053
0.5789473652839661
0.6499999761581421
0.05882352963089943
0.4150943458080292
0.1764705926179886
0.26530611515045166
0.6279069781303406
0.4285714328289032
0.8275862336158752
0.17391304671764374
0.7037037014961243
0.1428571492433548
0.5185185074806213
0.25
0.1428571492433548
0.3928571343421936
0.48148149251937866
0.4375
0.2777777910232544
0.6000000238418579
0.7692307829856873
0.4444444477558136
0.8333333134651184
0.6216216087341309
0.6800000071525574
0.0
0.39534884691238403
0.720588207244873
0.8181818127632141
0.7931034564971924
0.13636364042758942
0.23529411852359772
0.3333333432674408
0.15000000596046448
0.2068965584039688
0.4444444477558136
0.239130437374115
0.7142857313156128
0.7272727489471436
0.6875
0.7777777910232544
0.5476190447807312
0.3541666567325592
0.5538461804389954
0.5517241358757019
0.3461538553237915
0.5098039507865906
0.41999998688697815
0.2777777910232544
1.0
0.23999999463558197
0.7088607549667358
0.37931033968925476
0.42105263471603394
0.6399999856948853
0.5128205418586731
0.7567567825317383
0.18518517911434174
0.0714285746216774
0.42500001192092896
0.234375
0.380952388048172
0.21212121844291687
0.5833333134651184
0.4285714328289032
0.3478260934352875
0.3030303120613098
0.10000000149011612
0.1538461595773697
0.9375
0.5
0.3333333432674408
1.0
0.3499999940395355
0.23076923191547394
0.1111111119389534
0.10204081982374191
0.2380952388048172
0.29411765933036804
0.0714285746216774
0.5769230723381042
0.6111111044883728
0.2380952388048172
0.23529411852359772
0.3333333432674408
0.550000011920929
0.3478260934352875
0.37931033968925476
0.30000001192092896
0.3050847351551056
0.6333333253860474
0.5
0.1818181872367859
0.6666666865348816
0.3333333432674408
0.4054054021835327
0.25
0.3928571343421936
0.75
0.7727272510528564
0.47999998927116394
0.6666666865348816
0.6190476417541504
0.5909090638160706
0.23076923191547394
0.7169811129570007
0.0714285746216774
0.9285714030265808
0.4583333432674408
0.7407407164573669
0.21052631735801697
0.15217390656471252
0.8500000238418579
0.3125
0.1666666716337204
0.1666666716337204
0.7547169923782349
0.529411792755127
0.25806450843811035
0.761904776096344
0.8541666865348816
0.3125
0.1315789520740509
0.36666667461395264
0.4545454680919647
0.44186046719551086
0.4716981053352356
0.6071428656578064
0.4117647111415863
0.1538461595773697
0.380952388048172
0.1489361673593521
0.1428571492433548
0.1111111119389534
0.4000000059604645
0.4000000059604645
0.3076923191547394
0.25
0.22727273404598236
0.0357142873108387
0.1599999964237213
0.5625
0.6271186470985413
0.3913043439388275
0.692307710647583
0.6470588445663452
0.30000001192092896
0.15789473056793213
0.5
0.8823529481887817
0.36000001430511475
0.49056604504585266
0.800000011920929
0.5
0.2800000011920929
0.5
0.7454545497894287
0.9629629850387573
0.4399999976158142
0.37037035822868347
0.4000000059604645
0.4000000059604645
0.6060606241226196
0.5
0.4749999940395355
0.32203391194343567
0.30434781312942505
0.875
0.3199999928474426
0.25806450843811035
0.1607142835855484
0.29411765933036804
0.30188679695129395
0.4545454680919647
0.8888888955116272
0.2083333283662796
0.30000001192092896
0.6363636255264282
0.17391304671764374
0.4444444477558136
0.3913043439388275
0.6428571343421936
0.6530612111091614
0.760869562625885
0.23999999463558197
0.3606557250022888
0.4615384638309479
0.4848484992980957
0.699999988079071
0.3611111044883728
0.1428571492433548
0.5769230723381042
0.3125
0.2142857164144516
0.7142857313156128
0.5918367505073547
0.42105263471603394
0.5531914830207825
0.11999999731779099
0.6944444179534912
0.6428571343421936
0.5675675868988037
0.3333333432674408
0.09677419066429138
0.5
0.8181818127632141
0.09090909361839294
0.23076923191547394
0.6037735939025879
0.39534884691238403
0.3333333432674408
0.20588235557079315
0.2222222238779068
0.3636363744735718
0.3731343150138855
0.5454545617103577
0.3461538553237915
0.4285714328289032
0.529411792755127
0.6216216087341309
0.3333333432674408
0.4583333432674408
0.2199999988079071
0.24444444477558136
0.30000001192092896
0.44262295961380005
0.4166666567325592
0.3617021143436432
0.5454545617103577
0.8636363744735718
0.40740740299224854
0.375
0.7272727489471436
0.5733333230018616
0.7234042286872864
0.25
0.782608687877655
0.5588235259056091
0.17391304671764374
0.17391304671764374
0.2857142984867096
0.2857142984867096
0.1111111119389534
0.5
0.3414634168148041
0.42307692766189575
0.39024388790130615
0.30000001192092896
0.3636363744735718
0.3888888955116272
0.5
0.21739129722118378
0.3333333432674408
0.23999999463558197
0.36000001430511475
0.38461539149284363
1.0
0.1034482792019844
0.5454545617103577
0.517241358757019
0.5
0.14814814925193787
0.25
0.875
0.6800000071525574
0.5645161271095276
0.30000001192092896
0.29629629850387573
0.7083333134651184
0.24528302252292633
0.1489361673593521
0.4285714328289032
0.08571428805589676
0.2142857164144516
0.23999999463558197
0.782608687877655
0.11999999731779099
0.21739129722118378
0.6551724076271057
0.1875
0.1666666716337204
0.28947368264198303
0.6499999761581421
0.6382978558540344
0.4848484992980957
0.6428571343421936
0.46341463923454285
0.15000000596046448
0.3636363744735718
0.4054054021835327
0.2830188572406769
0.380952388048172
0.4444444477558136
0.5869565010070801
0.1315789520740509
0.23076923191547394
0.4642857015132904
0.875
0.4871794879436493
0.914893627166748
0.6585366129875183
0.3636363744735718
0.4000000059604645
0.3469387888908386
0.5
0.23333333432674408
0.3636363744735718
0.27272728085517883
0.2926829159259796
0.05999999865889549
0.4749999940395355
0.6551724076271057
0.25
0.4545454680919647
0.17499999701976776
0.22727273404598236
0.2295081913471222
0.75
0.4318181872367859
0.7234042286872864
0.2222222238779068
0.07407407462596893
0.3488371968269348
0.29629629850387573
0.261904776096344
0.75
0.5
0.1111111119389534
0.29411765933036804
0.4166666567325592
0.06382978707551956
0.52173912525177
0.6666666865348816
0.875
0.42307692766189575
0.4444444477558136
0.804347813129425
0.25
0.6153846383094788
0.37931033968925476
0.8529411554336548
0.21739129722118378
0.36000001430511475
0.6000000238418579
0.6071428656578064
0.25
0.5833333134651184
0.28125
0.24137930572032928
0.4000000059604645
0.16129031777381897
0.1666666716337204
0.24242424964904785
0.5652173757553101
0.1875
0.4642857015132904
0.5128205418586731
0.3142857253551483
0.5
0.29629629850387573
0.4736842215061188
0.807692289352417
0.27272728085517883
0.15000000596046448
0.2857142984867096
0.8399999737739563
0.5588235259056091
0.2142857164144516
0.4444444477558136
0.6785714030265808
0.6666666865348816
0.40740740299224854
0.5789473652839661
0.125
0.1538461595773697
0.3333333432674408
0.46875
0.36666667461395264
0.6206896305084229
0.4444444477558136
0.42553192377090454
0.1071428582072258
0.4324324429035187
0.21276596188545227
0.40740740299224854
0.5945945978164673
0.23076923191547394
0.8999999761581421
0.5
0.6833333373069763
0.25
0.6666666865348816
0.4000000059604645
0.4545454680919647
0.1666666716337204
0.1111111119389534
0.692307710647583
0.4000000059604645
0.28125
0.3541666567325592
0.12903225421905518
0.3863636255264282
0.5454545617103577
0.1627907007932663
0.7857142686843872
0.5
0.42105263471603394
0.5384615659713745
0.5769230723381042
0.5
0.3695652186870575
0.3529411852359772
0.095238097012043
0.2083333283662796
0.23999999463558197
0.3125
0.6111111044883728
0.17543859779834747
0.3103448152542114
0.71875
0.5833333134651184
0.3333333432674408
0.7931034564971924
0.37037035822868347
0.35555556416511536
0.4444444477558136
0.36000001430511475
0.1428571492433548
0.1666666716337204
0.25
0.4444444477558136
0.3076923191547394
0.47999998927116394
0.5769230723381042
0.75
0.47826087474823
0.1818181872367859
0.4571428596973419
0.2750000059604645
0.3181818127632141
0.21739129722118378
0.6499999761581421
0.5185185074806213
0.2142857164144516
1.0
0.28333333134651184
0.5945945978164673
0.11666666716337204
0.15000000596046448
0.5777778029441833
0.4285714328289032
0.36538460850715637
0.36000001430511475
0.782608687877655
0.4000000059604645
0.44897958636283875
0.6000000238418579
0.43478259444236755
0.5483871102333069
0.7906976938247681
0.15789473056793213
0.10526315867900848
0.375
0.2631579041481018
0.5128205418586731
0.4545454680919647
0.699999988079071
0.3970588147640228
0.5
0.3333333432674408
0.2830188572406769
0.6785714030265808
0.27906978130340576
0.44186046719551086
0.5
0.3076923191547394
0.30000001192092896
0.22727273404598236
0.3888888955116272
0.6111111044883728
0.30000001192092896
0.3928571343421936
0.625
1.0
0.4000000059604645
0.3636363744735718
0.375
0.375
0.30000001192092896
0.6363636255264282
0.2142857164144516
0.27272728085517883
1.0
0.20000000298023224
NaN
0.2857142984867096
0.27272728085517883
0.6363636255264282
1.0
0.6363636255264282
1.0
0.375
0.4000000059604645
0.5
1.0
0.20000000298023224
0.8947368264198303
0.5454545617103577
0.3529411852359772
0.25
0.8181818127632141
0.3333333432674408
0.6363636255264282
0.5
0.5555555820465088
0.6363636255264282
0.75
1.0
0.6153846383094788
0.800000011920929
0.8181818127632141
0.8181818127632141
0.75
0.3333333432674408
0.625
0.5454545617103577
0.5454545617103577
0.5454545617103577
0.5454545617103577
0.5454545617103577
0.5454545617103577
0.5454545617103577
0.3333333432674408
0.625
0.46666666865348816
0.4117647111415863
1.0
0.625
0.625
0.6363636255264282
0.4000000059604645
0.6666666865348816
0.625
0.5
0.20000000298023224
1.0
0.6000000238418579
0.25
0.625
0.8181818127632141
1.0
0.8461538553237915
0.2142857164144516
0.4000000059604645
1.0
0.6000000238418579
0.20000000298023224
0.1818181872367859
1.0
0.7333333492279053
1.0
0.6666666865348816
0.0
0.3333333432674408
0.699999988079071
0.6363636255264282
0.5333333611488342
0.4166666567325592
0.4615384638309479
0.9090909361839294
0.625
0.375
0.625
0.20000000298023224
0.6363636255264282
0.5454545617103577
0.4285714328289032
0.699999988079071
0.6363636255264282
0.75
0.6111111044883728
0.27272728085517883
0.25
0.4000000059604645
0.5714285969734192
0.46666666865348816
0.1818181872367859
0.6000000238418579
0.5454545617103577
0.5454545617103577
0.6363636255264282
0.5
0.625
0.6153846383094788
0.27272728085517883
0.4615384638309479
0.30000001192092896
0.6666666865348816
0.7142857313156128
0.5714285969734192
0.4444444477558136
0.5454545617103577
0.5
0.5
0.20000000298023224
0.25
0.4000000059604645
0.25
0.5
0.8333333134651184
0.25
0.20000000298023224
0.25
0.25
0.6000000238418579
0.3888888955116272
0.2222222238779068
0.75
0.5454545617103577
0.5454545617103577
0.25
0.25
0.25
0.625
0.3333333432674408
0.0
0.8181818127632141
0.6363636255264282
0.6363636255264282
0.625
0.6363636255264282
0.5833333134651184
0.2222222238779068
0.0
0.5
0.25
0.4000000059604645
0.4615384638309479
0.8181818127632141
0.75
0.3333333432674408
0.2222222238779068
0.2222222238779068
0.625
0.2222222238779068
0.5
0.6000000238418579
0.25
0.6363636255264282
0.3333333432674408
0.625
0.1818181872367859
0.9090909361839294
0.6363636255264282
0.5714285969734192
0.3333333432674408
0.5263158082962036
0.8181818127632141
0.6666666865348816
0.5
0.8461538553237915
0.625
0.09090909361839294
0.3333333432674408
0.1666666716337204
1.0
0.5454545617103577
0.4000000059604645
0.3333333432674408
0.4000000059604645
0.0
0.4000000059604645
0.2083333283662796
1.0
0.800000011920929
0.7142857313156128
0.20000000298023224
0.3333333432674408
0.09090909361839294
0.625
0.1111111119389534
0.25
0.25
0.8181818127632141
0.5
0.6666666865348816
0.8181818127632141
0.3333333432674408
0.5454545617103577
0.2222222238779068
0.4444444477558136
0.09090909361839294
0.6363636255264282
0.30000001192092896
0.25
0.6000000238418579
0.75
0.2222222238779068
0.7692307829856873
0.5454545617103577
0.625
0.125
0.5833333134651184
0.7142857313156128
1.0
0.0
0.4545454680919647
0.5
0.2857142984867096
0.2777777910232544
0.625
0.6363636255264282
0.5
0.4615384638309479
0.625
0.25
0.1818181872367859
0.23076923191547394
0.1666666716337204
0.4000000059604645
0.4000000059604645
0.3333333432674408
0.4000000059604645
0.4000000059604645
0.6666666865348816
0.7272727489471436
0.5
0.3333333432674408
0.25
0.0
0.6666666865348816
0.3333333432674408
0.25
0.375
0.30000001192092896
0.1111111119389534
0.6000000238418579
0.5454545617103577
0.5
0.20000000298023224
0.5454545617103577
0.5333333611488342
0.20000000298023224
1.0
0.375
0.1538461595773697
0.4000000059604645
0.25
0.20000000298023224
0.20000000298023224
0.20000000298023224
0.625
0.9285714030265808
0.4444444477558136
0.20000000298023224
0.6363636255264282
0.6363636255264282
0.20000000298023224
0.4545454680919647
0.1428571492433548
0.1818181872367859
0.1428571492433548
0.3888888955116272
0.8571428656578064
NaN
0.6000000238418579
0.20000000298023224
0.4545454680919647
0.5333333611488342
0.1818181872367859
0.4000000059604645
0.625
0.5454545617103577
0.1818181872367859
0.1818181872367859
0.2222222238779068
0.3333333432674408
0.5833333134651184
0.06666667014360428
0.1818181872367859
0.1818181872367859
0.09090909361839294
0.20000000298023224
0.1764705926179886
0.3333333432674408
0.625
0.5555555820465088
0.25
0.20000000298023224
0.20000000298023224
0.25
0.3333333432674408
0.1818181872367859
0.6000000238418579
0.09090909361839294
0.0
0.1666666716337204
0.2857142984867096
0.10000000149011612
0.5384615659713745
0.07692307978868484
0.0
0.25
0.6666666865348816
0.0714285746216774
0.4000000059604645
0.3333333432674408
0.20000000298023224
0.25
0.25
0.1818181872367859
0.1666666716337204
0.125
0.20000000298023224
0.25
0.2222222238779068
0.375
0.20000000298023224
0.1764705926179886
0.125
0.6428571343421936
0.2222222238779068
0.20000000298023224
0.25
0.25
0.3333333432674408
1.0
0.2857142984867096
0.1304347813129425
0.1666666716337204
0.25
0.10000000149011612
0.09090909361839294
0.2380952388048172
0.06666667014360428
0.2222222238779068
0.1666666716337204
0.2222222238779068
0.10000000149011612
0.0
0.2222222238779068
0.2916666567325592
0.75
0.23076923191547394
0.31578946113586426
0.2857142984867096
0.20000000298023224
0.09090909361839294
0.20000000298023224
0.20000000298023224
0.09090909361839294
0.0
0.1111111119389534
0.1818181872367859
0.125
0.25
0.1538461595773697
0.1538461595773697
0.5454545617103577
0.4000000059604645
0.10000000149011612
0.1818181872367859
0.20000000298023224
0.0555555559694767
0.10000000149011612
0.1818181872367859
0.1111111119389534
0.1818181872367859
0.2857142984867096
0.2142857164144516
0.1666666716337204
0.5555555820465088
0.20000000298023224
0.125
0.09090909361839294
1.0
0.1818181872367859
0.25
0.4000000059604645
0.4285714328289032
0.8181818127632141
0.3333333432674408
0.4285714328289032
0.375
0.23076923191547394
0.25
0.1428571492433548
0.38461539149284363
0.25
0.5454545617103577
0.6666666865348816
0.1818181872367859
0.1764705926179886
0.4285714328289032
0.2222222238779068
0.3636363744735718
0.1538461595773697
0.25
0.1111111119389534
0.1666666716337204
0.25
0.25
0.4545454680919647
0.2222222238779068
0.11764705926179886
0.09090909361839294
0.1111111119389534
0.2222222238779068
0.3333333432674408
0.10000000149011612
0.09090909361839294
0.5789473652839661
0.6666666865348816
0.38461539149284363
1.0
0.625
0.1111111119389534
0.0714285746216774
0.5
0.4444444477558136
0.1428571492433548
0.0
0.375
0.09090909361839294
0.10000000149011612
0.1818181872367859
0.4545454680919647
0.2857142984867096
0.25
0.1111111119389534
0.10000000149011612
0.125
0.09090909361839294
0.2857142984867096
0.0
0.3333333432674408
0.1666666716337204
0.20000000298023224
0.30000001192092896
0.20000000298023224
0.3333333432674408
0.2142857164144516
0.375
0.38461539149284363
0.20000000298023224
0.25
0.2857142984867096
0.25
0.13333334028720856
0.125
0.1818181872367859
0.25
0.3333333432674408
0.2857142984867096
0.1666666716337204
0.25
0.0
0.7058823704719543
0.1428571492433548
0.1111111119389534
0.06666667014360428
0.0
0.3333333432674408
0.25
0.0
0.1818181872367859
0.0833333358168602
0.5
0.25
0.5
0.07692307978868484
0.1818181872367859
0.09090909361839294
0.125
0.2631579041481018
0.0
0.125
0.0833333358168602
0.1111111119389534
0.4615384638309479
0.5833333134651184
0.529411792755127
0.1818181872367859
0.3333333432674408
0.1764705926179886
0.1666666716337204
0.5
0.25
0.3333333432674408
0.2857142984867096
0.0833333358168602
0.1538461595773697
0.09090909361839294
0.1666666716337204
0.09090909361839294
0.125
0.125
0.25
0.1568627506494522
0.0
0.1666666716337204
0.125
0.125
0.20000000298023224
0.2222222238779068
0.25
0.2222222238779068
0.6000000238418579
0.20000000298023224
0.4285714328289032
0.3333333432674408
0.3636363744735718
0.0714285746216774
0.125
0.07692307978868484
0.2222222238779068
0.20000000298023224
0.20000000298023224
0.25
0.0833333358168602
0.13333334028720856
0.09090909361839294
0.1818181872367859
0.1666666716337204
0.1111111119389534
0.0
0.25
0.0
0.13333334028720856
0.1428571492433548
0.46666666865348816
0.125
0.10000000149011612
0.10000000149011612
0.0
0.125
NaN
0.25
0.20000000298023224
0.1538461595773697
0.25
0.0
0.25
0.1111111119389534
0.11764705926179886
0.3333333432674408
0.1111111119389534
0.4545454680919647
0.0714285746216774
0.13333334028720856
0.800000011920929
0.0
0.38235294818878174
0.10000000149011612
0.13333334028720856
0.1538461595773697
0.5
0.0
0.1428571492433548
0.375
0.6666666865348816
0.1818181872367859
0.25
0.1818181872367859
0.1428571492433548
0.1538461595773697
0.3333333432674408
0.4285714328289032
0.2142857164144516
0.1666666716337204
0.125
0.1818181872367859
0.0833333358168602
0.0714285746216774
0.09090909361839294
0.0
0.0
0.20000000298023224
0.06666667014360428
0.27272728085517883
0.3333333432674408
0.20000000298023224
0.0
0.125
0.10000000149011612
0.10000000149011612
0.0833333358168602
0.10000000149011612
0.0714285746216774
0.1666666716337204
0.032258063554763794
0.09090909361839294
0.0833333358168602
0.2857142984867096
0.10000000149011612
0.1666666716337204
0.1666666716337204
0.0833333358168602
0.3333333432674408
0.1666666716337204
0.125
0.1818181872367859
0.05882352963089943
0.692307710647583
0.0
0.0555555559694767
0.1111111119389534
0.1666666716337204
0.125
0.07692307978868484
0.1666666716337204
0.5714285969734192
0.4000000059604645
0.0
0.2857142984867096
0.0833333358168602
0.0833333358168602
0.10000000149011612
0.10000000149011612
0.1111111119389534
0.1666666716337204
0.125
0.09090909361839294
0.4000000059604645
0.20000000298023224
0.0
0.1666666716337204
0.1666666716337204
0.1428571492433548
0.07692307978868484
0.0833333358168602
0.0
0.3333333432674408
0.2857142984867096
0.1818181872367859
0.625
0.25
0.1666666716337204
0.0
0.5
0.0
0.10000000149011612
0.11764705926179886
0.0
0.1666666716337204
0.1428571492433548
0.3125
0.20000000298023224
0.1538461595773697
0.10000000149011612
0.0833333358168602
0.20000000298023224
0.3333333432674408
0.5714285969734192
0.20000000298023224
0.1538461595773697
0.0833333358168602
0.5
0.20000000298023224
0.125
0.07999999821186066
0.1818181872367859
0.1666666716337204
0.10000000149011612
0.3333333432674408
0.20000000298023224
0.1666666716337204
0.05882352963089943
0.0
0.125
0.1666666716337204
0.0476190485060215
0.11764705926179886
0.125
0.1818181872367859
0.4285714328289032
0.30000001192092896
0.0
0.10000000149011612
0.125
0.5
0.1111111119389534
0.09090909361839294
0.10000000149011612
0.03030303120613098
0.2222222238779068
0.10000000149011612
0.10000000149011612
0.07407407462596893
0.1818181872367859
0.125
0.1666666716337204
0.1666666716337204
0.10000000149011612
0.07692307978868484
0.125
0.125
0.0
0.10000000149011612
0.0833333358168602
0.0555555559694767
0.1666666716337204
0.125
0.125
0.30000001192092896
0.05263157933950424
0.125
0.2222222238779068
0.10000000149011612
0.09090909361839294
0.1428571492433548
0.0625
0.1818181872367859
0.0555555559694767
0.0833333358168602
0.09090909361839294
0.04545454680919647
0.0
0.20000000298023224
0.1304347813129425
0.1666666716337204
0.25
0.1428571492433548
0.07692307978868484
0.07692307978868484
0.10000000149011612
0.1818181872367859
0.0
0.0714285746216774
0.0
0.1666666716337204
0.0
0.34090909361839294
0.21666666865348816
0.8709677457809448
0.574999988079071
0.25925925374031067
0.32499998807907104
0.3137255012989044
0.15555556118488312
0.3870967626571655
0.5641025900840759
0.3333333432674408
0.18000000715255737
0.5
0.6666666865348816
0.3333333432674408
0.26851850748062134
0.17142857611179352
0.6538461446762085
0.1785714328289032
0.36000001430511475
0.37254902720451355
0.2571428716182709
0.43589743971824646
0.1666666716337204
0.6666666865348816
0.0
0.125
0.24074074625968933
0.2916666567325592
0.5
0.2068965584039688
0.17073170840740204
0.1702127605676651
0.3199999928474426
0.30645161867141724
0.48571428656578064
0.16949152946472168
0.5322580933570862
0.10000000149011612
0.23275862634181976
0.4677419364452362
0.2542372941970825
0
0.0
0.5106382966041565
0.24193547666072845
1.0
0.19565217196941376
0.48571428656578064
0.6170212626457214
0.3333333432674408
0.5769230723381042
0.43589743971824646
0.23076923191547394
0.1794871836900711
0.5142857432365417
0.2666666805744171
0.11999999731779099
0.20338982343673706
0.6166666746139526
0.3333333432674408
0.4318181872367859
0.30000001192092896
0.5454545617103577
0.925000011920929
0.4313725531101227
0.0
0.2857142984867096
0.4583333432674408
0.5538461804389954
0.5769230723381042
0.5319148898124695
0.17931035161018372
0.02857142873108387
0.3571428656578064
0.3820224702358246
0.26923078298568726
0.23076923191547394
0.15555556118488312
0.25925925374031067
0.3863636255264282
0.37288135290145874
0.3932584226131439
0.3695652186870575
0.24074074625968933
0.8928571343421936
0.24390244483947754
0.20000000298023224
0.6315789222717285
0.5967742204666138
0.14084507524967194
0.550000011920929
0.20000000298023224
0.3333333432674408
0.08571428805589676
1.0
0.5806451439857483
0.5531914830207825
0
0.5
0.14084507524967194
0.3207547068595886
0.3207547068595886
0.8387096524238586
0.6666666865348816
1.0
0.3448275923728943
0.12359550595283508
0.0
0.35555556416511536
0.0714285746216774
0.18867924809455872
0.3181818127632141
0.4583333432674408
0.3137255012989044
0.20000000298023224
0.18965516984462738
0.3199999928474426
0.4838709533214569
0.06521739065647125
0.0
0.1304347813129425
0.22727273404598236
0.17741934955120087
0.25806450843811035
0.0833333358168602
0.14000000059604645
0.483146071434021
0.38235294818878174
0.20000000298023224
0.3692307770252228
0.3586956560611725
0.30434781312942505
0.20000000298023224
0.49295774102211
0.0
0.3199999928474426
0.5106382966041565
0.17777778208255768
0.3414634168148041
0.5249999761581421
0.1525423675775528
0.27586206793785095
0.4153846204280853
0.5
0.8214285969734192
0.1599999964237213
0.6666666865348816
0.3137255012989044
0.2112676054239273
0.625
0
0.21212121844291687
0.7777777910232544
0.0
0.2571428716182709
0.09090909361839294
0
0.3965517282485962
0.17241379618644714
0.2666666805744171
0.1666666716337204
0.8510638475418091
0.3333333432674408
0.15217390656471252
0.0
0.1818181872367859
0.2666666805744171
0.2888889014720917
0.22641509771347046
0.17142857611179352
0
0.4642857015132904
0.45098039507865906
0.5357142686843872
0.6153846383094788
0.17142857611179352
0.06818182021379471
0.18000000715255737
0.5555555820465088
0.0
0.44999998807907104
0.11235955357551575
0.9032257795333862
0.30000001192092896
0.09433962404727936
0.6170212626457214
0.3448275923728943
0.48571428656578064
0.15217390656471252
0.20454545319080353
0.22033898532390594
0.38461539149284363
0.09166666865348816
0.38461539149284363
0.37037035822868347
0
0.6000000238418579
0.30434781312942505
0.38461539149284363
0.1666666716337204
0.2571428716182709
0.2222222238779068
0.1666666716337204
1.0
0.9117646813392639
0.6842105388641357
0.41025641560554504
0.2777777910232544
0.19354838132858276
0.5454545617103577
0.800000011920929
0.48571428656578064
0.33870968222618103
0.20370370149612427
0.9285714030265808
0.31578946113586426
0.239130437374115
0.1666666716337204
0.3404255211353302
1.0
0.29807692766189575
0.4901960790157318
0.30434781312942505
0.3448275923728943
0.529411792755127
0.32258063554763794
0
0.3541666567325592
0.375
0.0714285746216774
0.6666666865348816
0.23076923191547394
0.27450981736183167
0.11320754885673523
0.3513513505458832
0
0.43589743971824646
0.23728813230991364
0.5185185074806213
0.9354838728904724
0.2978723347187042
0.3928571343421936
0.20000000298023224
0.14166666567325592
0.6176470518112183
0
0.4838709533214569
0.5600000023841858
0.3888888955116272
0.1538461595773697
0.3928571343421936
0.5
0.52173912525177
0.4137931168079376
1.0
0.22499999403953552
0.5714285969734192
1.0
0.7419354915618896
0.44117647409439087
0.23999999463558197
0.5714285969734192
0.35185185074806213
0.15000000596046448
0.1267605572938919
0
0.6231883764266968
0.3529411852359772
0.17777778208255768
0.8888888955116272
0.1666666716337204
0.15000000596046448
0.48571428656578064
0.22826087474822998
0.18644067645072937
0.27906978130340576
0.5
0.5517241358757019
0.800000011920929
0.1607142835855484
0.3333333432674408
0.4615384638309479
1.0
0.5
0.48275861144065857
0.37037035822868347
0.47058823704719543
0.8085106611251831
0.1599999964237213
0.8928571343421936
0.19230769574642181
0.4651162922382355
0.2857142984867096
0.4084506928920746
0
0.8387096524238586
0.3076923191547394
0.44897958636283875
0.5333333611488342
0.1599999964237213
0.10869564861059189
0.30000001192092896
0.3414634168148041
0.3461538553237915
0
0.19565217196941376
0.5
0
1.0
0.4307692348957062
0.2586206793785095
0.4864864945411682
0.2777777910232544
0.3799999952316284
0.31111112236976624
0.42424243688583374
0.32499998807907104
0.21212121844291687
0.1818181872367859
0.18644067645072937
0.1599999964237213
0.29629629850387573
0.39534884691238403
0.23076923191547394
0.5588235259056091
0.3921568691730499
0.17777778208255768
0.11235955357551575
0.0
0.23076923191547394
0.4000000059604645
0.1666666716337204
0.2344827651977539
0
0.0
0.17592592537403107
0.41025641560554504
0.23333333432674408
0.125
0.18518517911434174
0.10000000149011612
0.30985915660858154
0.3333333432674408
0.4285714328289032
0.6428571343421936
0.40909090638160706
0.47058823704719543
0.04545454680919647
0.4583333432674408
0.4583333432674408
0.7166666388511658
0.2777777910232544
0.5
0.10000000149011612
0.24242424964904785
0.5098039507865906
0.9354838728904724
0.3333333432674408
0.4615384638309479
0.5319148898124695
0.19230769574642181
0.18644067645072937
0.22413793206214905
0.7777777910232544
0.4318181872367859
0.2222222238779068
0.3137255012989044
0.0
0.517241358757019
0.48275861144065857
0.5249999761581421
0.1538461595773697
0.17142857611179352
0.1310344785451889
0.24137930572032928
0.4137931168079376
0.4516128897666931
0.6282051205635071
0.125
0.2777777910232544
0.3863636255264282
0.18888889253139496
0.1538461595773697
0.06818182021379471
0.5
0.22033898532390594
0.1538461595773697
0.1071428582072258
0.2711864411830902
0.6326530575752258
0.3589743673801422
0.17241379618644714
0.15492957830429077
0.3333333432674408
0.10000000149011612
0.09433962404727936
0.42222222685813904
0.15000000596046448
0.21551723778247833
0.125
0.11666666716337204
0.42222222685813904
0.44117647409439087
0.2931034564971924
0.4166666567325592
0.17741934955120087
0.38333332538604736
0.8709677457809448
0.7777777910232544
0.6499999761581421
0.8999999761581421
0.7872340679168701
0.2777777910232544
0.24561403691768646
0.21568627655506134
0.4000000059604645
0.2881355881690979
0.47727271914482117
0.4166666567325592
0.0625
0.17142857611179352
0.699999988079071
0.625
0.23999999463558197
0.6538461446762085
0.15555556118488312
0.48275861144065857
0.3333333432674408
0.3333333432674408
0.1794871836900711
0.5128205418586731
0.2571428716182709
0.11999999731779099
0.26530611515045166
0.125
0.7941176295280457
0.0
0.32692307233810425
0.5263158082962036
0.5454545617103577
0.4516128897666931
0.2586206793785095
0.27272728085517883
0.4677419364452362
0.1071428582072258
0.3103448152542114
0.04878048598766327
0.5692307949066162
0.5957446694374084
0.2857142984867096
0.4000000059604645
0.7777777910232544
0.4516128897666931
0.5
0.17741934955120087
0.24137930572032928
0.48275861144065857
0.06818182021379471
0.20000000298023224
0.4883720874786377
0.04878048598766327
0.15217390656471252
0.44999998807907104
0.3214285671710968
0.3863636255264282
0.17391304671764374
0.4545454680919647
0.6516854166984558
0.22580644488334656
0.7058823704719543
0.1794871836900711
0.3285714387893677
0.1666666716337204
0.4166666567325592
0.4615384638309479
0.10112359374761581
0.18691588938236237
0.4307692348957062
0.31111112236976624
0.29629629850387573
0.37037035822868347
0.20000000298023224
0.3529411852359772
0.5581395626068115
0.3499999940395355
0.3571428656578064
0.22033898532390594
0.1794871836900711
0.3070175349712372
0.0
0.4583333432674408
0.4375
0.0892857164144516
0.23999999463558197
0.37837839126586914
0.18867924809455872
0.38461539149284363
0.05714285746216774
0.0555555559694767
0.3239436745643616
0.8999999761581421
0.5147058963775635
0.41304346919059753
0.13333334028720856
0.1764705926179886
0.4054054021835327
0.18965516984462738
0.7352941036224365
0.19230769574642181
0.5056179761886597
0.4680851101875305
0.6842105388641357
0.12359550595283508
0.20000000298023224
0.08571428805589676
0.2549019753932953
0.1702127605676651
0.31111112236976624
0.5609756112098694
0.30000001192092896
0.18965516984462738
0.4444444477558136
0.6078431606292725
0.04878048598766327
0.2222222238779068
0.4307692348957062
0.14084507524967194
0.4166666567325592
0.3970588147640228
0.4375
0.49275362491607666
0.1607142835855484
0.22727273404598236
0.17142857611179352
0.5362318754196167
0.20338982343673706
0.20454545319080353
0.15730337798595428
0.21551723778247833
0
0.0357142873108387
0.29411765933036804
0.1489361673593521
0.47999998927116394
0.4545454680919647
0.42105263471603394
0.44186046719551086
0.40740740299224854
0.1111111119389534
0.6842105388641357
0.0
0.6499999761581421
0.5
0.4117647111415863
0.625
0.5897436141967773
0.18965516984462738
0.4711538553237915
0.10000000149011612
0.3478260934352875
0.11320754885673523
0.47058823704719543
0.4615384638309479
0.10169491171836853
0.4399999976158142
0.125
0.1320754736661911
0.25581395626068115
0.1111111119389534
0.3529411852359772
0.7692307829856873
0.16981132328510284
0.2549019753932953
0.4390243887901306
0.4166666567325592
1.0
0
0.23076923191547394
0.7804877758026123
0.09803921729326248
0.25925925374031067
0.30188679695129395
0.11666666716337204
0.15909090638160706
1.0
0.3265306055545807
0.6800000071525574
0.2666666805744171
0.3181818127632141
0.20338982343673706
0.2711864411830902
0.3571428656578064
0.20370370149612427
0.7419354915618896
0.5362318754196167
0.3333333432674408
0.9591836929321289
0.23076923191547394
0.1875
0.25
0
0.25
0.04545454680919647
0.15492957830429077
0.07547169923782349
0.239130437374115
0.44117647409439087
0.48571428656578064
0.0
0.13333334028720856
0.26829269528388977
0.4166666567325592
0.8333333134651184
0.16853933036327362
0
0.41025641560554504
0.550000011920929
0.12820513546466827
0.4000000059604645
0.20512820780277252
0.5897436141967773
0.3965517282485962
0.2571428716182709
1.0
0.3137255012989044
0.4677419364452362
0.20000000298023224
0.11666666716337204
0.48571428656578064
0
0.23999999463558197
0.5161290168762207
0.4583333432674408
0.45192307233810425
0.3595505654811859
0.32692307233810425
0.15000000596046448
0.2800000011920929
0.22068965435028076
0.6499999761581421
0.0714285746216774
0.09433962404727936
0.3404255211353302
0.4507042169570923
0.5322580933570862
0.15555556118488312
0.4166666567325592
0.3008849620819092
0.5512820482254028
0.23999999463558197
0.3928571343421936
0.1355932205915451
0.8235294222831726
0.32203391194343567
0.4313725531101227
0.03333333507180214
0.23076923191547394
0.0
0.37037035822868347
0.8823529481887817
0.7777777910232544
0.41428571939468384
0.23275862634181976
0.19565217196941376
0.17142857611179352
0.4864864945411682
0.6410256624221802
0.27272728085517883
0.26829269528388977
0.29411765933036804
0.37837839126586914
0.125
0.31521740555763245
0.13636364042758942
0.12765957415103912
0.1621621549129486
0.5
0.20967741310596466
1.0
0.27272728085517883
0.8888888955116272
0.3863636255264282
0.3333333432674408
0.5
0.48275861144065857
0.4326923191547394
0.7777777910232544
0.11764705926179886
0.3499999940395355
0.20000000298023224
0.1568627506494522
0.4375
0.44897958636283875
0.7777777910232544
0.43661972880363464
0.5641025900840759
0.20000000298023224
0.29411765933036804
0
0.5
0.0833333358168602
0.1267605572938919
0.30000001192092896
0.32499998807907104
0.3529411852359772
0.449438214302063
0.1599999964237213
0.6666666865348816
1.0
0.7058823704719543
0.5609756112098694
0.2542372941970825
1.0
0.6153846383094788
0.2800000011920929
0.2137930989265442
0.625
0.23076923191547394
0.6129032373428345
0.0
0.4166666567325592
0.20370370149612427
0
0.35384616255760193
0.10000000149011612
0.24137930572032928
0.3478260934352875
0.2222222238779068
0.1666666716337204
0.17777778208255768
1.0
0.529411792755127
0.2142857164144516
