0.8819155693054199
0.8015779852867126
0.8902685046195984
0.9402116537094116
0.8035295009613037
0.7620519995689392
0.9334161877632141
0.9273651242256165
0.9723110795021057
0.8978992104530334
0.8854964971542358
0.9810642004013062
0.9813330769538879
0.9841868281364441
0.9601246118545532
0.9584360122680664
0.9255639314651489
0.8344464302062988
0.7951884865760803
0.9539865851402283
0.9037750363349915
0.8015487194061279
0.8489066958427429
0.7750821709632874
0.797494649887085
0.9299992918968201
0.853888750076294
0.8176950812339783
0.9630115628242493
0.9192080497741699
0.8651422262191772
0.8736886382102966
0.8862249851226807
0.9465439319610596
0.8293573260307312
0.7801364064216614
0.8002499938011169
0.8572892546653748
0.9173881411552429
0.8399235010147095
0.7862281203269958
0.8831369280815125
0.9294847846031189
0.9239117503166199
0.8272401690483093
0.801872968673706
0.9382427334785461
0.8577726483345032
0.9406375885009766
0.9433520436286926
0.9736071228981018
0.960922122001648
0.9608874320983887
0.8640318512916565
0.9349645376205444
0.8668913841247559
0.7737206816673279
0.865100085735321
0.8644440174102783
0.8355478048324585
0.9101220369338989
0.9006497859954834
0.9744012355804443
0.925861120223999
0.86188805103302
0.9589038491249084
0.9544087052345276
0.9691415429115295
0.9322419166564941
0.9243395328521729
0.9793781638145447
0.8659546375274658
0.8885836601257324
0.8447800874710083
0.8878808617591858
0.9093744158744812
0.9621129035949707
0.8714014291763306
0.7031989097595215
0.9374265670776367
0.9622530341148376
0.9382468461990356
0.8900789618492126
0.9057442545890808
0.9771310091018677
0.8749302625656128
0.9620893001556396
0.9193575978279114
0.9085341691970825
0.9539614915847778
0.9334577322006226
0.9281155467033386
0.8836174011230469
0.8751294016838074
0.839504063129425
0.9810988903045654
0.8868743777275085
0.8504777550697327
0.9026668071746826
0.9760964512825012
0.814845085144043
0.8754565715789795
0.7881933450698853
0.8293420672416687
0.9544017314910889
0.9455646276473999
0.9281169772148132
0.9360002279281616
0.9354473948478699
0.8720865249633789
0.9633806943893433
0.7528958320617676
0.8944743871688843
0.9066907167434692
0.8806498050689697
0.9015889167785645
0.9180824756622314
0.944222629070282
0.8664873838424683
0.8776629567146301
0.8428754210472107
0.9025842547416687
0.8645439743995667
0.7662466764450073
0.8966583013534546
0.9032599329948425
0.9233124256134033
0.8496066927909851
0.8883180618286133
0.8252972364425659
0.8995690941810608
0.944034993648529
0.8987825512886047
0.9726210832595825
0.9266569018363953
0.8375726342201233
0.9391773343086243
0.935268223285675
0.9392108917236328
0.9757668375968933
0.9151875376701355
0.8965992331504822
0.9068076610565186
0.9406687021255493
0.900909423828125
0.9130274057388306
0.9306491613388062
0.7841466665267944
0.9828110933303833
0.8699433207511902
0.9755504727363586
0.8850566744804382
0.9682852029800415
0.9915987849235535
0.9394921064376831
0.8525426983833313
0.8166317343711853
0.8570582866668701
0.891755223274231
0.7791369557380676
0.9248874187469482
0.9083428382873535
0.857221245765686
0.8055698275566101
0.8204081654548645
0.9338922500610352
0.8351350426673889
0.9538550972938538
0.9112975597381592
0.8732139468193054
0.9365099668502808
0.8460108637809753
0.9515243768692017
0.8843227624893188
0.8824781179428101
0.9097796082496643
0.8867174386978149
0.9656479954719543
0.8578351736068726
0.9246284365653992
0.9495661854743958
0.8387858271598816
0.9041457772254944
0.947154700756073
0.7650607824325562
0.9138562679290771
0.9187971353530884
0.8798157572746277
0.8874179720878601
0.8402854800224304
0.9207754135131836
0.7928352355957031
0.8675744533538818
0.8808366060256958
0.9001784324645996
0.9110863208770752
0.9863945841789246
0.7485834956169128
0.943210244178772
0.8218507170677185
0.8977817893028259
0.9944034814834595
0.8173426985740662
0.8160434365272522
0.8237060904502869
0.7496042251586914
0.9452804327011108
0.9507514238357544
0.8822776675224304
0.9085316061973572
0.862277626991272
0.8622130155563354
0.9441284537315369
0.978227972984314
0.7909678816795349
0.9592361450195312
0.9159535765647888
0.9389097690582275
0.9541689157485962
0.9274304509162903
0.8989154100418091
0.9255422353744507
0.9065307974815369
0.9123450517654419
0.8613266944885254
0.8434669375419617
0.941175639629364
0.9553549885749817
0.8180627226829529
0.7926862239837646
0.8835318088531494
0.9896961450576782
0.952201783657074
0.9387050271034241
0.8973173499107361
0.7362958192825317
0.8387400507926941
0.9945855140686035
0.8673475384712219
0.9831624627113342
0.9051684141159058
0.8050570487976074
0.9551847577095032
0.844185471534729
0.911119282245636
0.9174280166625977
0.9440698027610779
0.8342384099960327
0.9271289706230164
0.9580488801002502
0.9249191880226135
0.9782323837280273
0.9261288642883301
0.842658519744873
0.9700557589530945
0.9087491631507874
0.7832134962081909
0.7911126613616943
0.9427486062049866
0.8890219926834106
0.8113880157470703
0.9198376536369324
0.8961820006370544
0.8889973759651184
0.9502637982368469
0.9506009221076965
0.9432684779167175
0.9312833547592163
0.8896152377128601
0.9317998290061951
0.9174553155899048
0.9608083367347717
0.838267982006073
0.9416927099227905
0.9710663557052612
0.9254457950592041
0.8883718252182007
0.8536144495010376
0.9470800161361694
0.9360023140907288
0.888510525226593
0.8607425093650818
0.8565625548362732
0.8770383596420288
0.9352890849113464
0.9202083349227905
0.8783411383628845
0.9300714731216431
0.8967032432556152
0.9093826413154602
0.8908946514129639
0.8965448141098022
0.8715916275978088
0.8643925189971924
0.8700087666511536
0.9695568680763245
0.931911826133728
0.9503148794174194
0.8581400513648987
0.9322986602783203
0.9463645219802856
0.9039877653121948
0.8473332524299622
0.8812130093574524
0.8480072617530823
0.8933669924736023
0.9351091384887695
0.9535093307495117
0.9181504845619202
0.9292948842048645
0.9889867305755615
0.9608148336410522
0.864968478679657
0.857351541519165
0.8965522646903992
0.910780668258667
0.8883001804351807
0.9593127369880676
0.8400975465774536
0.9743788242340088
0.9074938893318176
0.8256075382232666
0.9642504453659058
0.8900347352027893
0.8383076786994934
0.800068736076355
0.7992207407951355
0.9302258491516113
0.887287974357605
0.8724120259284973
0.8786762356758118
0.9240857362747192
0.8712740540504456
0.8763618469238281
0.9419831037521362
0.8466090559959412
0.8188760876655579
0.9336779117584229
0.9696541428565979
0.853154718875885
0.9566230773925781
0.9098870158195496
0.9432594180107117
0.7196913957595825
0.8732447624206543
0.9071487784385681
0.8782575130462646
0.8402206301689148
0.9069355726242065
0.9795168042182922
0.9232120513916016
0.8404210209846497
0.9204293489456177
0.9157896637916565
0.8163676857948303
0.9211830496788025
0.9601392149925232
0.9699642062187195
0.928150475025177
0.9182621240615845
0.8470464944839478
0.9112618565559387
0.903430700302124
0.927035391330719
0.8946910500526428
0.8662226796150208
0.9390908479690552
0.9669808745384216
0.9319189786911011
0.9162241816520691
0.9377179741859436
0.9219129681587219
0.8017799854278564
0.9773144125938416
0.804912269115448
0.9627609252929688
0.8860505819320679
0.9611547589302063
0.8668655753135681
0.8960177898406982
0.8088482022285461
0.8483596444129944
0.8611251711845398
0.8201797604560852
0.939807116985321
0.9353502988815308
0.926410436630249
0.7416418790817261
1.0
0.8713698387145996
0.9199233055114746
0.9440999627113342
0.8941652774810791
0.8821613788604736
0.9206969141960144
0.8967592716217041
0.887387216091156
0.8489903807640076
0.9719999432563782
0.9276672601699829
0.898395836353302
0.7746800184249878
0.9070839881896973
0.8036373257637024
0.8961570262908936
0.9147523045539856
0.8509415984153748
0.874508798122406
0.8975588083267212
0.970856249332428
0.941649854183197
0.8673543930053711
0.9926103949546814
0.9401017427444458
0.831135094165802
0.822417676448822
0.9194201827049255
0.9886021018028259
0.8188545107841492
0.9198043942451477
0.9098766446113586
0.7892677783966064
0.8187403082847595
0.8755559325218201
0.963111162185669
0.9844231009483337
0.8733042478561401
0.8589656949043274
0.863795816898346
0.8117777109146118
0.9250639081001282
0.954144299030304
0.8127443194389343
0.897354245185852
0.9043667316436768
0.971503496170044
0.9115327596664429
0.9115796089172363
0.84229975938797
0.9096843004226685
0.8832904696464539
0.9664515852928162
0.9896267652511597
0.8348124623298645
0.8629859089851379
0.8425592184066772
0.839003324508667
0.7841625213623047
0.9085047841072083
0.9654095768928528
0.9703482389450073
0.8674536347389221
0.8826957941055298
0.9451968669891357
0.9250713586807251
0.9592137336730957
0.9279657602310181
0.885924220085144
0.747562050819397
0.9790257811546326
0.8785063028335571
0.7705551385879517
0.8762013912200928
0.9429544806480408
0.8525493741035461
0.9459073543548584
0.7667694091796875
0.9515923261642456
0.9552055597305298
0.9441860914230347
0.9283987879753113
0.8745660781860352
0.8711986541748047
0.8749733567237854
0.8415371179580688
0.8197509050369263
0.8689596056938171
0.8442801237106323
0.879578173160553
0.842909038066864
0.8836137652397156
0.8873957991600037
0.8814928531646729
0.9156902432441711
0.9396880269050598
0.9016836881637573
0.9676725268363953
0.9229773879051208
0.8889144062995911
0.9487677812576294
0.8670916557312012
0.9566178917884827
0.9006077647209167
0.909183144569397
0.8712600469589233
0.9466216564178467
0.939035952091217
0.9119374752044678
0.7373811602592468
0.8954558968544006
0.9649382829666138
0.9103191494941711
0.9760163426399231
0.8818421959877014
0.9217340350151062
0.9888525009155273
0.8947176337242126
0.8266609907150269
0.9439586997032166
0.9445456862449646
0.8966171145439148
0.9462717175483704
0.8227732181549072
0.8842049837112427
0.9013769030570984
0.9422197937965393
0.7235854268074036
0.8251694440841675
0.8808626532554626
0.8900492787361145
0.9035589694976807
0.8708392381668091
0.8875683546066284
0.8360061049461365
0.9699568152427673
0.8549668192863464
0.8100175857543945
0.8470352292060852
0.8828751444816589
0.7921693325042725
0.8082853555679321
0.8976308703422546
0.9529334306716919
0.9519482851028442
0.921428382396698
0.8534212112426758
0.9205783009529114
0.9049081802368164
0.9011431336402893
0.9647284150123596
0.9389499425888062
0.891291081905365
0.801872968673706
0.9180926084518433
0.836268424987793
0.8876049518585205
0.9093291759490967
0.853377103805542
0.9513295292854309
0.8155561089515686
0.9747467637062073
0.9559837579727173
1.0
0.8845588564872742
0.9322999715805054
0.880353569984436
0.8860596418380737
0.9088798761367798
0.847912073135376
0.9143834114074707
0.9461699724197388
0.978569507598877
0.7948889136314392
0.8313451409339905
0.961658775806427
0.9714227914810181
0.9428305625915527
0.9759625792503357
0.9126309752464294
0.9241440892219543
0.8871161937713623
0.8937988877296448
0.9118114113807678
0.9527461528778076
0.7973514199256897
0.8490930199623108
0.8650928139686584
0.8948981761932373
0.9089624285697937
0.9202768206596375
0.8321449160575867
0.9043703079223633
0.8471260666847229
0.875188410282135
0.8656308650970459
0.9522196650505066
0.9554644823074341
0.8651822209358215
0.8792962431907654
0.8513038754463196
0.8509842753410339
0.8423207998275757
0.9186828136444092
0.9266358017921448
0.8212739825248718
0.8857038021087646
0.8870521187782288
0.8404178619384766
0.7978615164756775
0.9053208827972412
0.9158989787101746
0.8742761015892029
0.8788240551948547
0.9358312487602234
0.9330447912216187
0.9699426293373108
0.9310863018035889
0.8780222535133362
0.949677050113678
0.9456018209457397
0.8547937273979187
0.8087818026542664
0.8988296985626221
0.8843162655830383
0.9274788498878479
0.8940832018852234
0.9165780544281006
0.9161063432693481
0.8752460479736328
0.8458437323570251
0.9484584927558899
0.8771997094154358
0.8301118612289429
0.935823380947113
0.8771043419837952
0.9221652746200562
0.9351159334182739
0.9224779009819031
0.9749100804328918
0.8682771921157837
0.8302258849143982
0.8355089426040649
0.8348701000213623
0.9267730712890625
0.9012500047683716
0.8810545802116394
0.7965870499610901
0.8775324821472168
0.9523926973342896
0.9610015749931335
0.9268618822097778
0.7791898250579834
0.8035295009613037
0.7616387605667114
0.9791368842124939
0.9208045601844788
0.9855602383613586
0.8694375157356262
0.9277980923652649
0.9549692273139954
0.879061758518219
0.9102993011474609
0.9088878631591797
0.9092252254486084
0.8225948214530945
0.9173876643180847
0.9563933610916138
0.9600181579589844
0.8913752436637878
0.8413469791412354
0.8149842619895935
0.8843885660171509
0.8363481760025024
0.8872661590576172
0.9411047101020813
0.9176329374313354
0.8516124486923218
0.8596267700195312
0.934934139251709
0.8599479794502258
0.9812092781066895
0.8996471166610718
0.9045394062995911
0.7547883987426758
0.9006773829460144
0.8975584506988525
0.9335110187530518
0.8910757303237915
0.9430639147758484
0.9352999925613403
0.8862807154655457
0.8599449992179871
0.911377489566803
0.8555276393890381
0.9380559325218201
0.8456210494041443
0.9552967548370361
0.9324405193328857
0.8036015033721924
0.8680161833763123
0.9587793350219727
0.7495656609535217
0.8704490065574646
0.7265086770057678
0.885084331035614
0.8685266375541687
0.8975972533226013
0.865475058555603
0.9154911041259766
0.840216338634491
0.8948416709899902
0.9541860818862915
0.9777811169624329
0.9387917518615723
0.8865209817886353
0.9288226366043091
0.8758695721626282
0.8545143604278564
0.9262866377830505
0.8851525187492371
0.9443167448043823
0.7382517457008362
0.9052486419677734
0.9231970310211182
0.8543645143508911
0.8943115472793579
0.7605363726615906
0.9558841586112976
0.9581984877586365
0.9070926308631897
0.9089196920394897
0.9402182102203369
0.8524227738380432
0.9235826730728149
0.9326469898223877
0.9384629130363464
0.878523588180542
0.9689419269561768
0.8967800140380859
0.8770716786384583
0.9490891098976135
0.9072905778884888
0.9386961460113525
0.8050353527069092
0.8832442760467529
0.8978005647659302
0.940077543258667
0.7691466212272644
0.8017866015434265
0.8791247010231018
0.8566117882728577
0.9490872621536255
0.9631307721138
0.874462902545929
0.9317640066146851
0.9142483472824097
0.9414469599723816
0.890578031539917
0.8647705316543579
0.9240854382514954
0.9672501683235168
1.0
0.8056414723396301
0.970474362373352
0.9232501983642578
0.9129334092140198
0.9075352549552917
0.8411548733711243
1.0
0.9195572137832642
1.0
0.7478029131889343
1.0
0.975908100605011
0.97068190574646
0.8313485980033875
1.0
0.9320629239082336
1.0
0.9372895359992981
0.9243494272232056
0.9334184527397156
0.921392023563385
0.8757514953613281
1.0
0.9396557807922363
1.0
0.9731367826461792
1.0
0.6193578243255615
0.8313485980033875
0.8419836163520813
0.929548442363739
0.8313485980033875
1.0
0.9603716135025024
0.7868514060974121
0.9677320122718811
1.0
1.0
1.0
0.8102323412895203
0.7908725738525391
0.9396557807922363
0.9396557807922363
0.9396557807922363
0.9480778574943542
0.9480778574943542
0.9396557807922363
0.9396557807922363
0.9688330292701721
0.8642911911010742
0.9359265565872192
0.989052951335907
1.0
0.8347547054290771
0.9427826404571533
0.8515283465385437
0.8180987238883972
0.9126645922660828
0.8846246600151062
0.9603655338287354
0.8688791990280151
1.0
0.8368256688117981
0.7512975335121155
0.9156510233879089
1.0
0.7056447863578796
0.9797738194465637
0.8379458785057068
0.902341365814209
1.0
1.0
0.7587454915046692
0.7661730647087097
0.9698581099510193
0.9783462882041931
0.9068655371665955
0.9344825744628906
0.7731694579124451
0.7469536662101746
0.9717227816581726
0.8409171104431152
0.9042168855667114
0.9907737374305725
0.8548418879508972
1.0
0.9062353372573853
0.8849070072174072
0.9517714977264404
0.6369896531105042
0.8281499743461609
0.9450521469116211
0.9754515886306763
0.9032836556434631
0.9155886769294739
1.0
0.9141151905059814
0.7866978049278259
0.8096473813056946
0.9324815273284912
0.717937707901001
0.967793881893158
0.7808107733726501
0.7789457440376282
0.9264370799064636
0.9221166372299194
0.7329726815223694
0.7476925849914551
0.8849342465400696
0.9641816020011902
0.9677435159683228
0.8955847024917603
0.8276584148406982
0.9096257090568542
1.0
1.0
0.9211229681968689
0.9480778574943542
0.8593975305557251
0.8324964046478271
0.775829553604126
0.822354793548584
0.9008617401123047
0.847399115562439
0.9008617401123047
0.8793700933456421
0.8349196314811707
0.8365487456321716
0.7523793578147888
0.8349196314811707
1.0
0.973883867263794
0.9172235131263733
0.873974621295929
0.9557597041130066
0.9396557807922363
0.7926751971244812
0.7381114959716797
0.7228485941886902
0.8842822909355164
0.8779536485671997
0.9406548738479614
0.9570531845092773
0.9539676308631897
0.964173436164856
0.9473023414611816
0.7955517172813416
0.964173436164856
0.8891997933387756
1.0
0.8513838052749634
0.6523832082748413
0.9035650491714478
0.8629539012908936
1.0
1.0
0.863008975982666
0.8984585404396057
0.8984585404396057
0.9421248435974121
0.7048048973083496
0.8349405527114868
0.8724894523620605
0.7249621748924255
0.8345047831535339
1.0
0.8064664006233215
0.7389941215515137
0.9426127672195435
0.8488020896911621
0.8899847865104675
0.883690595626831
0.9129698872566223
1.0
0.9680600762367249
0.9102572202682495
0.9392216205596924
0.8862853050231934
0.762002170085907
0.7700325846672058
0.7557878494262695
0.9294988512992859
0.9077165126800537
0.7851100564002991
0.8783243894577026
0.8783243894577026
0.6787248849868774
0.8596398830413818
0.7786235809326172
0.8721613883972168
0.9473157525062561
0.8886380195617676
0.882047712802887
0.9016233682632446
0.5676770210266113
0.8339031338691711
0.948784351348877
0.6614205837249756
0.7727380990982056
0.8980637192726135
0.9153285622596741
0.9766318202018738
1.0
0.9438106417655945
0.9450521469116211
0.8855289816856384
0.8511775135993958
0.8994801044464111
0.9118210077285767
0.7867138981819153
0.7294216752052307
0.8865258097648621
1.0
0.850633442401886
0.9394569396972656
0.885768473148346
0.8147063851356506
0.8717469573020935
0.9733837842941284
0.946275532245636
0.9764688611030579
0.8724854588508606
0.8411548733711243
0.9650846719741821
0.958663284778595
0.8414097428321838
0.7474682927131653
0.9517714977264404
0.9205440878868103
0.9442635178565979
0.8997025489807129
0.799798309803009
0.7892326712608337
0.9130639433860779
0.8888185024261475
0.9356803894042969
0.8620084524154663
0.8809579014778137
0.821381688117981
0.9310904741287231
0.8638869524002075
0.9155294895172119
0.9645906686782837
0.7665727138519287
0.7173360586166382
0.8270989656448364
0.85946124792099
0.7435917258262634
0.5987213850021362
0.8368890881538391
0.8920256495475769
0.6289713978767395
0.9310379028320312
0.9250181317329407
0.8376341462135315
0.7814617156982422
0.8509655594825745
0.9603716135025024
0.7744965553283691
0.7561846971511841
0.9173579216003418
0.8059443235397339
0.7401990294456482
0.47351962327957153
0.737525999546051
0.6569608449935913
0.8779322504997253
0.9452457427978516
0.9568920135498047
0.9517714977264404
0.8735073208808899
0.8912360072135925
0.8313485980033875
0.8292322754859924
0.7931874990463257
0.7499627470970154
0.7508074641227722
0.9789028167724609
0.8300455808639526
0.906088650226593
0.916099488735199
0.7903392910957336
0.8890810012817383
0.8731733560562134
0.9495457410812378
0.7389387488365173
0.7985336780548096
0.920163094997406
0.9111518859863281
0.8653442859649658
0.7068250775337219
0.8195303678512573
0.8702870011329651
0.9207560420036316
0.7630589604377747
0.8621333837509155
0.7624651193618774
0.6165276169776917
0.8311378359794617
0.8915521502494812
0.918369472026825
0.9172359704971313
0.8966704607009888
0.7955873608589172
0.8592942357063293
0.8330299258232117
0.7721709609031677
0.8275456428527832
0.6669263243675232
0.9375590085983276
0.6502982974052429
0.892164409160614
0.8151895403862
0.8152777552604675
0.927473247051239
0.842573344707489
0.8754820823669434
0.9396557807922363
0.6669263243675232
0.8319921493530273
0.811070442199707
0.876558780670166
0.7375242710113525
0.6440455913543701
0.6440455913543701
0.6732141971588135
0.7740702033042908
0.7723463177680969
0.6498438715934753
0.7624724507331848
0.8688110709190369
0.862687885761261
0.8934744596481323
0.9268057346343994
0.8226526379585266
0.8095497488975525
0.8987795114517212
0.7873602509498596
0.6557825207710266
0.8471195101737976
0.7037065625190735
0.8396655321121216
0.9540997743606567
0.9153103232383728
0.9224072098731995
0.7734769582748413
0.7741191983222961
0.8012657165527344
0.756014347076416
0.8743488788604736
0.7999403476715088
0.8266597986221313
0.7644255757331848
0.8646276593208313
0.6839120388031006
0.8718516230583191
0.7493623495101929
0.8303560018539429
0.7821319103240967
0.8443397879600525
0.964173436164856
0.8652310371398926
0.8034986853599548
0.5816224217414856
0.5783758163452148
0.8091419339179993
0.5727084875106812
0.8842822909355164
0.6887956261634827
0.7735756635665894
0.5075244903564453
0.4824850559234619
0.8210685849189758
0.7719001770019531
0.9294988512992859
0.8092965483665466
0.6860414147377014
0.7479460835456848
0.7903310656547546
0.903331458568573
0.7003094553947449
0.8548030257225037
0.6152524948120117
0.8125308156013489
0.9377487897872925
0.9084038734436035
0.81657874584198
0.9231492877006531
0.8285009860992432
0.67812180519104
0.7642143368721008
0.9562327265739441
0.671428382396698
0.6321108937263489
0.8434754014015198
0.9100406169891357
0.9079935550689697
0.8697159886360168
0.8845088481903076
0.7971926331520081
0.8621841669082642
0.9009251594543457
0.8646101355552673
0.797341525554657
0.7575070261955261
0.9055269360542297
0.8202871680259705
0.9213274121284485
0.9311914443969727
0.857628345489502
0.7539452314376831
0.9265564680099487
0.8133234977722168
0.9039176106452942
0.769862711429596
0.7395252585411072
0.9630793333053589
0.7987584471702576
0.8428981304168701
0.8059161305427551
0.8371093273162842
0.7791557908058167
0.5528495907783508
0.668774425983429
0.8674489259719849
0.6887069940567017
0.6052539348602295
0.8674858808517456
0.8664740920066833
0.8832833766937256
0.91554194688797
0.8240930438041687
0.8861766457557678
0.6880376935005188
0.9354271292686462
0.9473364949226379
0.9231985807418823
0.9401750564575195
0.909399688243866
0.695760190486908
0.8435783386230469
0.7854901552200317
0.9016872644424438
0.8345312476158142
0.8392689228057861
0.5688700079917908
0.6575952172279358
0.748597264289856
0.6617878079414368
0.8477978706359863
0.5188343524932861
0.8431791067123413
0.7833587527275085
0.902873158454895
0.9148424863815308
0.8929175138473511
0.8735557794570923
0.8134746551513672
0.8442034721374512
0.8787563443183899
0.8612385392189026
0.7491981387138367
0.8296665549278259
0.8620429635047913
0.8333257436752319
0.7846289277076721
0.7814624905586243
0.7476121783256531
0.6319149136543274
0.7830829620361328
0.6447728872299194
0.7213912010192871
0.7370254397392273
0.8504185080528259
0.6276729702949524
0.8106940984725952
0.6005513072013855
0.6697415113449097
0.8377633094787598
0.9059855341911316
0.5920356512069702
0.7240085601806641
0.8565424084663391
0.9085857272148132
0.7903357148170471
0.9678654074668884
0.6572321057319641
0.7140859365463257
0.8427535891532898
0.6005174517631531
0.8727218508720398
0.5116194486618042
0.6391867399215698
0.7393529415130615
0.7225900888442993
0.9503843188285828
0.8528783321380615
0.8738366365432739
0.7688385844230652
0.8632695078849792
0.938714325428009
0.8221767544746399
0.9361512064933777
0.6422733664512634
0.860818088054657
0.7589674592018127
0.828022301197052
0.8329676389694214
0.6042648553848267
0.598639965057373
0.9016355276107788
0.7419679164886475
0.8478346467018127
0.6811820268630981
0.8832566738128662
0.6715254187583923
0.8592768311500549
0.5894981026649475
0.5906433463096619
0.7984330058097839
0.6784958839416504
0.6880612373352051
0.8103088736534119
0.8379640579223633
0.8275017738342285
0.8565881252288818
0.7764385938644409
0.9657927751541138
0.8339349627494812
0.6100003123283386
0.6555034518241882
0.7681546807289124
0.8104308843612671
0.6405149102210999
0.5900068283081055
0.7269424796104431
0.7653509378433228
0.7816966772079468
0.7897958755493164
0.6988179683685303
0.7156456708908081
0.7004660367965698
0.7580900192260742
0.6561105847358704
0.8293479681015015
0.727652370929718
0.9045088291168213
0.6916636824607849
0.623214066028595
0.7562153935432434
0.7778156399726868
0.5660303235054016
0.7256296873092651
0.8348900675773621
0.6966094374656677
0.7666428685188293
0.777242124080658
0.6307751536369324
0.7640664577484131
0.8791410326957703
0.6011178493499756
0.759448766708374
0.600000262260437
0.913994550704956
0.7931281328201294
0.7671186923980713
0.8445438146591187
0.8230539560317993
0.9633462429046631
0.6909915208816528
0.8533490896224976
0.8058555722236633
0.9201631546020508
0.7544664740562439
0.8755013942718506
0.8914464116096497
0.9832793474197388
0.7747660875320435
0.7682759761810303
0.6535654067993164
0.8718711733818054
0.7547857165336609
0.926704466342926
0.8644683957099915
0.7508195638656616
0.7817718982696533
0.5576630234718323
0.7534132599830627
0.6646156907081604
0.7287487387657166
0.8826656937599182
0.5892996191978455
0.5236698389053345
0.7268140316009521
0.7221210598945618
0.799191415309906
0.8769339919090271
0.7820267081260681
0.7451100945472717
0.8097614645957947
0.8067066669464111
0.6505721807479858
0.8551105856895447
0.7576454877853394
0.7524913549423218
0.7616895437240601
0.7067741751670837
0.6058052182197571
0.638300359249115
0.9424272775650024
0.8096828460693359
0.48672738671302795
0.7610599398612976
0.7032958269119263
0.874476432800293
0.6123393774032593
0.7688685059547424
0.8105505704879761
0.7627480030059814
0.9657875299453735
0.6240649819374084
0.677091121673584
0.682851254940033
0.5812107920646667
0.6347152590751648
0.8537982106208801
0.49730899930000305
0.7943740487098694
0.6748424768447876
0.6595790982246399
0.7961557507514954
0.7359786629676819
0.6361048817634583
0.6818650364875793
0.8314417600631714
0.6515375375747681
0.8068354725837708
0.7018751502037048
0.8131701350212097
0.9442029595375061
0.8022607564926147
0.8828037977218628
0.8265305161476135
0.7816416621208191
0.6437493562698364
0.6853224039077759
0.6643749475479126
0.625475287437439
0.5519135594367981
0.8271902203559875
0.6325564980506897
0.7154482007026672
0.8862600922584534
0.9081676602363586
0.5305725932121277
0.8845773935317993
0.7391764521598816
0.5829318761825562
0.857161819934845
0.7060824632644653
0.7726414203643799
0.892713725566864
0.8363057374954224
0.8152104020118713
0.8220668435096741
0.7198988795280457
0.7448019981384277
0.8343619108200073
0.8598343133926392
0.8719117045402527
0.7663052678108215
0.8462468981742859
0.7537517547607422
1.0
0.7472840547561646
0.8578346371650696
0.8884422183036804
0.9066010117530823
0.6820361614227295
0.6947369575500488
0.7632542848587036
0.657245397567749
0.4722978472709656
0.7190266251564026
0.5781397819519043
0.7065638303756714
0.7041810750961304
0.661673367023468
0.7575193047523499
0.8000453114509583
0.7955978512763977
0.8431776762008667
0.7765311002731323
0.6883261799812317
0.6999697685241699
0.9258686900138855
0.6975141763687134
0.5511966943740845
0.765961766242981
0.7600999474525452
0.7428566813468933
0.6164690256118774
0.4306943416595459
0.8722814917564392
0.8859109282493591
0.6785840392112732
0.8832880854606628
0.7496472001075745
0.9094342589378357
0.7044519186019897
0.6984401941299438
0.7238489389419556
0.7730494141578674
0.678244948387146
0.6316033005714417
0.627683162689209
0.7437584400177002
0.8559665083885193
0.6715499758720398
0.6416179537773132
0.7889639735221863
0.6623687744140625
0.6671009659767151
0.7563815712928772
0.7267284393310547
0.6342417597770691
0.7913579344749451
0.6988683938980103
0.8986461758613586
0.775489091873169
0.6593458652496338
0.6589778661727905
0.6669737696647644
0.5842635631561279
0.8034579157829285
0.8332824110984802
0.9444550275802612
0.8349167108535767
0.7095510959625244
0.6890005469322205
0.7120513916015625
0.6672711372375488
0.8043012619018555
0.524047315120697
0.73136967420578
0.6420906186103821
0.7770494818687439
0.7509954571723938
0.9165000915527344
0.94357830286026
0.9247753024101257
0.9760652780532837
0.9019629955291748
0.9378122091293335
0.9109799861907959
0.8667044043540955
0.8850908279418945
0.9804055690765381
0.8788020014762878
0.8532108068466187
1.0
0.9567077159881592
0.8883695006370544
0.9301533102989197
0.8322533369064331
0.9856820702552795
0.8969042301177979
0.8678901791572571
0.8731773495674133
0.8008316159248352
0.9646413922309875
0.8753686547279358
0.9194766283035278
0.845124363899231
0.7919394969940186
0.8941661715507507
0.9286974668502808
0.8624966144561768
0.950305700302124
0.92055743932724
0.8975803256034851
0.9036630988121033
0.9002753496170044
0.8600041270256042
0.8109775185585022
0.974075198173523
0.8578983545303345
0.9218345880508423
0.9290195107460022
0.9039065837860107
1.0
0.8732976913452148
0.8693960309028625
0.881899893283844
1.0
0.8734692931175232
0.9709069132804871
0.8871869444847107
0.9555801749229431
0.9146373271942139
0.9348713159561157
0.8665065765380859
0.741016149520874
0.9661576747894287
0.907960057258606
0.2977486550807953
0.7950295805931091
0.8886584043502808
0.8319881558418274
0.9549871683120728
0.9406086206436157
0.7886683940887451
1.0
0.9428075551986694
0.9193063378334045
0.9072852730751038
0.8983899354934692
0.9112191796302795
0.9119417071342468
0.9451267123222351
0.9374180436134338
0.8346010446548462
0.8707169890403748
0.9236342906951904
0.8471823930740356
0.8002874255180359
0.8329076170921326
0.9805513024330139
0.856489896774292
0.8749696612358093
0.9210862517356873
0.8908032178878784
0.8947537541389465
0.9381757974624634
0.9461045861244202
0.8707544803619385
0.9471811652183533
0.974075198173523
0.7834388613700867
0.9287041425704956
0.8386409282684326
0.9502474069595337
0.8484477996826172
1.0
0.9206112623214722
0.9067965149879456
1.0
0.9408372044563293
0.870523989200592
0.9127651453018188
0.9044892191886902
0.9357579946517944
0.9787020087242126
1.0
0.8799335956573486
0.8797225952148438
0.9285148978233337
0.9581601619720459
0.8950280547142029
0.8763911724090576
0.8589925169944763
0.8584753274917603
0.956457257270813
0.9226389527320862
0.913737416267395
0.8644768595695496
0.9401366710662842
0.7584998607635498
0.6488417387008667
0.8783113956451416
0.8868317008018494
0.9057648181915283
0.9375724792480469
0.8535239100456238
0.8861660361289978
0.9211025834083557
0.8806601762771606
0.933977484703064
0.925955057144165
0.8934800028800964
0.8761369585990906
0.936916172504425
0.939060389995575
0.8512849807739258
0.8428880572319031
0.9088826775550842
0.8573532700538635
0.9216533303260803
0.9462963938713074
0.8742473721504211
0.9207355380058289
0.929624080657959
0.9075389504432678
0.9284340739250183
0.8812914490699768
0.976014256477356
0.9584079384803772
0.9067052006721497
0.9132211208343506
0.5055745840072632
0.8319193124771118
0.9867830276489258
0.9233217835426331
0.8773958086967468
0.8416187167167664
1.0
0.912764847278595
0.8661260008811951
0.9212334752082825
0.9283568859100342
0.994720995426178
0.915468692779541
0.8301631212234497
0.9073339104652405
0.927403450012207
0.9059672951698303
0.9477530717849731
0.9062015414237976
0.8155838251113892
0.5060285925865173
0.9533067941665649
0.9394515752792358
0.9681804180145264
0.9216532707214355
0.8225769400596619
0.7566860914230347
0.9167989492416382
0.950901210308075
0.8992596864700317
0.9254634380340576
0.8413556814193726
0.9617454409599304
0.8706932663917542
0.8069620132446289
0.9425491094589233
0.95428466796875
0.8606777787208557
0.8624966144561768
0.8113819360733032
0.8638039827346802
0.8578246235847473
0.8310310244560242
0.9093458652496338
0.9555801749229431
0.9294149279594421
0.932691752910614
0.96617192029953
0.9318411350250244
0.9404033422470093
0.8257647752761841
0.6609073877334595
0.9176472425460815
1.0
0.8967405557632446
0.955951988697052
0.9594389796257019
0.8934144973754883
0.8614953756332397
0.9615311622619629
0.983779788017273
0.9295002222061157
0.9344894289970398
0.9059603214263916
0.9489534497261047
0.9322713613510132
0.8797932267189026
0.9540612101554871
0.901984691619873
0.9649724960327148
0.9475213885307312
0.9270415306091309
0.8790853023529053
0.9215738773345947
0.9262426495552063
0.9552341103553772
1.0
0.9402903318405151
0.8438624739646912
0.8990960121154785
0.9854404926300049
0.9084459543228149
0.9474667310714722
0.8772125840187073
0.9243490695953369
0.49458223581314087
0.9665777087211609
0.8758845329284668
0.9555801749229431
0.9639483690261841
0.901984691619873
0.9346866607666016
0.8857163786888123
0.8364360928535461
0.9643025994300842
0.8238394260406494
0.9536498785018921
0.9124213457107544
0.9663925766944885
0.8389959931373596
0.9464903473854065
0.9380012154579163
0.9645287394523621
0.9292411804199219
1.0
0.9016481637954712
0.9645848870277405
1.0
1.0
0.9307364821434021
0.9054399728775024
0.870326817035675
0.8624838590621948
0.8890774250030518
0.8541731834411621
0.9459721446037292
0.9742758274078369
0.9203397631645203
0.8525899052619934
1.0
0.8466816544532776
0.8910558819770813
0.8600041270256042
0.8911712765693665
0.8743546009063721
0.8274878859519958
0.9192133545875549
0.918343722820282
1.0
0.8968873620033264
0.902228057384491
0.9092143774032593
1.0
0.834194540977478
0.9677535891532898
0.9314876794815063
0.9022722840309143
0.994720995426178
0.8792510628700256
0.9381757974624634
0.872626543045044
0.9110286235809326
0.9381308555603027
0.9355767369270325
0.4990604817867279
0.9795675277709961
0.8945618271827698
0.9381308555603027
0.9043436646461487
0.8866674900054932
0.7744590044021606
0.8368829488754272
0.9105924367904663
0.8243648409843445
0.7353280186653137
0.862652063369751
0.9375882148742676
0.9353916049003601
1.0
0.9102686643600464
0.9069815278053284
0.9328038692474365
0.8908913135528564
0.9723240733146667
0.9395452737808228
0.8315230011940002
0.9593322277069092
0.8439003825187683
0.8255938291549683
0.937451183795929
0.820006251335144
0.962490975856781
0.8846781849861145
0.8471823930740356
0.9140006303787231
0.9225505590438843
0.9344741106033325
0.8636314868927002
0.8514836430549622
0.8001706600189209
0.8769654631614685
0.850365161895752
0.9320461750030518
0.5151815414428711
0.7833817601203918
0.9378455281257629
0.9076283574104309
0.8940151929855347
0.8247323632240295
0.8756052255630493
0.83116215467453
0.9292035102844238
0.9413952231407166
0.8836047649383545
0.9053910374641418
0.9429641962051392
0.8852324485778809
0.8254814147949219
0.8578798174858093
0.9045580625534058
0.8995749950408936
0.8970701694488525
0.9302198886871338
0.875514566898346
0.8581467270851135
0.9372570514678955
0.9639483690261841
0.8765473365783691
0.9216532707214355
0.8828585147857666
0.9101929664611816
0.931807816028595
0.9402561187744141
0.8784143328666687
0.9607433676719666
0.9433712959289551
0.9662457704544067
0.8440749049186707
0.9354822635650635
0.9380279183387756
0.8945306539535522
0.9662971496582031
0.8260171413421631
0.9439122676849365
0.9379503130912781
0.9037272334098816
0.9340087175369263
0.9806306958198547
0.8646676540374756
0.8875849843025208
0.8952434659004211
0.8736698627471924
0.9028839468955994
0.8211032748222351
1.0
0.8485743999481201
0.766162633895874
0.8799424171447754
0.8445764183998108
0.9371727108955383
0.8955131769180298
0.9400186538696289
0.8486389517784119
0.9616073966026306
0.8811524510383606
0.8741256594657898
0.9624606966972351
0.855510950088501
0.9153247475624084
0.8247323632240295
0.847622811794281
0.9018070101737976
0.9229567050933838
0.926154375076294
0.9238737225532532
0.887998640537262
0.9642331004142761
0.9263632297515869
0.9051516652107239
0.889387309551239
1.0
0.9965505599975586
0.8908913135528564
0.9121224880218506
0.9573961496353149
0.9015107750892639
0.8109365701675415
0.8952434659004211
0.9238737225532532
0.8148438930511475
0.8068660497665405
0.9078087210655212
0.9540317058563232
0.8209542632102966
0.9819846153259277
0.90581214427948
0.9408518075942993
0.9406086206436157
1.0
0.7881293296813965
0.9433025121688843
0.8061680197715759
0.9462661743164062
0.8865564465522766
0.9178332686424255
0.8703525066375732
0.8463228940963745
0.946311354637146
0.9489361643791199
0.9649724960327148
0.9234941005706787
0.9379503130912781
0.8082751035690308
0.934298038482666
0.8589117527008057
0.9472938179969788
0.8419149518013
0.9216532707214355
0.987686038017273
0.9389805197715759
0.9575129747390747
0.8784143328666687
0.9247753024101257
0.9344451427459717
0.8864697217941284
0.9357814192771912
0.9268260598182678
0.8230279088020325
0.8501664400100708
0.8893126845359802
0.8536036610603333
0.8324936628341675
0.9254634380340576
0.927209734916687
0.933459460735321
0.8253501653671265
0.8886255621910095
0.9627993702888489
0.8881194591522217
0.9122527241706848
0.7423074245452881
0.8798708915710449
0.8966550230979919
0.9533137083053589
0.9810031652450562
0.8412265777587891
0.9339721202850342
0.9516352415084839
0.9092054963111877
0.9765058755874634
0.9693597555160522
0.8961611390113831
0.9510078430175781
0.8693122267723083
0.8321244716644287
0.8769654631614685
0.951688289642334
0.7654287219047546
0.9288836717605591
0.9376141428947449
0.9072473049163818
0.9070692658424377
0.8734712600708008
0.8758081793785095
0.9311434626579285
0.8995472192764282
0.851236879825592
0.8345250487327576
0.8570689558982849
0.9212077856063843
1.0
0.912433922290802
0.9083050489425659
0.9136968851089478
0.9141156673431396
0.9416884183883667
0.915479838848114
0.8974463939666748
0.9179487824440002
0.9547702074050903
0.9028463363647461
0.9538286924362183
0.8655358552932739
0.867797315120697
0.8172606229782104
0.8618719577789307
0.883416473865509
0.8730791807174683
0.8976448178291321
0.9446642994880676
0.9351438283920288
0.891960620880127
0.9362303614616394
0.8104462027549744
0.8523034453392029
0.9500958919525146
0.8362746238708496
0.8919728398323059
0.8776982426643372
0.9055349230766296
0.9723236560821533
0.8867422938346863
0.8768484592437744
0.885090172290802
0.9513548016548157
0.827915608882904
0.8888664245605469
0.8691211342811584
0.914553165435791
0.4990604817867279
0.7856912612915039
0.9236614108085632
0.8913174867630005
0.8293532133102417
0.9187917709350586
0.9362718462944031
0.8890017867088318
0.9591500163078308
0.7940595149993896
0.9653407335281372
0.8495779037475586
0.9083992838859558
0.9158987998962402
0.9081560373306274
0.9593322277069092
0.9653239250183105
0.9351438283920288
0.9161353707313538
0.8193101286888123
0.9255238771438599
0.8379849195480347
0.920911431312561
0.9598381519317627
0.7997459769248962
0.8900294899940491
0.8139947652816772
0.9227150082588196
0.8699222803115845
0.9805513024330139
0.9522306323051453
0.9653239250183105
0.8972324132919312
0.8371427655220032
0.9290298223495483
0.8943145275115967
0.9817704558372498
0.9095364212989807
0.9028839468955994
0.997169017791748
0.8284119963645935
0.8461297154426575
0.8923611044883728
0.8180965781211853
0.7816094160079956
1.0
0.9381308555603027
0.902543306350708
0.8990776538848877
0.8181726932525635
0.9266740083694458
0.9166327118873596
0.8976491689682007
0.9198863506317139
0.9340923428535461
0.9513548016548157
0.8420253396034241
0.9742148518562317
0.8849674463272095
0.8886409401893616
0.8706932663917542
1.0
0.9386723637580872
0.79112708568573
0.8530651926994324
0.8114269971847534
0.8651586771011353
0.898306131362915
0.8934264779090881
0.8398132920265198
0.8422683477401733
0.8956666588783264
0.8437550663948059
1.0
0.8604376912117004
1.0
0.9073181748390198
0.9287041425704956
0.9005373120307922
0.872230589389801
0.7757272124290466
0.9535119533538818
0.9471981525421143
0.8731030225753784
1.0
0.9608430862426758
0.934298038482666
0.9342178702354431
0.8293072581291199
0.9372179508209229
1.0
0.8792510628700256
0.9281143546104431
0.8426474928855896
0.9389135241508484
0.9320103526115417
0.9549172520637512
0.8658694624900818
0.8235934972763062
0.9374180436134338
0.883294403553009
0.9162526726722717
0.8089671730995178
0.901984691619873
0.9286987781524658
0.9733550548553467
0.9044403433799744
0.9533137083053589
0.9249537587165833
0.9780558347702026
0.7970876097679138
0.9389805197715759
0.871982753276825
0.8774431943893433
0.8425502777099609
0.859243631362915
0.8171321749687195
0.8902328610420227
0.8644685745239258
0.9768733978271484
0.8992891311645508
0.9191820621490479
0.9138941764831543
0.9178479313850403
0.8781507015228271
0.8221299648284912
0.9328038692474365
0.9760005474090576
0.8380223512649536
0.9573426842689514
0.882480263710022
0.924433171749115
0.8255919218063354
0.8788558840751648
0.8522176742553711
0.8572717308998108
0.9119720458984375
0.9277613759040833
0.8614953756332397
1.0
0.8822417855262756
1.0
0.8552910089492798
0.8352631330490112
0.9302198886871338
0.9093677401542664
0.9354342222213745
0.9854404926300049
0.9352787733078003
0.8566861748695374
0.897335946559906
0.8648145794868469
0.9126099348068237
0.9381308555603027
0.8784143328666687
0.9048359394073486
0.8913909792900085
0.8799372315406799
0.9293931722640991
0.5194558501243591
1.0
0.9153792858123779
0.8543627858161926
0.8589801788330078
0.9593322277069092
0.9171082973480225
0.9204350113868713
0.9201079607009888
0.9752385020256042
1.0
0.9143862128257751
0.8831387162208557
0.8403357863426208
1.0
0.9748508334159851
0.8851632475852966
0.9342178702354431
0.9116710424423218
0.8428780436515808
0.9699487090110779
0.8537072539329529
0.9095934629440308
0.8787479996681213
1.0
0.9413623213768005
0.8595879077911377
0.9476331472396851
0.8931220769882202
0.964698851108551
0.9282668232917786
0.9027813673019409
1.0
0.9432032108306885
0.9088915586471558
