0.8532987236976624
0.7111546397209167
0.9075090289115906
0.989467203617096
0.8777698874473572
0.8002927899360657
0.7753226161003113
0.961750328540802
0.9548187851905823
0.9195073246955872
0.8798851370811462
1.0
0.9902697205543518
0.9788278341293335
1.0
0.9424923062324524
0.9521664381027222
0.7848798036575317
0.9703718423843384
0.9723191261291504
0.9664334654808044
0.7869054079055786
0.819310188293457
0.6485825181007385
0.8181091547012329
0.9607442021369934
0.983526349067688
0.7959293127059937
0.9769269824028015
0.9420610070228577
0.9834393858909607
0.8786177039146423
0.8772379755973816
0.9686864018440247
0.9069446921348572
0.8015137910842896
0.7866968512535095
0.789766788482666
0.7816907167434692
0.8161329627037048
0.9272318482398987
0.8861156105995178
0.9358420968055725
0.9141637682914734
0.7575551271438599
0.6984699964523315
1.0
0.867199182510376
0.9824194312095642
0.8905037045478821
0.9851245284080505
0.936127245426178
1.0
0.9334023594856262
0.9552273154258728
0.8542702794075012
0.9041635990142822
0.8944113254547119
0.862533450126648
0.767832338809967
0.8881206512451172
0.8954278826713562
0.9769366979598999
0.9395582675933838
0.8280618786811829
1.0
0.9612854719161987
0.9928766489028931
0.9478657245635986
0.8906311392784119
0.9853841066360474
0.8475607633590698
0.859239399433136
0.7641913890838623
0.930834174156189
0.8377214670181274
0.9797788262367249
0.8742987513542175
1.0
0.9251264333724976
0.9505746364593506
0.9586095213890076
0.9009608626365662
0.916083037853241
1.0
0.8459286689758301
0.9559586048126221
0.9370928406715393
0.8859686255455017
0.9586012959480286
0.9123254418373108
0.9230928421020508
0.8038104176521301
0.8325260281562805
0.815609335899353
0.9834244847297668
0.8899574875831604
0.9036027193069458
0.9542345404624939
0.9829174876213074
0.8901292085647583
0.888036847114563
0.8006311655044556
0.7782261967658997
0.986504077911377
0.9850719571113586
0.9058924913406372
0.9597386121749878
0.938162088394165
0.8566875457763672
0.978550136089325
0.7880027294158936
0.8338145017623901
0.7696415781974792
0.8277001976966858
0.8892350196838379
0.9689468741416931
0.8803583979606628
0.940558671951294
0.9204046726226807
0.7960506677627563
0.904848039150238
0.797577977180481
0.8432161808013916
0.9173082113265991
0.8943648934364319
0.9665808081626892
0.8295688033103943
0.8886181712150574
0.8351901769638062
0.9914686679840088
0.9410185813903809
0.9101518392562866
0.9647171497344971
0.8904737830162048
0.8010817766189575
0.9782386422157288
0.9442926049232483
0.9267758727073669
0.9848042726516724
0.970252275466919
0.9258443713188171
0.9318889379501343
0.9750122427940369
0.8647888898849487
0.8880801796913147
0.9005538821220398
0.9591341018676758
0.981414258480072
0.8692151308059692
0.9562389850616455
0.9197189211845398
0.9437211751937866
1.0
0.9847596883773804
0.850023627281189
0.8076863288879395
0.8031251430511475
0.8826404213905334
0.7470113635063171
0.9043424725532532
0.8792607188224792
0.9559651017189026
0.8177334666252136
0.8063803911209106
0.8964887857437134
0.8631619215011597
0.9913915395736694
0.8672373294830322
0.8298232555389404
0.9695273041725159
0.841540515422821
0.9785216450691223
0.9406893253326416
0.9872328639030457
0.9058024287223816
0.8059676289558411
0.9360844492912292
0.8476378917694092
0.968638002872467
0.8766675591468811
0.8542253971099854
0.9786466956138611
0.9615472555160522
0.7402620911598206
0.8510266542434692
0.9622752666473389
0.8832105398178101
0.9091526865959167
0.8139286041259766
0.9069106578826904
0.676464319229126
0.9652103781700134
0.8515692353248596
0.8394104242324829
0.9254772663116455
0.9778371453285217
0.7427219748497009
0.9246448874473572
0.7681624293327332
0.9021973013877869
1.0
0.7831957936286926
0.7755758166313171
0.7793834209442139
0.7661263346672058
0.9944660067558289
0.9305381178855896
0.8121384382247925
0.9041561484336853
0.9608083963394165
0.8680577874183655
0.9236885905265808
0.9211776256561279
0.7931559085845947
0.9887459874153137
0.8488080501556396
0.9605531096458435
0.9679250717163086
0.9493934512138367
0.8355500102043152
0.966359555721283
1.0
0.9123204350471497
0.9488346576690674
0.9572405815124512
0.9902633428573608
1.0
0.7142140865325928
0.8839262127876282
0.869744598865509
1.0
0.9448946714401245
0.9092802405357361
0.9017810821533203
0.6654247641563416
0.7528441548347473
1.0
0.8243471384048462
1.0
0.9146962761878967
0.7504234313964844
0.9457564353942871
0.8379531502723694
0.8885107636451721
0.9122675061225891
1.0
0.7640190124511719
0.9673306345939636
0.9452829957008362
0.9320915341377258
0.9528198838233948
0.915843665599823
0.7607842683792114
0.9669720530509949
0.9055652022361755
0.8445676565170288
0.8175998330116272
0.9063945412635803
0.9564763307571411
0.8553146123886108
0.9033133387565613
0.8567215800285339
0.8853327035903931
0.9671447277069092
0.9942842721939087
1.0
0.9755426645278931
0.8906612396240234
0.9682605862617493
0.8806850910186768
0.9245426058769226
0.8191068172454834
0.9789127111434937
0.9753272533416748
0.948632001876831
0.8370697498321533
0.8549212217330933
0.8502811193466187
0.9186796545982361
0.8872324228286743
0.8975730538368225
0.9526333808898926
0.8995676040649414
1.0
0.9568294286727905
0.8896256685256958
0.934505820274353
0.8546832799911499
0.9001035094261169
0.9076247215270996
0.8320367336273193
0.8593729734420776
0.8208221197128296
0.8904159069061279
0.9717053771018982
0.9052934646606445
0.9488314390182495
0.7825226783752441
0.9585044384002686
1.0
0.9275965094566345
0.9210560917854309
0.9668251276016235
0.8424742221832275
0.927147388458252
0.907654881477356
0.9691983461380005
0.9129922986030579
0.9060262441635132
1.0
0.9930676817893982
0.8572222590446472
0.8645586371421814
0.8849252462387085
0.8494207859039307
0.8497563600540161
1.0
0.7597226500511169
0.985806405544281
0.9039996266365051
0.791013240814209
1.0
0.9304381012916565
0.9683204293251038
0.8090425729751587
0.822160005569458
0.968079686164856
0.9365572929382324
0.9431987404823303
0.8250274658203125
1.0
0.8589200973510742
0.9543471336364746
0.968615710735321
0.7955376505851746
0.7208544015884399
0.9772423505783081
0.9891380667686462
0.857142448425293
0.9910115003585815
0.9810596704483032
0.9442703127861023
0.6562393307685852
0.8758423924446106
0.9608330130577087
0.7868868112564087
0.8060741424560547
0.8637004494667053
1.0
0.9283109307289124
0.8390365839004517
0.9083213806152344
0.963672935962677
0.8469868302345276
0.9526265859603882
0.9579517245292664
0.9896764755249023
0.9067814946174622
0.9827808737754822
0.9651644229888916
0.8981476426124573
0.894608736038208
1.0
0.8089269399642944
0.8930038809776306
0.9597348570823669
0.9868384003639221
0.9751112461090088
0.9221518039703369
0.9782646894454956
0.9836392998695374
0.8288353085517883
0.987060010433197
0.7691212892532349
1.0
0.8621227741241455
0.9105722308158875
0.8903969526290894
0.8506157398223877
0.9566034078598022
0.8798813819885254
0.8776292204856873
0.787028431892395
0.9377152323722839
1.0
0.9436898231506348
0.7906379103660583
1.0
0.8091552257537842
0.9508098363876343
0.8806965351104736
0.85930997133255
0.7796146273612976
0.8361752033233643
0.8497781157493591
0.9133346676826477
0.9574088454246521
0.986183762550354
0.8886255025863647
0.854089081287384
0.8233789801597595
0.9310803413391113
0.832988977432251
0.9116476774215698
0.8694970011711121
0.9340940713882446
0.8738631010055542
0.9332831501960754
0.967880129814148
0.9632327556610107
0.8360440731048584
1.0
1.0
0.896604597568512
0.9061243534088135
0.9017717242240906
0.987254798412323
0.8673086762428284
0.95425945520401
0.9439696073532104
0.7350755929946899
0.8918643593788147
0.8241751194000244
0.9684075713157654
1.0
0.8888880610466003
0.8085240125656128
0.8905441761016846
0.9014601707458496
0.927797257900238
1.0
0.8649744391441345
0.8885907530784607
0.9072484374046326
1.0
0.8516553640365601
0.9619559049606323
0.893892228603363
0.9202382564544678
0.8755837082862854
0.9385428428649902
1.0
0.8539495468139648
0.9041998982429504
0.8599621653556824
0.7408050298690796
0.6602837443351746
0.8720221519470215
1.0
0.9520699977874756
0.886136531829834
0.832635223865509
0.9005958437919617
0.905721127986908
0.9611592888832092
0.9861344695091248
0.8708680868148804
0.7301937341690063
0.9929566979408264
0.9008312225341797
0.783349871635437
0.8022279143333435
1.0
0.8025366067886353
0.9765936732292175
0.8462631106376648
0.9230207204818726
0.9101889133453369
0.9361187815666199
0.9076308012008667
0.9196124076843262
0.701013445854187
0.9539947509765625
0.7949538826942444
0.7715770602226257
0.9678753614425659
0.887790858745575
0.845196008682251
0.9623736143112183
0.8879169821739197
0.946780264377594
0.9112287163734436
0.8799465298652649
0.9568511843681335
0.9043906331062317
0.9575686454772949
0.9694095849990845
0.8869986534118652
0.9564253687858582
0.9718146920204163
0.9336119890213013
0.9058430194854736
0.8655139803886414
0.8516465425491333
0.9638809561729431
0.9474692344665527
0.8972100019454956
0.8264761567115784
0.888329803943634
1.0
0.8664053678512573
1.0
0.9311273694038391
0.9611284136772156
1.0
0.9302459955215454
0.870293378829956
0.9866159558296204
0.9462357759475708
0.8252392411231995
0.9042468667030334
0.8945091962814331
0.8636878728866577
0.8701877593994141
0.9041635990142822
0.6637162566184998
0.7784472107887268
0.9465678334236145
0.8980796933174133
0.9176079630851746
0.8799363970756531
0.9190288782119751
0.8432959914207458
1.0
0.8376542329788208
0.8836430907249451
0.8875395059585571
0.8438432812690735
0.7309631705284119
0.7445214986801147
0.9647255539894104
0.9738139510154724
0.9794762134552002
0.8914125561714172
0.8621020317077637
0.9010816216468811
0.8677497506141663
0.8888272047042847
0.9685576558113098
0.9546328783035278
0.8432048559188843
0.6984699964523315
0.9745537638664246
0.917606770992279
0.9244350790977478
0.8983232378959656
0.838145911693573
0.8098538517951965
0.8998329043388367
0.9679770469665527
1.0
1.0
0.9216196537017822
0.8915692567825317
0.9063820242881775
0.8782486915588379
0.8760712146759033
0.87279212474823
0.9180524945259094
0.9383333921432495
0.994575560092926
0.7422240376472473
0.9292722344398499
0.9825730323791504
1.0
0.9607243537902832
0.9578917026519775
0.9527495503425598
0.921139657497406
0.9341439008712769
0.9828888177871704
0.9073338508605957
0.9618117809295654
0.861402153968811
0.7820717692375183
0.8912240266799927
0.8985500335693359
0.9180642366409302
0.9246076345443726
0.8380647897720337
0.8921762108802795
0.7581085562705994
0.8727579712867737
0.8485032320022583
1.0
0.9795289039611816
0.8188992142677307
0.8906527757644653
0.8678531646728516
0.9076656103134155
0.8247863054275513
0.9103487730026245
0.9225692749023438
0.8016352653503418
0.8471753001213074
0.8528106808662415
0.7644582986831665
0.8063858151435852
0.9118634462356567
0.9329187273979187
0.954801619052887
0.8724161386489868
0.9412078857421875
0.9037861227989197
1.0
0.9265626072883606
0.9151503443717957
0.9265478849411011
0.9224314093589783
0.8693204522132874
0.8430180549621582
0.9347255825996399
0.9655131697654724
0.9297656416893005
0.9633582234382629
0.9415626525878906
0.9222726821899414
0.7837486267089844
0.837073564529419
0.9392914772033691
0.8257780075073242
0.7945500016212463
0.9688012599945068
0.8420776724815369
0.917552649974823
0.9688712954521179
0.9492812156677246
0.9734315276145935
0.8663522601127625
0.9363651275634766
0.8990700840950012
0.8380205631256104
0.9331406950950623
0.906892716884613
0.8523972630500793
0.7880985736846924
0.9705035090446472
1.0
0.9829559922218323
0.9108284115791321
0.8756375312805176
0.8777698874473572
0.6952247619628906
1.0
0.9245862364768982
1.0
0.7955624461174011
0.869551956653595
0.933364987373352
0.8579155206680298
0.87770015001297
0.8666666746139526
0.8866815567016602
0.8168936371803284
0.8809638619422913
0.9303735494613647
0.9529772400856018
0.8746174573898315
0.8108568787574768
0.7959542274475098
0.9610825777053833
0.7111487984657288
0.9480424523353577
0.9245886206626892
0.891103208065033
0.8058114051818848
0.8709931969642639
0.9597417712211609
0.8350465893745422
0.9804628491401672
0.8974742889404297
0.8530510067939758
0.6309466361999512
0.9573558568954468
0.8881951570510864
0.9830638766288757
0.8565095067024231
0.966903030872345
0.9765406847000122
0.8728179335594177
0.7876667976379395
0.9215805530548096
0.8615826964378357
0.942901074886322
0.817051887512207
0.9775282144546509
0.957616925239563
0.8486888408660889
0.9666600823402405
1.0
0.7383917570114136
0.9464256167411804
0.8380969762802124
0.8911696672439575
0.7983578443527222
0.8518721461296082
0.8611370325088501
0.8948881030082703
0.8017734289169312
0.8517166972160339
0.9784825444221497
0.9815478324890137
0.9331122040748596
0.8879700899124146
0.902828574180603
0.9188143014907837
0.8656991720199585
0.9259471297264099
0.843772828578949
1.0
0.6327356100082397
1.0
0.918806254863739
0.8510895371437073
0.9106442332267761
0.790604293346405
0.9452366232872009
0.9784673452377319
0.9458715319633484
0.8477911353111267
0.8913716077804565
0.828364372253418
0.875886857509613
1.0
0.9627653956413269
0.8707981109619141
1.0
0.9280389547348022
0.9218347072601318
0.9672569036483765
0.8627916574478149
0.9317327737808228
0.8387051224708557
0.8266382813453674
0.8551349639892578
0.9648522138595581
0.7824785113334656
0.7735434174537659
0.9566248059272766
0.8546745181083679
0.9344807267189026
1.0
0.8781223297119141
0.9439638257026672
0.8997557163238525
0.8898137807846069
0.8506691455841064
0.9223998188972473
0.949124813079834
0.9672501683235168
1.0
0.8056414723396301
0.9704743027687073
0.8536921143531799
0.8381309509277344
0.8536921143531799
0.7641909122467041
1.0
0.9391810894012451
1.0
0.6607529520988464
1.0
1.0
0.9706818461418152
0.75084388256073
1.0
0.9264839291572571
1.0
0.9372895956039429
0.9055108428001404
0.9334183931350708
1.0
1.0
1.0
0.9396558403968811
1.0
1.0
1.0
0.5469924211502075
0.75084388256073
0.75084388256073
0.9084937572479248
0.75084388256073
1.0
1.0
0.6967371702194214
1.0
1.0
1.0
1.0
0.7175502777099609
0.7540401220321655
0.9396558403968811
0.9396558403968811
0.9396558403968811
0.9480777978897095
0.9480777978897095
0.9396558403968811
0.9396558403968811
1.0
1.0
1.0
1.0
1.0
0.7540401220321655
0.9427826404571533
0.7540401220321655
0.7782914638519287
0.9026439189910889
0.8470481038093567
0.9603655934333801
0.8333761096000671
1.0
0.8368257880210876
0.701480507850647
0.9126433730125427
1.0
1.0
1.0
0.821071445941925
0.902341365814209
1.0
1.0
0.6757822036743164
0.6892090439796448
1.0
1.0
1.0
0.9344825148582458
0.6462863683700562
1.0
0.9710628986358643
0.7441922426223755
0.8692157864570618
1.0
0.7641909122467041
1.0
1.0
0.8536921143531799
0.9517714977264404
0.5552398562431335
0.7469081878662109
0.9450521469116211
0.9817843437194824
0.9428583383560181
0.9313127994537354
1.0
0.9498363733291626
0.7461849451065063
0.6995403170585632
0.9324814677238464
0.6638507843017578
1.0
0.7038466930389404
0.8415996432304382
0.9264371395111084
0.9221166372299194
0.7478266954421997
0.626265823841095
0.8645908236503601
0.9641816020011902
1.0
0.8899846076965332
0.7706186771392822
0.8509358763694763
1.0
1.0
0.9333239197731018
0.9480777978897095
0.8593975305557251
0.8324964642524719
0.7720184922218323
0.822354793548584
0.9008617401123047
0.847399115562439
0.9008617401123047
1.0
0.8338516354560852
0.7762887477874756
0.7507774829864502
0.8338516354560852
1.0
1.0
0.8837947249412537
1.0
0.9557597041130066
0.9396558403968811
0.6534542441368103
0.6983442306518555
0.6826151013374329
0.847670316696167
0.8511010408401489
0.9249866008758545
1.0
0.9539676904678345
1.0
0.939237654209137
0.7641909122467041
1.0
0.9195764064788818
1.0
0.8513838052749634
0.5320230722427368
0.9035650491714478
0.7757813930511475
1.0
1.0
0.7325528860092163
0.8851048946380615
0.8851048946380615
0.916218101978302
0.6945635080337524
0.9244309663772583
0.8466438055038452
0.6536494493484497
0.7492703199386597
1.0
0.7540401220321655
0.6680289506912231
1.0
0.8910205364227295
0.920194685459137
0.8292423486709595
0.9762719869613647
1.0
0.9570608139038086
0.9102572202682495
0.9392216801643372
0.8861660361289978
0.6311360597610474
0.7700325846672058
0.638255774974823
0.9294988512992859
0.8984216451644897
1.0
0.8783243894577026
0.8783243894577026
0.546616792678833
0.8596398830413818
0.8209862112998962
1.0
1.0
0.8849828243255615
0.8768701553344727
1.0
0.4595666825771332
0.7891228199005127
1.0
0.5260047912597656
0.7727380990982056
1.0
0.9015330672264099
1.0
1.0
0.9365978240966797
0.9450521469116211
0.9009586572647095
0.7641909122467041
0.8865655064582825
0.9463151693344116
0.8481519818305969
0.6519206166267395
0.8659948706626892
1.0
0.7783799767494202
0.9305849671363831
0.839729905128479
0.6986926198005676
0.8470288515090942
1.0
1.0
1.0
0.7538852095603943
0.7641909122467041
0.9523038864135742
0.9558668732643127
0.9033488631248474
1.0
0.9517714977264404
0.7828015089035034
1.0
1.0
0.7176021337509155
0.7122687101364136
0.8972398042678833
0.8851315379142761
1.0
0.8003057241439819
0.8845211267471313
0.8477477431297302
0.9559893608093262
0.9544647336006165
0.9737491607666016
0.9645906686782837
0.7075060606002808
0.7609182596206665
0.7549145817756653
0.9204025268554688
0.6820295453071594
0.5728684663772583
0.9277731776237488
0.8778815865516663
0.622009813785553
0.9293868541717529
0.9250181317329407
0.9294988512992859
0.680391252040863
0.9450521469116211
1.0
0.6787000894546509
1.0
0.9372895956039429
0.7701647877693176
0.6558758020401001
0.41894328594207764
0.6504760980606079
0.6341010332107544
0.8536921143531799
1.0
1.0
0.9517714977264404
0.8525130152702332
0.8547682166099548
0.75084388256073
0.7808607220649719
0.7211259603500366
0.7576430439949036
0.7351392507553101
1.0
0.9118040204048157
0.8933893442153931
0.9491425156593323
0.8531403541564941
0.7535431981086731
0.8027823567390442
0.9495457410812378
0.7841335535049438
0.6825409531593323
0.9115250110626221
0.9111518263816833
0.8541763424873352
0.7636808156967163
0.8217703700065613
0.8643108010292053
0.9481267929077148
0.905860424041748
0.9414169788360596
0.840628981590271
0.5235581994056702
0.7663354873657227
0.827828049659729
0.910010814666748
0.9399546384811401
0.938606858253479
0.7540401220321655
0.8925386071205139
0.8346713185310364
0.7725870013237
0.9035650491714478
0.6563500165939331
1.0
0.8827303647994995
0.7909849286079407
0.9019670486450195
0.8217669725418091
0.9365978240966797
0.800000011920929
0.8974182605743408
0.9396558403968811
0.6563500165939331
0.8884190320968628
0.9333949089050293
0.9230540990829468
0.8126085996627808
0.5328518748283386
0.5328518748283386
0.549986720085144
0.756934642791748
0.6738861203193665
0.5423781871795654
0.6801226139068604
0.827195405960083
0.8790634870529175
0.9221216440200806
0.9695999026298523
0.7506152391433716
0.8134818077087402
1.0
0.6599443554878235
0.6375353336334229
0.7723231315612793
0.6608558297157288
0.891022801399231
1.0
0.899872362613678
0.9057018756866455
0.7605074048042297
0.7570170164108276
0.8330556750297546
0.7598739266395569
0.9157441854476929
0.8076728582382202
0.7783907651901245
0.6963054537773132
0.843748152256012
0.7160078287124634
0.9039607644081116
0.8643742799758911
0.8953998684883118
1.0
0.9141888618469238
1.0
0.860248863697052
0.6916155219078064
0.48770949244499207
0.45466330647468567
0.9216030240058899
0.4570382833480835
0.847670316696167
0.6008179187774658
0.8320307731628418
0.4098176658153534
0.39965400099754333
0.7157431244850159
0.8424710035324097
0.9294988512992859
0.7844387292861938
0.7321091294288635
0.6709821224212646
0.6717721819877625
0.8606348037719727
0.6789897084236145
0.8860025405883789
0.5368975400924683
0.8594239354133606
0.9533823132514954
1.0
0.8509398102760315
0.9328256845474243
0.7864124178886414
0.5780692100524902
0.6327500343322754
1.0
0.6623149514198303
0.5166559815406799
0.843146026134491
0.9509835243225098
1.0
0.8088393211364746
0.9229801893234253
0.7335150241851807
0.8527695536613464
0.9248466491699219
1.0
0.8598636984825134
0.6952483057975769
0.9407077431678772
0.882116973400116
1.0
0.9177829623222351
0.8995611667633057
0.6696593761444092
0.9478539824485779
0.9550776481628418
0.9372895956039429
0.8965003490447998
0.7575109601020813
1.0
0.7277557849884033
1.0
0.8070518970489502
0.771552562713623
0.82563316822052
0.4350496828556061
0.6351468563079834
0.8996455669403076
0.563785970211029
0.48313674330711365
1.0
0.9539676904678345
0.8993024826049805
1.0
0.7605991363525391
0.8997784852981567
0.6665651798248291
1.0
0.9281483888626099
0.8974354267120361
0.9854447841644287
0.9315194487571716
0.6770666241645813
0.8949571251869202
0.7912771105766296
0.9273470640182495
0.8143656253814697
0.8337068557739258
0.5516859889030457
0.5650960206985474
0.7633092403411865
0.5609782934188843
0.7993605136871338
0.5137590169906616
0.9089721441268921
0.7212302684783936
0.9443701505661011
0.9148424863815308
0.8885091543197632
0.94985032081604
0.9291628003120422
0.9316146969795227
0.9081690907478333
0.8351539373397827
0.6469875574111938
0.8061807751655579
0.8850064873695374
0.8924960494041443
0.8134229183197021
0.9221166372299194
0.7692726850509644
0.5769496560096741
0.8494135737419128
0.6231002807617188
0.7138733863830566
0.7326266765594482
0.9646071195602417
0.7045931816101074
0.8123787641525269
0.5330542922019958
0.5430147051811218
0.9732811450958252
0.9457418322563171
0.48140770196914673
0.7835385799407959
0.9316628575325012
0.9532334804534912
0.8748510479927063
1.0
0.6490819454193115
0.7639786601066589
0.8979442715644836
0.5228858590126038
0.828183650970459
0.5022798180580139
0.5408976674079895
0.6504851579666138
0.7269664406776428
1.0
0.8877373337745667
1.0
0.7554123997688293
0.9324814677238464
0.9752788543701172
0.8663338422775269
1.0
0.5932910442352295
0.8904619216918945
0.7579267621040344
0.808112621307373
0.8334688544273376
0.5840580463409424
0.56360924243927
0.9318984150886536
0.891788125038147
0.9115250110626221
0.7473045587539673
0.8622043132781982
0.795047402381897
0.8438355326652527
0.3807583451271057
0.5863817930221558
0.6961957812309265
0.7587361931800842
0.7619467973709106
0.8100387454032898
0.9221326112747192
0.7666489481925964
0.8811672329902649
0.824583888053894
1.0
0.7590616345405579
0.5613353848457336
0.5539373755455017
0.6973223686218262
0.8142209649085999
0.6181167364120483
0.6116094589233398
0.7224963903427124
0.7918521761894226
0.8034817576408386
0.8045108318328857
0.7709339261054993
0.6117830872535706
0.7314938306808472
0.7538836598396301
0.5916773080825806
0.877944827079773
0.6484906077384949
0.8982676267623901
0.5914372801780701
0.5925825238227844
0.7932554483413696
0.85591059923172
0.4975716769695282
0.7537916302680969
0.7161005139350891
0.6642318964004517
0.8171160221099854
0.7831144332885742
0.5111986398696899
0.7640664577484131
0.964164137840271
0.7223909497261047
0.7671006917953491
0.6331384181976318
0.9115181565284729
0.7541875243186951
0.7817011475563049
0.8938842415809631
0.7211247086524963
1.0
0.589745283126831
0.8689363598823547
0.9035052061080933
0.9115250110626221
0.6097860336303711
0.9591816067695618
1.0
1.0
0.7714980840682983
0.8114832639694214
0.5780836343765259
0.8628204464912415
0.7603155374526978
0.917222261428833
0.9805073738098145
0.7014619708061218
0.7164075970649719
0.4744354486465454
0.8209972977638245
0.6347765326499939
0.7512158751487732
0.9030327796936035
0.42841392755508423
0.5075492858886719
0.67571622133255
0.6621847152709961
0.8832120895385742
0.9082223773002625
0.860142707824707
0.6856858730316162
0.6939274072647095
0.7643507122993469
0.6964001655578613
0.746749758720398
0.7395541071891785
0.7969403266906738
0.7190371751785278
0.8932245969772339
0.4906890094280243
0.551963746547699
0.9608317017555237
0.7913041710853577
0.36441338062286377
0.7246630191802979
0.6814916133880615
0.8654865026473999
0.6411875486373901
0.7365562915802002
0.8210840225219727
0.8964229226112366
0.9657875299453735
0.5428065657615662
0.742872416973114
0.5121020078659058
0.5633746981620789
0.5887975692749023
0.8552453517913818
0.6334010362625122
0.8276705741882324
0.7116944789886475
0.5737237334251404
0.7181648015975952
0.7321726679801941
0.6066336631774902
0.614378809928894
0.9427826404571533
0.6994109749794006
0.792214572429657
0.7516730427742004
0.7952237725257874
0.9699236750602722
0.8690283298492432
0.8890568017959595
0.8246812224388123
0.8128136396408081
0.6247516870498657
0.7016974687576294
0.5822268128395081
0.5408487915992737
0.5490789413452148
0.8007449507713318
0.7519763112068176
0.8488678932189941
0.917206346988678
0.9453498125076294
0.49271219968795776
0.9138487577438354
0.8024803400039673
0.5167890191078186
0.9331070780754089
0.7723987102508545
0.7606910467147827
0.8647906184196472
1.0
0.8237139582633972
0.92112135887146
0.6520571708679199
0.6584783792495728
0.8255153298377991
1.0
0.8814725279808044
0.8445395231246948
0.9408264756202698
0.8738936185836792
1.0
0.7310256361961365
0.8316230773925781
0.906409502029419
0.9011461138725281
0.7803123593330383
0.6089863777160645
0.8959606885910034
0.538678765296936
0.34023916721343994
0.7310556769371033
0.5527384281158447
0.7260114550590515
0.6591658592224121
0.5641294121742249
0.676077127456665
0.7207520008087158
0.8061100244522095
0.7767562866210938
0.8553571105003357
0.7172024250030518
0.6155889630317688
0.9416180849075317
0.6975141763687134
0.5345841646194458
0.8019548058509827
0.6541352272033691
0.9245710372924805
0.6563910245895386
0.4377163052558899
0.8412588834762573
0.880817174911499
0.6744401454925537
0.8592274188995361
0.7198212742805481
0.922501802444458
0.6280460953712463
0.7423701286315918
0.7249547243118286
0.655035138130188
0.621587872505188
0.5479403734207153
0.6346615552902222
0.7304254174232483
0.8884175419807434
0.5840802192687988
0.5826470255851746
0.8999057412147522
0.5489349365234375
0.7160292267799377
0.7927022576332092
0.7027626037597656
0.5570290088653564
0.7741333246231079
0.7349960803985596
0.8454266786575317
0.7718232274055481
0.5842612385749817
0.6416934132575989
0.6456559300422668
0.6952300667762756
1.0
0.9356909990310669
0.9535395503044128
0.8615685701370239
0.7138999700546265
0.600460410118103
0.6666581630706787
0.5866837501525879
0.7694675922393799
0.41090917587280273
0.6905051469802856
0.47503146529197693
0.765308141708374
0.8205487132072449
0.8960469365119934
0.850296676158905
0.9458252787590027
0.9733335971832275
0.9050013422966003
0.951542854309082
0.8943051695823669
0.9054548144340515
0.8949580192565918
0.9795619249343872
0.8431330919265747
0.8243820667266846
1.0
0.9236599802970886
0.9642913937568665
0.9210538864135742
0.8292016386985779
0.9848929643630981
0.8513625860214233
0.9203810691833496
0.9176901578903198
0.7106897234916687
0.9625188708305359
0.9833756685256958
1.0
0.7849423885345459
0.7780619859695435
0.9035422205924988
0.9549309015274048
0.8294758796691895
0.9765031337738037
0.8887730836868286
0.908223569393158
0.9313124418258667
0.9115120768547058
0.8034102320671082
0.824526846408844
0.9632577300071716
0.8246380090713501
0.917881965637207
0.8931930065155029
0.9075839519500732
1.0
0.8434016704559326
0.8124310374259949
0.940665602684021
1.0
0.9489678144454956
0.9522839784622192
0.907578706741333
0.9401312470436096
0.9767492413520813
0.9880590438842773
0.8774282932281494
0.6891718506813049
0.9558202028274536
0.9875317811965942
1.0
0.7478819489479065
0.8972890377044678
0.8680078983306885
0.973962664604187
0.8365114331245422
0.7130184769630432
1.0
0.9066649675369263
0.8917677998542786
0.9902634024620056
0.9595812559127808
0.8782710433006287
0.9784883260726929
0.870395839214325
0.9605898857116699
0.8204960823059082
0.8872244358062744
0.9279502630233765
0.9528735876083374
0.7834992408752441
0.859977126121521
0.9796124696731567
0.7541012167930603
0.8582289814949036
0.8804354667663574
0.8923239707946777
0.8883590698242188
0.9872035384178162
0.9091302156448364
0.9783576130867004
0.941559910774231
0.9632577300071716
0.7781822085380554
0.9076363444328308
0.7339870929718018
0.9271420836448669
0.8471805453300476
1.0
0.8971397876739502
0.8666160106658936
1.0
0.8852739930152893
0.8411985635757446
0.8822816610336304
0.8898847103118896
0.9536943435668945
1.0
1.0
0.8756681680679321
0.8508281707763672
0.9080218076705933
0.9499488472938538
0.9709970355033875
0.8710392713546753
0.8492094278335571
0.7534911632537842
0.9525615572929382
0.9640718698501587
0.8521931767463684
1.0
0.9727015495300293
0.7053141593933105
0.6931047439575195
0.966252326965332
0.8736218810081482
0.9506514668464661
0.9086883068084717
0.8678040504455566
0.8196452260017395
0.9018174409866333
0.879269540309906
0.9666926860809326
0.9455540180206299
0.9002439975738525
0.9643016457557678
0.9666329622268677
0.8939859867095947
0.7797430753707886
0.8452612161636353
0.8704430460929871
0.8837581872940063
0.9450165033340454
0.9582114815711975
0.9273786544799805
0.9424091577529907
0.9126322865486145
0.9076363444328308
0.9862895011901855
0.8630144000053406
0.9745056629180908
0.9447103142738342
0.8843007683753967
0.8621556758880615
0.7422590851783752
0.718764066696167
0.9852744340896606
0.9511500597000122
0.8353598713874817
0.7862169146537781
1.0
0.926048219203949
0.8728264570236206
0.9199756979942322
0.8662806153297424
0.9924978017807007
0.9120340347290039
0.8210015296936035
0.9757034182548523
0.9436464905738831
0.8642363548278809
0.9546052813529968
0.8752725124359131
0.7972069978713989
0.7499814629554749
0.9359163045883179
0.8923433423042297
0.9749437570571899
0.9111986756324768
0.7791174650192261
0.761182963848114
0.915454626083374
0.9469283223152161
0.8928099870681763
0.9076363444328308
0.7698035836219788
0.9396809339523315
0.8247979879379272
0.7661406993865967
0.9356918931007385
0.9687418937683105
0.8493393659591675
0.8294758796691895
0.8187974691390991
0.8984538316726685
0.8898063898086548
0.7818341851234436
0.8900513648986816
0.9401312470436096
0.9294149279594421
0.9005134105682373
0.9546276926994324
0.9546476602554321
0.9403775334358215
0.7473891377449036
0.6335147619247437
0.8181647658348083
1.0
0.8985148072242737
0.9474173784255981
0.9654939770698547
0.8860092759132385
0.9059869647026062
1.0
1.0
0.9447923898696899
0.8931930065155029
0.924543023109436
1.0
0.9482263922691345
0.9698511362075806
0.9507078528404236
0.9135214686393738
1.0
0.9721625447273254
0.8900693655014038
0.9681318998336792
0.954236626625061
0.8902313709259033
0.9225447177886963
1.0
0.9897698760032654
0.7376430034637451
0.9757034182548523
0.9889264702796936
0.9757040143013
0.9277409315109253
0.8607555627822876
0.9379520416259766
0.7499814629554749
0.9409568309783936
0.9061406254768372
0.9401312470436096
0.9410147666931152
0.9135214686393738
0.9117587208747864
0.8392770886421204
0.7530788779258728
0.8895532488822937
0.7332274913787842
0.918999195098877
0.9064775705337524
0.9601417183876038
0.8118113279342651
0.9476333856582642
0.929526686668396
0.9738156795501709
0.9557093977928162
1.0
0.9340648055076599
0.9532209634780884
1.0
1.0
0.8707834482192993
0.8946280479431152
0.8614590167999268
0.8521608710289001
0.8476119041442871
0.8256850838661194
1.0
0.9669541120529175
0.8938174247741699
0.823451817035675
1.0
0.8350096344947815
0.8516786098480225
0.8034102320671082
0.8740751147270203
0.9604229927062988
0.7888490557670593
0.9668172597885132
0.9495874643325806
1.0
0.8586925268173218
0.9209502339363098
0.895961344242096
1.0
0.9160875678062439
0.968956708908081
0.9219187498092651
0.9345645308494568
0.9924978017807007
0.8556179404258728
0.9872035384178162
1.0
0.9019969701766968
1.0
0.8930693864822388
0.7499814629554749
0.974616289138794
0.8827618360519409
1.0
0.8702859878540039
0.8946032524108887
0.8126449584960938
0.8989344835281372
0.9009341597557068
0.812373161315918
0.7332274913787842
0.9397268295288086
0.9389747977256775
1.0
1.0
0.8627451062202454
0.9022548198699951
0.9492419362068176
0.8882993459701538
0.9685173630714417
0.9587602615356445
0.7233890891075134
0.9832397103309631
0.7285746335983276
0.8259940147399902
0.9237449765205383
0.9389033913612366
0.9463651776313782
0.8652915954589844
0.9528735876083374
0.8414312601089478
0.8776031732559204
0.90871661901474
0.7936419248580933
0.7827852964401245
0.7795664072036743
0.8877677321434021
0.9523885250091553
0.9712769389152527
0.7499814629554749
0.894576907157898
0.9251271486282349
0.944654107093811
0.8657203912734985
0.8156286478042603
0.8722009658813477
0.807012140750885
0.9122703075408936
0.9103180170059204
0.968166172504425
0.902566134929657
0.9658256769180298
0.8905379176139832
0.8452039957046509
0.7544029355049133
0.9595812559127808
0.9144010543823242
0.8858992457389832
0.9389747977256775
0.8418592214584351
0.761144757270813
0.8603497743606567
0.9410147666931152
0.8566007614135742
0.9111986756324768
0.9027671217918396
1.0
0.908278226852417
0.9089403748512268
0.8776863217353821
0.9302889108657837
0.9699514508247375
0.9649320840835571
0.810152530670166
0.9690471291542053
0.9407422542572021
0.891682505607605
0.8769957423210144
0.8230427503585815
0.9589824080467224
0.901766300201416
0.9040465950965881
0.8882668018341064
0.9814438223838806
0.7962421774864197
0.8803207278251648
0.8656748533248901
0.8393051624298096
0.8255316615104675
0.8401406407356262
1.0
0.8116371631622314
0.8113105893135071
0.8524471521377563
0.8799089789390564
0.9283729791641235
0.9778944253921509
0.8503351807594299
0.8094518780708313
0.9631404280662537
0.8272925019264221
0.8570497632026672
0.9584594368934631
0.8098995089530945
0.8973879814147949
0.8156286478042603
0.7709487676620483
0.9369949102401733
0.8318911194801331
0.9178140759468079
0.9493803977966309
0.9140260815620422
0.9067413806915283
0.9474853873252869
0.8776863217353821
0.8964226841926575
1.0
0.996368944644928
0.8882993459701538
0.9223902821540833
0.9623509049415588
0.8821521401405334
0.7975814342498779
0.8656748533248901
0.9493803977966309
0.805518627166748
0.764180600643158
0.8964226841926575
0.9708573222160339
0.8295443058013916
0.9846330881118774
0.8634783029556274
0.9437436461448669
0.8365114331245422
1.0
0.7663669586181641
0.9396643042564392
0.721605122089386
0.9310875535011292
0.9325687885284424
0.8709399700164795
0.9056533575057983
0.7867902517318726
0.9265673160552979
0.9786202311515808
1.0
0.8860076665878296
0.901766300201416
0.7667286396026611
0.8931930065155029
0.8217938542366028
0.9216972589492798
0.7811272144317627
0.9111986756324768
0.9889596104621887
0.9354801177978516
0.9092451930046082
0.8776863217353821
0.9458252787590027
1.0
0.8868466019630432
0.911806046962738
0.9120954275131226
0.8266869187355042
0.8061518669128418
0.8586747050285339
0.8659073114395142
0.8277301788330078
0.9076363444328308
0.9668753743171692
0.9737264513969421
0.8127937912940979
0.8112932443618774
0.9286981821060181
0.951934814453125
0.9047470688819885
0.6895313262939453
0.8561548590660095
0.8769418597221375
0.9869263768196106
0.9436960220336914
0.7651758193969727
0.9222521781921387
0.9641319513320923
0.867621660232544
0.9681047797203064
0.9755349159240723
0.936530351638794
0.9656590819358826
0.8229789137840271
0.7497385144233704
0.8877677321434021
0.9727550745010376
0.6905370354652405
0.9405171275138855
0.9587844014167786
0.8531458973884583
0.909515380859375
0.8903907537460327
0.8196102976799011
0.960161030292511
0.8454400300979614
0.892857015132904
0.7907288670539856
0.8817425966262817
0.8510429859161377
1.0
0.9252166152000427
0.9036022424697876
0.9833756685256958
0.9387058615684509
0.9457080364227295
0.8967303037643433
0.8547037243843079
0.9917221665382385
0.9025925397872925
0.9052247405052185
0.9439650177955627
0.8476797342300415
0.8384293913841248
0.7826953530311584
0.8207502961158752
0.8853391408920288
0.8998076319694519
0.9084600210189819
0.9875317811965942
0.8928185701370239
0.8979989290237427
0.8947389721870422
0.7451766133308411
0.8482593894004822
0.9571862816810608
0.8194794654846191
0.890902042388916
0.8826682567596436
0.909515380859375
0.975611686706543
0.8555598258972168
0.8382292985916138
0.862104594707489
0.9738156795501709
0.8589045405387878
0.8469173312187195
0.8083134293556213
0.8561404943466187
0.7499814629554749
0.9309837222099304
0.8353527188301086
0.9474779367446899
0.8954185247421265
0.8656748533248901
0.9507666230201721
0.8697423934936523
0.9819086790084839
0.8255527019500732
0.9568061232566833
0.7782963514328003
0.8928141593933105
0.9240893721580505
0.8563416600227356
0.9832397103309631
0.9719139337539673
0.8928185701370239
0.9367761611938477
0.8102063536643982
0.9285292029380798
0.8643880486488342
0.8762379288673401
0.9689305424690247
0.8260915875434875
0.9125659465789795
0.8187283277511597
0.9294941425323486
0.784325122833252
0.9796124696731567
0.958923876285553
0.9719139337539673
0.8176968097686768
0.8492757678031921
0.9523637294769287
0.9869263768196106
1.0
0.9040067195892334
0.8255316615104675
0.9912222623825073
0.7931990623474121
0.88410484790802
0.9057711958885193
0.7657210230827332
0.8538427948951721
1.0
1.0
0.8526262640953064
0.9137713313102722
0.7645844221115112
0.9654676914215088
0.8988540768623352
0.898466169834137
0.9083094596862793
0.9552834630012512
0.9738156795501709
0.7400811910629272
1.0
0.8866393566131592
0.9084706902503967
0.8247979879379272
1.0
0.9310091733932495
0.7914964556694031
0.8020414710044861
0.8127267360687256
0.8738321661949158
0.9320019483566284
0.8614590167999268
0.7712162137031555
0.7667261362075806
0.9163828492164612
0.7483794093132019
1.0
0.8186876773834229
1.0
0.9574430584907532
0.9076363444328308
0.9604225158691406
0.870502233505249
0.7807176113128662
0.9490593671798706
0.917095422744751
0.8596177697181702
1.0
0.9699516892433167
0.8931930065155029
0.974285364151001
0.7394331693649292
0.953916609287262
1.0
0.8556179404258728
0.9402254223823547
0.9794754385948181
0.9231363534927368
0.8963658213615417
0.9355917572975159
0.8299456834793091
0.8023898005485535
0.9605898857116699
0.8701003789901733
1.0
0.7921575307846069
0.9135214686393738
0.8742424249649048
0.961096465587616
0.9023439288139343
0.9869263768196106
0.9338201880455017
0.9436960220336914
0.7329587936401367
0.9354801177978516
0.8757275938987732
0.8891599178314209
0.8652767539024353
0.9089729189872742
0.9750635027885437
0.8879836797714233
0.8126917481422424
0.9684227705001831
0.8828511834144592
0.8764311075210571
0.9346422553062439
0.9104486107826233
0.9740550518035889
0.7730045914649963
0.9492419362068176
0.9252790212631226
0.737604022026062
0.9520825743675232
0.8359660506248474
0.9387604594230652
0.7417131662368774
0.8805361986160278
0.8201228976249695
0.7576197981834412
0.9210304617881775
0.8057278394699097
0.9059869647026062
1.0
0.8392791152000427
1.0
0.8013700842857361
0.8625863194465637
0.9389747977256775
0.9461535811424255
0.9262675046920776
0.9889264702796936
0.966706395149231
0.8365441560745239
0.8667242527008057
0.7913992404937744
0.909515380859375
1.0
0.8776863217353821
0.8651542067527771
0.9308320879936218
0.8701132535934448
0.9149977564811707
0.7499814629554749
1.0
0.8526719808578491
0.7857728004455566
0.8061518669128418
0.9832397103309631
0.906430721282959
0.917165994644165
0.8627467751502991
0.978157639503479
1.0
0.9392399787902832
0.9074229001998901
0.8823071122169495
1.0
0.9719139337539673
0.8906657695770264
0.974285364151001
0.8594193458557129
0.7509331107139587
0.9823072552680969
0.8615705966949463
0.9361063838005066
0.8564972281455994
1.0
0.9471118450164795
0.8967518210411072
0.9177790880203247
0.8649566769599915
0.9637600183486938
0.8651279807090759
0.8600929975509644
1.0
0.883345901966095
0.917386531829834
