0.9872184991836548
0.9215875864028931
0.9818006753921509
0.9873530268669128
0.9165343046188354
0.7944214940071106
0.9620224237442017
0.9766534566879272
0.9440775513648987
0.9906846880912781
0.9904382228851318
0.9974575042724609
0.9982720613479614
0.9989613890647888
0.719299852848053
0.9938102960586548
0.9609694480895996
0.9501686096191406
0.9813261032104492
0.9898751974105835
0.9510186314582825
0.9504039287567139
0.9763833284378052
0.9679999351501465
0.9232053160667419
0.9945071339607239
0.9886021018028259
0.9691532254219055
0.9903475046157837
0.9190200567245483
0.9794483184814453
0.9888181686401367
0.9211176633834839
0.9949242472648621
0.9571395516395569
0.8999097347259521
0.9727956056594849
0.9774860143661499
0.9950792789459229
0.9462695121765137
0.8131689429283142
0.9814639687538147
0.9891273379325867
0.9961943626403809
0.9848664402961731
0.9673976302146912
0.9703624248504639
0.9862698316574097
0.9821094274520874
0.9959825277328491
0.9604801535606384
0.9867090582847595
0.9817579388618469
0.9622558355331421
0.979392409324646
0.9694254398345947
0.9673997759819031
0.9807255268096924
0.9859384298324585
0.9594156742095947
0.9912706613540649
0.9929089546203613
0.9915819764137268
0.9744899272918701
0.8682909607887268
0.9999997615814209
0.9822715520858765
0.980105459690094
0.965058445930481
0.9916607141494751
0.9394490122795105
0.9100285768508911
0.9883735775947571
0.9757229685783386
0.8620743751525879
1.0
0.9910547137260437
0.9849951863288879
0.8899548649787903
0.9757243394851685
0.9936562180519104
0.9862732291221619
0.893984317779541
0.9332217574119568
0.9917995929718018
0.9786763191223145
0.93132483959198
0.9561315774917603
0.9909914135932922
0.9704249501228333
0.9476011991500854
0.9864799380302429
0.9274955987930298
0.9839627146720886
0.9534270763397217
0.9957888126373291
0.8786473274230957
0.9495207071304321
0.9824904799461365
0.9945459365844727
0.9848100543022156
0.9727137088775635
0.9542566537857056
0.9963534474372864
0.9971181154251099
0.9943761825561523
0.9683323502540588
0.9852869510650635
0.9916551113128662
0.995628833770752
0.9994048476219177
0.9852272272109985
0.9167209267616272
0.9627276659011841
0.9739013910293579
0.9999996423721313
0.9729349613189697
0.974712610244751
0.9283945560455322
0.8263748288154602
0.9719699025154114
0.9829126000404358
0.9761404991149902
0.9983319044113159
0.9784232378005981
0.9545100927352905
0.9926717877388
0.9908075928688049
0.9771404266357422
0.9192765951156616
0.9883841872215271
0.966960608959198
0.9739054441452026
0.9985519051551819
0.9797954559326172
0.9866057634353638
0.9716041088104248
0.9765772223472595
0.9685165286064148
0.9951018691062927
0.9852858781814575
0.963107705116272
0.9906980991363525
0.9967643022537231
0.989719033241272
0.9818966388702393
0.9839184284210205
0.9621638059616089
0.9956450462341309
0.9807118773460388
0.9300545454025269
0.9521844387054443
0.995424747467041
0.9988598227500916
0.9837556481361389
0.8379278779029846
0.8015056848526001
0.9775506854057312
0.9880855083465576
0.9869354367256165
0.9974843263626099
0.9757115840911865
0.9851189255714417
0.9862151145935059
0.9852774739265442
0.9828466176986694
0.9753104448318481
0.9715133309364319
0.9927412867546082
0.9780387282371521
0.9990924596786499
0.9808262586593628
0.9966166615486145
0.9394252300262451
0.9908526539802551
0.946125864982605
0.9066912531852722
0.9981653690338135
0.9503918290138245
0.9902716279029846
0.9510973691940308
0.9634789228439331
0.9809220433235168
0.9927220940589905
0.9665520191192627
0.9975847005844116
0.9931846857070923
0.9826922416687012
0.8692136406898499
0.8409124612808228
0.9628962278366089
0.8738951086997986
0.9830705523490906
0.9780633449554443
0.9809429049491882
0.9734454154968262
0.9998246431350708
0.9829727411270142
0.9957653880119324
0.965620219707489
0.9788991808891296
0.999993622303009
0.966773271560669
0.8729553818702698
0.9709854125976562
0.9952535629272461
0.9979339241981506
0.9877628087997437
0.9554350972175598
0.9941708445549011
0.8993852138519287
0.9544270038604736
0.9940222501754761
0.9976654648780823
0.9874086976051331
0.9880726933479309
0.9856834411621094
0.9853629469871521
0.9818440675735474
0.9452161192893982
0.9816576242446899
0.9964519739151001
0.9994519948959351
0.9862908124923706
0.91256183385849
0.8641290068626404
0.9857271313667297
0.9919451475143433
0.7629788517951965
0.9291910529136658
0.9862799048423767
0.9977599382400513
0.9664023518562317
0.982175350189209
0.998859167098999
0.8816816806793213
0.9687020778656006
0.9822925925254822
0.9643720388412476
0.9950762391090393
0.9836028814315796
0.977066159248352
0.9925041794776917
0.9867737889289856
0.9863637089729309
0.9610141515731812
0.9321905374526978
0.9887162446975708
0.9863168001174927
0.9931782484054565
0.973289966583252
0.9996687769889832
0.9974806904792786
0.9827398657798767
0.9875842928886414
0.9924313426017761
0.7613694071769714
0.9664503931999207
0.9918332695960999
0.9516046643257141
0.9314950108528137
0.9914188981056213
0.9415212273597717
0.9813513159751892
0.9843433499336243
0.9986264705657959
0.9760743379592896
0.9926866292953491
0.926819384098053
0.9849872589111328
0.9992034435272217
0.9922463297843933
0.9645681381225586
0.8776397109031677
0.9946098923683167
0.9918585419654846
0.9916408658027649
0.9753744602203369
0.9918690919876099
0.9428603053092957
0.9568902850151062
0.9923418760299683
0.9828540682792664
0.9790839552879333
0.9928469657897949
0.9832441806793213
0.8824378848075867
0.9647578597068787
0.9538339376449585
0.9787620306015015
0.9632002711296082
0.9812318682670593
0.9923794269561768
0.874891996383667
0.9632868766784668
0.9866857528686523
0.9784494042396545
0.9805282354354858
0.9588156342506409
0.9901115894317627
0.9693026542663574
0.9469923973083496
0.8816435933113098
0.964728832244873
0.9781143069267273
0.9123456478118896
0.9788142442703247
0.9888870120048523
0.9744884967803955
0.9947340488433838
0.9999999403953552
0.9970068335533142
0.9861451983451843
0.8875346183776855
0.9951655268669128
0.9933302998542786
0.991378128528595
0.9918655753135681
0.9853320121765137
0.9944152235984802
0.9290591478347778
0.7308160066604614
0.9793157577514648
0.9640963673591614
0.9823660254478455
0.9999766945838928
0.9464000463485718
0.9654335975646973
0.9653894901275635
0.7891128659248352
0.9778908491134644
0.9999513626098633
0.9846741557121277
0.9882107973098755
0.989058256149292
0.9239039421081543
0.9546030163764954
0.9885362982749939
0.9877759218215942
0.9535647630691528
0.9791848063468933
0.9831332564353943
0.8959366679191589
0.7910451889038086
0.9784354567527771
0.9662750959396362
0.9804381132125854
0.6762478351593018
0.9990608096122742
0.9847360253334045
0.9777773022651672
0.7152833938598633
0.9842799305915833
0.9408445954322815
0.945368230342865
0.9767431616783142
0.9930016398429871
0.9909681081771851
0.9862422347068787
0.9778658747673035
0.9646580815315247
0.9482099413871765
0.9705459475517273
0.979751467704773
0.9556211829185486
0.9889951348304749
0.9921582937240601
0.9895282983779907
0.9909317493438721
0.9973577260971069
0.9526184797286987
0.9845755100250244
0.9295633435249329
0.9936818480491638
0.8767200708389282
0.984112560749054
0.9922667741775513
0.9960818886756897
0.914310097694397
0.9687846899032593
0.9399920701980591
0.9833811521530151
0.9773932695388794
0.9693119525909424
0.9889254570007324
0.9700549244880676
0.9877489805221558
0.9305643439292908
1.0
0.9781948924064636
0.9322093725204468
0.966458261013031
0.987718403339386
0.9920259118080139
0.9632737636566162
0.9805335998535156
0.8821635842323303
0.9490302205085754
0.9831212162971497
0.9602710604667664
0.9383713603019714
0.9215012788772583
0.9196084141731262
0.9445430040359497
0.9626832604408264
0.9840017557144165
0.8887898921966553
0.9863743185997009
0.9509191513061523
0.9408568143844604
0.9870039224624634
0.9596989750862122
0.9824910163879395
0.9797605872154236
0.9870669841766357
0.9179345965385437
0.9924806356430054
0.998468816280365
0.9664673209190369
0.9914792776107788
0.994210422039032
0.9468319416046143
0.9251922965049744
0.9492640495300293
0.9886422753334045
0.9935877919197083
0.9462777972221375
0.9756121635437012
0.9702232480049133
0.9326633810997009
0.9963504076004028
0.954926609992981
0.9346664547920227
0.9581248164176941
0.9516687393188477
0.9971674680709839
0.9905992746353149
0.9586161375045776
0.9853593111038208
0.9863242506980896
0.9806734919548035
0.9625861644744873
0.9926522374153137
0.9435959458351135
0.9730924963951111
0.9608154296875
0.9728561639785767
0.9657411575317383
0.9952513575553894
0.9835702180862427
0.9972627758979797
0.9877413511276245
0.9689692854881287
0.9852567911148071
0.9678941369056702
0.9904155731201172
0.9967046976089478
0.9873015284538269
0.5030065178871155
0.9956656098365784
0.968185544013977
0.8709920644760132
0.9935126900672913
0.9486280679702759
0.9106239080429077
0.9911877512931824
0.7837399840354919
0.9505915641784668
0.9842333197593689
0.9851158261299133
0.9880285859107971
0.8867701292037964
0.9186965227127075
0.9930625557899475
0.8429893255233765
0.8396905660629272
0.9992126226425171
0.9528687000274658
0.9919537305831909
0.9625380635261536
0.9541975259780884
0.9810571074485779
0.9852922558784485
0.9950028657913208
0.9808765649795532
0.9487091302871704
0.9956187605857849
0.9944858551025391
0.9860966205596924
0.9406207799911499
0.9766573905944824
0.9873364567756653
0.9720618724822998
0.9879331588745117
0.9729298949241638
0.9859462380409241
0.9832015633583069
0.9788838624954224
0.9838982224464417
0.7235530614852905
0.9887884259223938
0.9842227101325989
0.997932493686676
0.9602294564247131
0.9976797103881836
0.9985843300819397
0.9585441946983337
0.8129335045814514
0.9932851195335388
0.9928324222564697
0.9802892804145813
0.9905733466148376
0.9844398498535156
0.9560679793357849
0.9737489819526672
0.9863272309303284
0.7114839553833008
0.9488404393196106
0.9750744104385376
0.9716547727584839
0.9862391948699951
0.9928138256072998
0.9825335741043091
0.9019192457199097
0.9793591499328613
0.9164993166923523
0.9531994462013245
0.9312452077865601
0.9666728973388672
0.8902696371078491
0.9466565847396851
0.952997088432312
0.9929927587509155
0.9993163347244263
0.9751168489456177
0.9957107901573181
0.9664424657821655
0.9748708009719849
0.99130779504776
0.9750464558601379
0.9671247601509094
0.9816712141036987
0.9673976302146912
0.9718508720397949
0.9251534938812256
0.9775084853172302
0.9867323637008667
0.9893501400947571
0.9690132141113281
0.9809826016426086
0.9643664956092834
0.9989274144172668
0.9992135167121887
0.9691444635391235
0.9930623173713684
0.9822453856468201
0.9826900959014893
0.9829564094543457
0.9701804518699646
0.9278121590614319
0.9945738315582275
0.995867133140564
0.9500600695610046
0.9480097889900208
0.9768995642662048
0.9976370930671692
0.970298707485199
0.9973444938659668
0.991106390953064
0.9660131931304932
0.9834234714508057
0.9795112013816833
0.9212194085121155
0.9793921709060669
0.952754020690918
0.9908730387687683
0.9920639395713806
0.9911417365074158
0.9991281032562256
0.9998722076416016
0.9618804454803467
0.9808012247085571
0.9873958826065063
0.9674181938171387
0.9833983182907104
0.9592171311378479
0.9859410524368286
0.9323261976242065
0.9610732197761536
0.932485818862915
0.8616004586219788
0.9878163933753967
0.9944396615028381
0.9960967302322388
0.9798683524131775
0.9337652921676636
0.8969467282295227
0.983838677406311
0.7437978386878967
0.9696269035339355
0.9953473806381226
0.9132801294326782
0.9707214832305908
0.9877683520317078
0.9835146069526672
0.9938347935676575
0.9784040451049805
0.8822572231292725
0.9906184673309326
0.9863520264625549
0.9630284309387207
0.9855045080184937
0.9967300295829773
0.766200602054596
0.953942060470581
0.9905837178230286
0.9840881824493408
0.9842885136604309
0.942746639251709
0.966678261756897
0.8388234972953796
0.9360670447349548
0.9499436616897583
0.9975142478942871
0.9764186143875122
0.9799898266792297
0.974887490272522
0.9781302213668823
0.9943245053291321
0.9814243912696838
0.9661827087402344
0.8773764967918396
0.9344395399093628
0.9777728915214539
0.9951261878013611
0.9893521666526794
0.6249732375144958
0.9923522472381592
0.9915322065353394
0.9807250499725342
0.9918082356452942
0.9545005559921265
0.9165343046188354
0.9657288789749146
0.9993948936462402
0.9938702583312988
0.9903241991996765
0.9807630777359009
0.9887580871582031
0.9940560460090637
0.9843878149986267
0.961506187915802
0.9774380922317505
0.9976430535316467
0.9766890406608582
0.8739566802978516
0.9752660989761353
0.9978387355804443
0.8905752301216125
0.9351834058761597
0.6308297514915466
0.9924383163452148
0.9610995054244995
0.9802193641662598
0.9936388731002808
0.9670219421386719
0.9562317728996277
0.9602489471435547
0.9898881316184998
0.9756081104278564
0.9919160604476929
0.9684998393058777
0.99555504322052
0.9699352383613586
0.9976683855056763
0.9533599019050598
0.9819480776786804
0.9797120690345764
0.9916275143623352
0.9841592311859131
0.8970580101013184
0.9235601425170898
0.9618027806282043
0.9140116572380066
0.9983317255973816
0.9945576786994934
0.997056782245636
0.9590269923210144
0.7052977681159973
0.7718967795372009
0.9999999403953552
0.9737853407859802
0.9619983434677124
0.9578115344047546
0.8766139149665833
0.9477254748344421
0.9785645008087158
0.9192847013473511
0.9401642680168152
0.9714009761810303
0.9907256960868835
0.9874874949455261
0.9894840717315674
0.9699411988258362
0.9886881113052368
0.9915128946304321
0.9873137474060059
0.9683975577354431
0.9890780448913574
0.9581384658813477
0.978808581829071
0.9196817278862
0.9999999403953552
0.9467883110046387
0.9924967885017395
0.9944925308227539
0.9321562647819519
0.9886542558670044
0.9881352186203003
0.9934551119804382
0.96214759349823
0.996185302734375
0.9501039385795593
0.9919236898422241
0.9974079728126526
0.9878405332565308
0.9683045744895935
1.0
0.9487751126289368
0.9827667474746704
0.9944015145301819
0.982282817363739
0.9954824447631836
0.9824318885803223
0.981584370136261
0.9869656562805176
0.9963277578353882
0.7473184466362
0.9719979763031006
0.9942678809165955
0.9220384955406189
0.9842010736465454
0.9807508587837219
0.9849871397018433
0.9604324698448181
0.9549551606178284
0.9889366030693054
0.9731081128120422
0.9553310871124268
0.9773551821708679
0.9905962944030762
1.0
0.8056414723396301
0.9718236923217773
0.9732509255409241
0.9833431243896484
0.9739370346069336
0.9627630114555359
1.0
0.9870578646659851
1.0
0.9253002405166626
1.0
0.9979361891746521
0.9598560333251953
0.978613555431366
1.0
0.9807612299919128
1.0
0.940253496170044
0.9967739582061768
0.851503312587738
0.9922431707382202
1.0
1.0
0.998891294002533
1.0
0.9976370930671692
1.0
0.41888347268104553
0.978613555431366
0.9119232892990112
0.9901683330535889
0.978613555431366
1.0
0.8839793801307678
0.9608417749404907
0.9995504021644592
1.0
1.0
1.0
0.8835722208023071
0.6257938742637634
0.998891294002533
0.998891294002533
0.998891294002533
0.9993249177932739
0.9993249177932739
0.998891294002533
0.998891294002533
0.9992458820343018
0.9999940991401672
0.9936518669128418
0.9936493635177612
1.0
0.7631521821022034
0.9786696434020996
0.9892945885658264
0.9992967844009399
0.9749560952186584
0.9924310445785522
0.9208132028579712
0.9954418540000916
1.0
0.9773228764533997
0.6416563987731934
0.9988065361976624
1.0
0.9135938882827759
0.9953888058662415
0.8155537843704224
0.8039144277572632
1.0
1.0
0.9722207188606262
0.9606834650039673
0.9859534502029419
0.9929314255714417
0.9999950528144836
0.9959016442298889
0.8361435532569885
0.9999997615814209
0.9626712203025818
0.9802438020706177
0.9821747541427612
0.9992450475692749
0.952096164226532
1.0
0.5771540999412537
0.5692960619926453
0.9131059646606445
0.4234660565853119
0.993617832660675
0.9991706609725952
0.9843465089797974
0.807610034942627
0.983531653881073
1.0
0.9614070653915405
0.9479672908782959
0.9761554002761841
0.8650140166282654
0.746250331401825
0.992167055606842
0.960722029209137
0.9932081699371338
0.9998453855514526
0.9993248581886292
0.9982775449752808
0.8227439522743225
0.9993849992752075
0.9995319247245789
0.9535542130470276
0.9946203231811523
0.8298618793487549
0.9654609560966492
1.0
1.0
0.9227806925773621
0.9995824694633484
0.7195037007331848
0.6648534536361694
0.7894042730331421
0.6446670293807983
0.8019403219223022
0.6946943402290344
0.8019403219223022
0.9999991655349731
0.9952126145362854
0.9762088060379028
0.8243660926818848
0.9952126145362854
1.0
0.999967634677887
0.9333130121231079
0.9933321475982666
0.9993851184844971
0.998891294002533
0.8840194344520569
0.6323044896125793
0.5763018727302551
0.9925000071525574
0.9273203015327454
0.9991030693054199
0.9946189522743225
0.9789183139801025
0.996738612651825
0.9984934329986572
0.9597881436347961
0.996738612651825
0.9116287231445312
1.0
0.7029667496681213
0.8234977126121521
0.8927474021911621
0.9163530468940735
1.0
1.0
0.9998753070831299
0.8640993237495422
0.8640993237495422
0.9584795236587524
0.5609168410301208
0.9266141653060913
0.9966946840286255
0.6467891335487366
0.9814473390579224
1.0
0.7052385807037354
0.8585622906684875
0.9682962894439697
0.9832144379615784
0.9925923943519592
0.9653205275535583
0.9831101298332214
1.0
0.973387598991394
0.8241358399391174
0.9980254173278809
0.9713720083236694
0.9682343006134033
0.7044453620910645
0.9274960160255432
0.9989070892333984
0.999617338180542
0.9999988079071045
0.7567509412765503
0.7567509412765503
0.8354478478431702
0.7192621827125549
0.9253641963005066
0.9496096968650818
0.9266042113304138
0.9916051626205444
0.982764720916748
0.9999998211860657
0.7678404450416565
0.8613961935043335
0.9996365904808044
0.810468316078186
0.5464587211608887
0.9999999403953552
0.9545361995697021
0.9829729795455933
1.0
0.9949601888656616
0.9991706609725952
0.9869298934936523
0.9132792949676514
0.9886885285377502
0.9760115742683411
0.8349940776824951
0.6746750473976135
0.998794674873352
1.0
0.8710919618606567
0.9998685121536255
0.9984355568885803
0.9707694053649902
0.8738310933113098
0.9991253614425659
0.9944745302200317
0.9570486545562744
0.9703173637390137
0.9627630114555359
0.9754770398139954
0.994383692741394
0.8610188364982605
0.9999978542327881
0.9766454100608826
0.9717890024185181
0.9849274158477783
0.7430745959281921
0.9679732918739319
0.9622545838356018
0.985300600528717
0.9715996384620667
0.8251897692680359
0.9838390350341797
0.9689631462097168
0.9088104963302612
0.9001312851905823
0.9976630210876465
0.9690554141998291
0.9014773368835449
0.9591044783592224
0.7075433731079102
0.9997316598892212
0.9336774945259094
0.9777055978775024
0.6656227111816406
0.9648897647857666
0.988319993019104
0.7748858332633972
0.9630308151245117
0.9986802935600281
0.998906672000885
0.9385926127433777
0.9991710186004639
0.8839793801307678
0.7635403275489807
0.9771919846534729
0.9868208169937134
0.9792363047599792
0.8819678425788879
0.4394800662994385
0.91343092918396
0.9892156720161438
0.6750713586807251
0.8900742530822754
0.9998355507850647
0.9394456148147583
0.9716866612434387
0.999718964099884
0.978613555431366
0.9791707396507263
0.965412437915802
0.9089998602867126
0.7415634989738464
0.9995630383491516
0.9679585695266724
0.9721720814704895
0.9691095948219299
0.9990332126617432
0.9558890461921692
0.957900881767273
0.9989617466926575
0.9968103170394897
0.9014410376548767
0.933855414390564
0.9783480167388916
0.8673401474952698
0.7693626284599304
0.9678552746772766
0.8716827630996704
0.9691326022148132
0.966478705406189
0.9733452200889587
0.9434431195259094
0.7897586822509766
0.9739400148391724
0.9999898672103882
0.9732633829116821
0.9935710430145264
0.9975658655166626
0.7328853607177734
0.9853432774543762
0.956981897354126
0.993307888507843
0.8899539113044739
0.5527437329292297
0.9492909908294678
0.982210636138916
0.9848106503486633
0.8313376307487488
0.7701382040977478
0.9384676218032837
0.9999995827674866
0.923434853553772
0.998891294002533
0.5527437329292297
0.9234700202941895
0.9147477746009827
0.9957593083381653
0.492312490940094
0.7570230960845947
0.7570230960845947
0.9169724583625793
0.7789266705513
0.9734628796577454
0.7757436633110046
0.9643663167953491
0.9455810785293579
0.9097686409950256
0.9997153282165527
0.9902734160423279
0.7900719046592712
0.9477738738059998
0.9999999403953552
0.9389665126800537
0.5716227293014526
0.967646598815918
0.6634820699691772
0.9663890600204468
0.8969787955284119
0.9045891165733337
0.9651374816894531
0.9668305516242981
0.7655451893806458
0.9822283983230591
0.9842958450317383
0.9500059485435486
0.8424897193908691
0.9452815055847168
0.8053995966911316
0.8803325891494751
0.6368090510368347
0.9038097262382507
0.9162906408309937
0.9745559692382812
0.9920893907546997
0.7934644222259521
0.996738612651825
0.8575583696365356
0.9178722500801086
0.8475691676139832
0.6615767478942871
0.961596667766571
0.7665243148803711
0.9925000071525574
0.7768832445144653
0.8390214443206787
0.49202895164489746
0.5483308434486389
0.9260749816894531
0.9369977712631226
0.9989070892333984
0.9622968435287476
0.8382284045219421
0.960722029209137
0.8563438653945923
0.9970220923423767
0.9210069179534912
0.9575844407081604
0.7823091745376587
0.7215608358383179
0.9879179000854492
0.9421407580375671
0.9985485076904297
0.9770852327346802
0.966030478477478
0.8865896463394165
0.8046548962593079
0.9996439218521118
0.9126725196838379
0.8879647850990295
0.8489688634872437
0.8599712252616882
0.9453923106193542
0.9631382822990417
0.9229980111122131
0.9887018203735352
0.9504131078720093
0.9937687516212463
0.9212513566017151
0.9671629667282104
0.8182980418205261
0.9986006021499634
0.9268493056297302
0.9898977875709534
0.9872949123382568
0.9804187417030334
0.9411244988441467
0.9960692524909973
0.9775431752204895
0.9955735206604004
0.9950616359710693
0.6587897539138794
0.9935045838356018
0.9740987420082092
0.9889179468154907
0.8820343613624573
0.7417166233062744
0.9824532866477966
0.825701892375946
0.9756634831428528
0.7841816544532776
0.8867101669311523
0.8968634605407715
0.9800878167152405
0.8868067860603333
0.9879093766212463
0.9845770001411438
0.8761329054832458
0.8650780320167542
0.8214823007583618
0.939620852470398
0.9907617568969727
0.9045857191085815
0.9732153415679932
0.9763180613517761
0.8347675800323486
0.7830019593238831
0.8135133981704712
0.9833806753158569
0.9832187294960022
0.8853586316108704
0.8353948593139648
0.8594234585762024
0.8502414226531982
0.8025359511375427
0.9979071617126465
0.5573983192443848
0.986849844455719
0.9361907243728638
0.9790019989013672
0.9992110729217529
0.8967410326004028
0.9940609335899353
0.9456990957260132
0.8788508772850037
0.9441858530044556
0.9322288632392883
0.9812949299812317
0.7917686700820923
0.9901959896087646
0.9628241658210754
0.6674575805664062
0.9993235468864441
0.7825827598571777
0.714759111404419
0.8952139616012573
0.8587260842323303
0.8853818774223328
0.6847783327102661
0.9838429689407349
0.5931893587112427
0.839563250541687
0.8129965662956238
0.8343895673751831
0.9787993431091309
0.9735159873962402
0.8158069252967834
0.9998846650123596
0.8305176496505737
0.9479679465293884
0.9003797173500061
0.949514627456665
0.7373232841491699
0.8617703318595886
0.8381638526916504
0.799206018447876
0.9311168789863586
0.5321677923202515
0.7003655433654785
0.944335401058197
0.8756951093673706
0.9936488270759583
0.9555960893630981
0.891106903553009
0.8043875694274902
0.8662179708480835
0.8546882271766663
0.9200642108917236
0.8617841601371765
0.9799301624298096
0.7968026399612427
0.8467269539833069
0.9744722247123718
0.8638425469398499
0.8352630734443665
0.9365858435630798
0.976950466632843
0.966539740562439
0.9969983100891113
0.5246454477310181
0.8033514022827148
0.8548998832702637
0.874636173248291
0.8251874446868896
0.8447416424751282
0.9281061291694641
0.9876146912574768
0.9755730032920837
0.7876498103141785
0.9939185380935669
0.9814051389694214
0.8966707587242126
0.9183027744293213
0.9533357620239258
0.9070044755935669
0.9290090203285217
0.7969399690628052
0.9925104379653931
0.9713208675384521
0.9598358273506165
0.4799332022666931
0.8833025097846985
0.8946148157119751
0.9410868883132935
0.8206228017807007
0.8709807395935059
0.8384461402893066
0.7476029396057129
0.6024381518363953
0.8512719869613647
0.8748102188110352
0.7834051847457886
0.9888730049133301
0.8621198534965515
0.8370335698127747
0.7729929089546204
0.9821930527687073
0.6832216382026672
0.9839198589324951
0.9756001234054565
0.6804796457290649
0.989575982093811
0.6891288757324219
0.8000265955924988
0.704582154750824
0.8968990445137024
0.8649490475654602
0.9794948101043701
0.9386581778526306
0.9317368268966675
0.9486286044120789
0.8280242085456848
0.8774988651275635
0.9761093258857727
0.9907060265541077
0.8580971360206604
0.8895714282989502
0.9880229830741882
0.933855414390564
0.9699897170066833
0.9488705396652222
0.8760889172554016
0.993461549282074
0.8764060139656067
0.8676481246948242
0.9657882452011108
0.9650595784187317
0.9578972458839417
0.9992365837097168
0.9224905371665955
0.8502967953681946
0.9720986485481262
0.8428506851196289
0.8959131836891174
0.8348439931869507
0.995818018913269
0.9524932503700256
0.8759161233901978
0.7175356149673462
0.951469361782074
0.9167056679725647
0.8990959525108337
0.8550170660018921
0.933994710445404
0.8643641471862793
0.9707064628601074
0.8034898042678833
0.8081598877906799
0.9874586462974548
0.9116721749305725
0.869744598865509
0.911933422088623
0.9081031680107117
0.8506622910499573
0.8432324528694153
0.9097490906715393
0.9777184128761292
0.7316623330116272
0.824995756149292
0.8492604494094849
0.8658384680747986
0.7471762895584106
0.882072925567627
0.913449227809906
0.5938218235969543
0.9966822266578674
0.8034307956695557
0.8639031052589417
0.813957691192627
0.7842146158218384
0.7217927575111389
0.9367349147796631
0.41045525670051575
0.9804077744483948
0.8393024802207947
0.8059391975402832
0.8590103983879089
0.7959697842597961
0.847527265548706
0.8522422909736633
0.998151421546936
0.8119641542434692
0.8184484839439392
0.8579903244972229
0.8683928847312927
0.9227766394615173
0.9679388403892517
0.9545153975486755
0.836538553237915
0.8812459111213684
0.9007104635238647
0.8961926698684692
0.81523197889328
0.7765322923660278
0.3271302580833435
0.7369545698165894
0.9428374171257019
0.9952566623687744
0.9216297268867493
0.8817733526229858
0.6239913702011108
0.812920093536377
0.8987674117088318
0.7615429162979126
0.9211300611495972
0.8864338994026184
0.8249959349632263
0.9616642594337463
0.9323928952217102
0.9030284881591797
0.9460161924362183
0.8472523093223572
0.9013940095901489
0.9456169605255127
0.9999997615814209
0.96159428358078
0.8446625471115112
0.9010813236236572
0.9279643893241882
1.0
0.7390877604484558
0.8412718772888184
0.9299275279045105
0.9404787421226501
0.7594590783119202
0.8868175148963928
0.9303165078163147
0.7948580384254456
0.8499792218208313
0.8994499444961548
0.8197425007820129
0.5819554328918457
0.9746472239494324
0.8167620301246643
0.9467708468437195
0.8458611965179443
0.820677638053894
0.7305967211723328
0.9601085782051086
0.7199816703796387
0.8819500803947449
0.9524428844451904
0.4403134286403656
0.5508806109428406
0.9165484309196472
0.9563150405883789
0.9916332364082336
0.9064177870750427
0.6198136210441589
0.9811705946922302
0.9631732106208801
0.7807585597038269
0.964966356754303
0.9335727691650391
0.9530951380729675
0.9021671414375305
0.8976412415504456
0.9026830196380615
0.9266518354415894
0.7610360383987427
0.6671967506408691
0.85951828956604
0.8786121010780334
0.9354768395423889
0.8148464560508728
0.729736328125
0.9540181756019592
0.8011626601219177
0.8881626129150391
0.9026303887367249
0.7855467200279236
0.8149139285087585
0.7759604454040527
0.8831650018692017
0.9733268022537231
0.911283552646637
0.6825728416442871
0.894237220287323
0.8308258652687073
0.8967569470405579
0.9102902412414551
0.9638548493385315
0.9630388021469116
0.8834623098373413
0.44673335552215576
0.8617997765541077
0.9375635981559753
0.832499086856842
0.7671256065368652
0.7856590151786804
0.8607454895973206
0.8708033561706543
0.7622392177581787
0.9978112578392029
0.9929850101470947
0.9933485388755798
0.9619461894035339
0.9968330264091492
0.9843248128890991
0.9857220649719238
0.9949595928192139
0.9945651888847351
0.994440495967865
0.9930954575538635
0.9990711212158203
0.9666862487792969
1.0
0.9993351697921753
0.9872194528579712
0.9892867803573608
0.9590782523155212
0.9938364624977112
0.995326817035675
0.9969892501831055
0.9952656030654907
0.9457136392593384
0.989276111125946
0.9838594198226929
0.9999998807907104
0.9846925735473633
0.9870426654815674
0.9652543663978577
0.9592880010604858
0.9786527752876282
0.998549222946167
0.9958935379981995
0.9787097573280334
0.9365370273590088
0.9777658581733704
0.9593876004219055
0.9906832575798035
0.9982652068138123
0.9879013299942017
0.9950869679450989
0.9751296639442444
0.9811469912528992
1.0
0.9959157705307007
0.9918525218963623
0.9939900636672974
1.0
0.9627572894096375
0.9966968894004822
0.9907891750335693
0.9722167253494263
0.9974082112312317
0.9927597045898438
0.9853406548500061
0.9270063638687134
0.9966515898704529
0.9964341521263123
0.17261120676994324
0.941982626914978
0.9844539761543274
0.9860104918479919
0.9894399046897888
0.9925905466079712
0.9525197148323059
1.0
0.9927390217781067
0.9889249205589294
0.9959779381752014
0.9953522086143494
0.9978049993515015
0.9952029585838318
0.981886625289917
0.9990060329437256
0.9852827191352844
0.9949071407318115
0.9751116037368774
0.9504789113998413
0.9766876697540283
0.9689475297927856
0.9881688356399536
0.9908037781715393
0.9940625429153442
0.9749652743339539
0.9846662878990173
0.9821566939353943
0.9996776580810547
0.9961452484130859
0.9900746941566467
0.9831469655036926
0.9982652068138123
0.9900868535041809
0.8358460068702698
0.9681085348129272
0.9770079851150513
0.9943902492523193
1.0
0.993548572063446
0.9911174178123474
1.0
0.9946380853652954
0.9886006712913513
0.9955813884735107
0.9941966533660889
0.9567421674728394
1.0
1.0
0.9859378337860107
0.981437087059021
0.9943280220031738
0.9950252175331116
0.9708064794540405
0.9431416988372803
0.9902946949005127
0.9111793637275696
0.9976688623428345
0.9593669176101685
0.9769164323806763
0.9892188310623169
0.9604597091674805
0.9144346117973328
0.8069121837615967
0.9629692435264587
0.9593421816825867
0.9947708249092102
0.9944145679473877
0.9918577671051025
0.9747795462608337
0.9710057973861694
0.9363442063331604
0.9551439881324768
0.9852748513221741
0.9917210936546326
0.9708476066589355
0.9584007859230042
0.9962185025215149
0.987462043762207
0.9890587329864502
0.9912363290786743
0.9875116944313049
0.9951976537704468
0.99979567527771
0.9839210510253906
0.9912909269332886
0.9810122847557068
0.835850715637207
0.9995031952857971
0.9814435839653015
0.9913708567619324
0.9926489591598511
0.9808602929115295
0.9992071986198425
0.7577934861183167
0.9636256694793701
0.9990286827087402
0.9945123791694641
0.9773088693618774
0.9940138459205627
1.0
0.9922677874565125
0.9736192226409912
0.9943669438362122
0.9862673878669739
0.9830034971237183
0.9729050397872925
0.9605961441993713
0.975375235080719
0.9467554092407227
0.9929738640785217
0.9927276372909546
0.9959515333175659
0.940650999546051
0.7585827112197876
0.9973334670066833
0.9935493469238281
0.9998295307159424
0.9981322288513184
0.9482949376106262
0.9321281909942627
0.9851772785186768
0.9944116473197937
0.9969589710235596
0.8358498215675354
0.985961377620697
0.9954596757888794
0.9825449585914612
0.9485361576080322
0.9829890131950378
0.9871894121170044
0.9605807662010193
0.9786527752876282
0.9582369327545166
0.9939319491386414
0.9984261393547058
0.9921680688858032
0.9925370216369629
0.9722167253494263
0.9582586288452148
0.8897790908813477
0.9954012632369995
0.9917481541633606
0.92214035987854
0.9524030089378357
0.9425832629203796
0.984070897102356
1.0
0.940279483795166
0.9940938353538513
0.9914466738700867
0.9797636270523071
0.9977409243583679
0.9905557036399841
0.9562186002731323
0.9970932006835938
0.9753115773200989
0.9752811789512634
0.9999999403953552
0.9974312782287598
0.9657552242279053
0.9862643480300903
0.9935880303382874
0.9999688267707825
0.9967654943466187
0.9858406186103821
0.9634225368499756
0.9914391040802002
0.9944190979003906
0.9982649087905884
1.0
0.9998520016670227
0.8854806423187256
0.9753736853599548
0.9943119287490845
0.9673654437065125
0.9967875480651855
0.9468534588813782
0.9860349893569946
0.7557117342948914
0.9972242116928101
0.9880188703536987
0.9722167253494263
0.9971390962600708
0.9935880303382874
0.993611752986908
0.9904846549034119
0.9928535223007202
0.9863097071647644
0.9889126420021057
0.9965423345565796
0.9761183857917786
0.9991628527641296
0.9898569583892822
0.9974113702774048
0.9924769401550293
0.9924606680870056
0.9899937510490417
1.0
0.9856663346290588
0.9966824650764465
1.0
1.0
0.9938692450523376
0.9930303692817688
0.9970940351486206
0.987322986125946
0.9450117945671082
0.991802453994751
0.8932884931564331
0.9953937530517578
0.9972119331359863
0.9895289540290833
1.0
0.9714991450309753
0.9450093507766724
0.9593876004219055
0.9911399483680725
0.9820243120193481
0.9932160377502441
0.874779999256134
0.9910709261894226
1.0
0.9948208928108215
0.9816505908966064
0.9952386617660522
1.0
0.9980534911155701
0.9914108514785767
0.9876319766044617
0.9907928705215454
0.9830034971237183
0.9816321134567261
0.9996776580810547
0.9617059826850891
0.9836907982826233
0.986045241355896
0.9915609955787659
0.7585858702659607
0.9965223073959351
0.9927945733070374
0.986045241355896
0.9888340830802917
0.9377938508987427
0.9619337320327759
0.7967743873596191
0.9964199066162109
0.9837331771850586
0.9884848594665527
0.9443408846855164
0.9783098697662354
0.8076413869857788
1.0
0.9989415407180786
0.9785193204879761
0.9935172200202942
0.9655080437660217
0.9874196648597717
0.987065315246582
0.981340765953064
0.9885842800140381
0.9657034873962402
0.9483927488327026
0.9951629042625427
0.9614500999450684
0.9995188117027283
0.9764544367790222
0.9504789113998413
0.9942039847373962
0.9842907786369324
0.9955341219902039
0.9851061701774597
0.9929823279380798
0.9622406363487244
0.993145763874054
0.9866955280303955
0.9963548183441162
0.7505170702934265
0.9858039617538452
0.992682158946991
0.9917047619819641
0.9940500855445862
0.9865840673446655
0.9886529445648193
0.9945781230926514
0.9960014224052429
0.9939866662025452
0.993453860282898
0.9940107464790344
0.9977578520774841
0.9886179566383362
0.959991991519928
0.8847141265869141
0.9948379397392273
0.9833366274833679
0.979269802570343
0.9781445264816284
0.9941838979721069
0.9911680817604065
0.9924193620681763
0.9971390962600708
0.9949252009391785
0.9981322288513184
0.9912682175636292
0.9618952870368958
0.9853701591491699
0.9912779331207275
0.9876739382743835
0.9902092218399048
0.9749400615692139
0.9967754483222961
0.9490522742271423
0.9914120435714722
0.9844999313354492
0.9579929113388062
0.9657689332962036
0.9502006769180298
0.9972834587097168
0.9668304920196533
0.9880585074424744
0.9918696284294128
0.9929690361022949
0.9450099468231201
0.9655036330223083
0.9927981495857239
0.9937538504600525
0.9898689389228821
0.9570258259773254
1.0
0.9921829700469971
0.9885422587394714
0.9930837154388428
0.9575788974761963
0.9860469102859497
0.9859442710876465
0.9668313264846802
0.9847642183303833
0.9978257417678833
0.934537947177887
0.9485455751419067
0.9934098720550537
0.9468194246292114
0.9943946003913879
0.9865840673446655
0.9916156530380249
0.991916298866272
0.9915024638175964
0.9938709735870361
0.9366762638092041
0.9970968961715698
0.9925903677940369
0.9476057291030884
0.9707896113395691
0.9844583868980408
1.0
0.9918127655982971
0.9655080437660217
0.9978325366973877
0.9962120056152344
0.983773410320282
0.9575785994529724
0.9927981495857239
0.9366762638092041
0.9848706722259521
0.949711263179779
0.9844578504562378
0.9864097833633423
0.9756293892860413
0.9958229064941406
0.99327152967453
0.9746097922325134
0.9925905466079712
1.0
0.9699760675430298
0.989242672920227
0.9661864638328552
0.9915240406990051
0.9822223782539368
0.9884426593780518
0.9370908737182617
0.9848939180374146
0.9950926303863525
0.9714962244033813
0.9999688267707825
0.9774190187454224
0.9668304920196533
0.9535010457038879
0.9910661578178406
0.9950354099273682
0.9928350448608398
0.8385350108146667
0.9981322288513184
0.9824866652488708
0.997323215007782
0.9925456643104553
0.9876739382743835
0.9619461894035339
0.9992882013320923
0.9948313236236572
0.9907777309417725
0.9723129272460938
0.9722779393196106
0.9831088781356812
0.9853163361549377
0.838535487651825
0.9635297656059265
0.8358498215675354
0.9769592881202698
0.9915710687637329
0.9570684432983398
0.9889442920684814
0.9739792943000793
0.9931691288948059
0.9909751415252686
0.9256958961486816
0.9815562963485718
0.9854540228843689
0.9791357517242432
0.9929695725440979
0.9875990152359009
0.9914663434028625
0.9825789332389832
0.9987648129463196
0.9998016953468323
0.98451167345047
0.9369307160377502
0.972642183303833
0.981434166431427
0.9820827841758728
0.993145763874054
0.9800856709480286
0.9278971552848816
0.9954807758331299
0.9977574348449707
0.9869595170021057
0.9795691967010498
0.9910380840301514
0.9814406633377075
0.9855999946594238
0.9916027784347534
0.9856825470924377
0.9958472847938538
0.9776076078414917
0.9963085651397705
1.0
0.9811843037605286
0.9880974292755127
0.98387610912323
0.9933792352676392
0.9860417246818542
0.9942125082015991
0.9328522086143494
0.9753357768058777
0.9979206919670105
0.9774645566940308
0.9925597906112671
0.9850940108299255
0.9836627244949341
0.9904387593269348
0.9908692836761475
0.9775709509849548
0.9866958856582642
0.8329352736473083
0.9840002655982971
0.9759752154350281
0.9499161243438721
0.9858171343803406
0.8411866426467896
0.9685747027397156
0.9841583967208862
0.9918739199638367
0.9799340963363647
0.9896821975708008
0.9773116707801819
0.9932066798210144
0.9940072298049927
0.9551363587379456
0.9951832294464111
0.9951493740081787
0.9875448942184448
0.9918125867843628
0.9820960760116577
0.9990463256835938
0.7585858702659607
0.9712816476821899
0.9824532270431519
0.9775134921073914
0.8880410194396973
0.9927983283996582
0.9987601637840271
0.9848853349685669
0.9683287143707275
0.9504149556159973
0.9999648332595825
0.9883219599723816
0.9844582676887512
0.984046220779419
0.9987284541130066
0.9885842800140381
0.9966655373573303
0.9759752154350281
0.9948778748512268
0.9952266812324524
0.9782949686050415
0.951900064945221
0.9936608076095581
0.9909691214561462
0.9751894474029541
0.9691643714904785
0.9785217046737671
0.9931012392044067
0.983461320400238
0.9881688356399536
0.9806914925575256
0.9966655373573303
0.9927546977996826
0.9906091094017029
0.9879514575004578
0.9791363477706909
0.9906178116798401
0.8613999485969543
0.9898689389228821
0.9990706443786621
0.9877872467041016
0.9798346161842346
0.9932332634925842
0.9923462867736816
0.9838873147964478
1.0
0.986045241355896
0.996618926525116
0.9934954047203064
0.927875280380249
0.9890459775924683
0.9772994518280029
0.9949915409088135
0.9915410876274109
0.9634334444999695
0.9951493740081787
0.8853355050086975
1.0
0.9879990816116333
0.9701745510101318
0.9825449585914612
1.0
0.9937937259674072
0.9784305095672607
0.9926053285598755
0.9437502026557922
0.9907625317573547
0.9857321381568909
0.9970927834510803
0.9793500304222107
0.9917116165161133
0.9324804544448853
0.8832272887229919
1.0
0.9840061664581299
1.0
0.991908073425293
0.8358460068702698
0.9903247356414795
0.9967746138572693
0.9655755162239075
0.9964480996131897
0.9934276938438416
0.9696240425109863
1.0
0.9858392477035522
0.9910661578178406
0.9990057945251465
0.9889976382255554
0.9972878694534302
1.0
0.9816321134567261
0.9406600594520569
0.9985766410827637
0.9947386980056763
0.9953178763389587
0.9942627549171448
0.9818607568740845
0.9238123893737793
0.9990060329437256
0.977715253829956
0.9859163165092468
0.9589677453041077
0.9935880303382874
0.9977479577064514
0.9982652068138123
0.9851688742637634
0.9791357517242432
0.9945533275604248
0.9929707646369934
0.9260055422782898
0.997323215007782
0.9898783564567566
0.9309976100921631
0.9594449400901794
0.9921548366546631
0.9830094575881958
0.9854623675346375
0.991879940032959
0.9999765753746033
0.9393368363380432
0.9885320067405701
0.9950998425483704
0.9951305389404297
0.9823889136314392
0.9499343037605286
0.9935172200202942
0.9931100606918335
0.9694461226463318
0.996690034866333
0.9874966740608215
0.9862692356109619
0.987259566783905
0.9958639144897461
0.9307932257652283
0.9752027988433838
0.9691151976585388
0.9918479323387146
0.9977409243583679
1.0
0.9593421816825867
1.0
0.9867240190505981
0.9893795251846313
0.9781445264816284
0.9768941402435303
0.9945080876350403
0.9943119287490845
0.9721227884292603
0.8393746614456177
0.9816293120384216
0.9747714400291443
0.9708244800567627
0.986045241355896
0.9876739382743835
0.9955891966819763
0.9946272373199463
0.9527108669281006
0.9934178590774536
0.7544267177581787
1.0
0.9850486516952515
0.9886273741722107
0.9831095337867737
0.9885842800140381
0.9961324334144592
0.970816969871521
0.977288544178009
0.9898754954338074
1.0
0.9225655198097229
0.8516091704368591
0.9877736568450928
1.0
0.9966649413108826
0.9401558637619019
0.9990057945251465
0.9887354373931885
0.9898678660392761
0.9963804483413696
0.9648444056510925
0.9167346358299255
0.9859600067138672
1.0
0.9893569350242615
0.9358353614807129
0.9948168992996216
0.9899848699569702
0.9892297983169556
0.9869804382324219
0.9881948828697205
1.0
0.9925938844680786
0.9506828188896179
