0.9185513257980347
0.7108852863311768
0.9703864455223083
0.9667866230010986
0.8474782109260559
0.8495327234268188
0.9114025831222534
0.9781708717346191
0.992828905582428
0.9575105309486389
0.9626747369766235
0.9968013763427734
0.9802305698394775
0.9984762072563171
0.979778528213501
0.976000189781189
0.9624039530754089
0.9338083863258362
0.7907367944717407
0.9810841083526611
0.9739207029342651
0.8452382683753967
0.885278582572937
0.5796784162521362
0.6608995795249939
0.9902432560920715
0.940530002117157
0.8770190477371216
0.9828542470932007
0.9563465714454651
0.9339308738708496
0.963569164276123
0.9545170664787292
0.9590583443641663
0.9066522717475891
0.9316831231117249
0.8864909410476685
0.8121722340583801
0.7576649785041809
0.8506217002868652
0.8345919847488403
0.9636256098747253
0.9842708110809326
0.9627540707588196
0.6953448057174683
0.7521910071372986
0.9624944925308228
0.9213513135910034
0.9861958026885986
0.9592341780662537
0.9937214851379395
0.9938221573829651
0.9809228181838989
0.9444743990898132
0.8974906206130981
0.952538251876831
0.9215484857559204
0.904682457447052
0.9532409310340881
0.8779290914535522
0.9175610542297363
0.9251887202262878
0.9691950082778931
0.9761474132537842
0.8849968910217285
0.981988787651062
0.991272509098053
0.9860289692878723
0.9857443571090698
0.9331740736961365
0.9867374300956726
0.9177715182304382
0.9801944494247437
0.9094005823135376
0.9128811359405518
0.9305530786514282
0.946826159954071
0.7948206067085266
0.7099937200546265
0.9833343029022217
0.9899183511734009
0.9539095759391785
0.9727856516838074
0.9291481375694275
0.9814251661300659
0.7964825630187988
0.9662836194038391
0.9811273813247681
0.9465489983558655
0.9883564710617065
0.9647136926651001
0.9778493046760559
0.9341092109680176
0.9399014115333557
0.7454646825790405
0.9968516826629639
0.895918607711792
0.925857424736023
0.9236635565757751
0.994886040687561
0.6658269762992859
0.9022841453552246
0.6497918367385864
0.838891863822937
0.9391863942146301
0.9747650027275085
0.9619800448417664
0.9799137711524963
0.9818693995475769
0.9256703853607178
0.9941624402999878
0.9065995812416077
0.9617450833320618
0.7603414058685303
0.9609223008155823
0.9106871485710144
0.9973240494728088
0.9509615302085876
0.9286133646965027
0.8152319192886353
0.953055202960968
0.9615883827209473
0.8887869715690613
0.5566594004631042
0.9850654602050781
0.9285364151000977
0.9789901971817017
0.9010460376739502
0.707842230796814
0.9061275124549866
0.958435595035553
0.9573258757591248
0.9048874378204346
0.9815648794174194
0.9697564244270325
0.6777625679969788
0.9890933036804199
0.9274023175239563
0.9761736392974854
0.9898731112480164
0.9470890164375305
0.8743368983268738
0.9380976557731628
0.9681371450424194
0.8980193734169006
0.906803548336029
0.9289264678955078
0.8237825632095337
0.996993362903595
0.8308104276657104
0.9926711916923523
0.8932601809501648
0.9822625517845154
0.9982730746269226
0.9858478307723999
0.8596321940422058
0.7967880964279175
0.823340654373169
0.9558960199356079
0.7898871898651123
0.954281210899353
0.9390345215797424
0.9275617003440857
0.8441441655158997
0.8514370322227478
0.9896994233131409
0.8371214270591736
0.9619600772857666
0.9727224707603455
0.8848576545715332
0.8352488279342651
0.9621044993400574
0.9905561208724976
0.9146277904510498
0.954704761505127
0.9575222730636597
0.9042026996612549
0.9944494962692261
0.9034385681152344
0.8979997038841248
0.9883130192756653
0.9359170198440552
0.8057186603546143
0.9868525862693787
0.6281433701515198
0.9693360328674316
0.8649819493293762
0.7648460865020752
0.9738983511924744
0.8742318153381348
0.9419825673103333
0.38683629035949707
0.8626981973648071
0.9342572093009949
0.8575254082679749
0.9198012948036194
0.998071551322937
0.7774193286895752
0.9247134327888489
0.9193297624588013
0.9518899321556091
0.9993525743484497
0.93470698595047
0.8193026781082153
0.7773470878601074
0.4663178622722626
0.9785823822021484
0.9671626091003418
0.8439732789993286
0.9769598841667175
0.9756184816360474
0.7517969012260437
0.982193648815155
0.9631666541099548
0.7928498387336731
0.9788073897361755
0.9693794846534729
0.9866508841514587
0.9726203680038452
0.9589268565177917
0.9035528898239136
0.9816648364067078
0.9547329545021057
0.883892297744751
0.9536411762237549
0.7744090557098389
0.9202787280082703
0.9633955359458923
0.6750636100769043
0.8101997375488281
0.9268625974655151
0.9946242570877075
0.9761829376220703
0.8902719616889954
0.9873114824295044
0.6362422704696655
0.9246803522109985
0.9981683492660522
0.962510883808136
0.9956066012382507
0.9844306707382202
0.8826325535774231
0.9798371195793152
0.7784491181373596
0.9392805695533752
0.9625606536865234
0.9343683123588562
0.8513277173042297
0.9547185897827148
0.9905068874359131
0.9498688578605652
0.9557978510856628
0.9662753343582153
0.8095293045043945
0.983772873878479
0.9866621494293213
0.6374568939208984
0.8692954778671265
0.9817697405815125
0.766729474067688
0.8476567268371582
0.7379852533340454
0.9423407912254333
0.9607046246528625
0.9764671325683594
0.9734718799591064
0.976001501083374
0.9721407890319824
0.9153335094451904
0.9793397188186646
0.8257261514663696
0.9751662015914917
0.6529117226600647
0.9913879036903381
0.9968861937522888
0.9890251755714417
0.9201335906982422
0.8541302680969238
0.9111501574516296
0.9921041131019592
0.9741146564483643
0.9196332693099976
0.7096120119094849
0.8778595328330994
0.964553713798523
0.979406476020813
0.9171520471572876
0.993593156337738
0.9066824913024902
0.9776090979576111
0.917663037776947
0.5804612040519714
0.7791017889976501
0.8954170942306519
0.8082208633422852
0.9766737222671509
0.9842472672462463
0.9746303558349609
0.8777520060539246
0.9853143692016602
0.8276108503341675
0.9599128365516663
0.9432275295257568
0.8137279748916626
0.9460271596908569
0.9775553941726685
0.981083869934082
0.9845966100692749
0.9226248264312744
0.975126326084137
0.989274799823761
0.962110161781311
0.9282408952713013
0.9626192450523376
0.9633157849311829
0.9055150747299194
0.8085699677467346
0.9613523483276367
0.8872461915016174
0.9958112239837646
0.9645140171051025
0.7491495609283447
0.9819348454475403
0.9466339349746704
0.7967211604118347
0.6214229464530945
0.7095732092857361
0.93954998254776
0.957902729511261
0.9248152375221252
0.8976043462753296
0.9801363348960876
0.8787214756011963
0.9187324047088623
0.9879899024963379
0.943364679813385
0.622000515460968
0.9663094282150269
0.9926725625991821
0.8888165950775146
0.9822003245353699
0.88627690076828
0.9875384569168091
0.7578222751617432
0.9037184715270996
0.9208592772483826
0.6659979224205017
0.8064088821411133
0.7776190638542175
0.9848284125328064
0.9797329902648926
0.8870428800582886
0.9786937832832336
0.9225166440010071
0.903387188911438
0.9588188529014587
0.9964405298233032
0.9873945116996765
0.9874065518379211
0.9409942626953125
0.8700788021087646
0.9495683908462524
0.896072268486023
0.8930599093437195
0.8103415369987488
0.7816641330718994
0.8342479467391968
0.9893466234207153
0.9567775130271912
0.9666048288345337
0.9584678411483765
0.9669881463050842
0.8048057556152344
0.9933837652206421
0.8840450644493103
0.8490621447563171
0.9683524370193481
0.9808819890022278
0.9669709205627441
0.9635383486747742
0.8752694725990295
0.8438712954521179
0.9501079320907593
0.6215682029724121
0.9880426526069641
0.9536747336387634
0.9863879680633545
0.7522706985473633
1.0
0.9374651908874512
0.9469128251075745
0.957919180393219
0.948573648929596
0.8531110882759094
0.9001303315162659
0.84808748960495
0.9409977197647095
0.90081787109375
0.9891687631607056
0.9735625386238098
0.8288905620574951
0.883536159992218
0.9403302669525146
0.8811259865760803
0.8564414978027344
0.9824734926223755
0.9115900993347168
0.9484265446662903
0.9800865054130554
0.9202771782875061
0.9652339220046997
0.9648177623748779
0.9940788149833679
0.8838659524917603
0.7812742590904236
0.6370880603790283
0.9898055791854858
0.9993159174919128
0.6397939324378967
0.9888005256652832
0.9553833603858948
0.6213392615318298
0.8698007464408875
0.7775704860687256
0.973212718963623
0.9962994456291199
0.9274000525474548
0.8419118523597717
0.8869369029998779
0.8603168725967407
0.9891102313995361
0.9613595604896545
0.8393861651420593
0.9616478681564331
0.9711295962333679
0.982589602470398
0.9348862171173096
0.9868776798248291
0.8684367537498474
0.9602532982826233
0.9374721050262451
0.990313708782196
0.9969281554222107
0.8743150234222412
0.9216133952140808
0.7289115190505981
0.8177267909049988
0.5877540111541748
0.8729254007339478
0.8490067720413208
0.9969432950019836
0.9519941806793213
0.8480151891708374
0.9823415875434875
0.9769545793533325
0.850857138633728
0.9422299265861511
0.9288365244865417
0.8027740120887756
0.9939277172088623
0.9441912174224854
0.754798412322998
0.8263540267944336
0.9616934657096863
0.8689404129981995
0.8790146708488464
0.9005953073501587
0.9894803762435913
0.9941542148590088
0.9907209873199463
0.9873104691505432
0.947231650352478
0.7922087907791138
0.9195060729980469
0.8155022263526917
0.802087664604187
0.8952871561050415
0.7427536845207214
0.8482128977775574
0.7318231463432312
0.9668901562690735
0.9548927545547485
0.9754546284675598
0.9579511284828186
0.9837455749511719
0.9593471884727478
0.9934003353118896
0.9615663290023804
0.9730225801467896
0.9927021265029907
0.8653128743171692
0.9774733781814575
0.9318425059318542
0.9663527011871338
0.9622868895530701
0.9750460982322693
0.9767431020736694
0.972969114780426
0.6356714963912964
0.8802399039268494
0.9879544377326965
0.9067144989967346
0.8817575573921204
0.9743751287460327
0.919206440448761
0.9753771424293518
0.9871683716773987
0.8452379703521729
0.9254996180534363
0.9554755687713623
0.9112759828567505
0.975736141204834
0.8496071696281433
0.9698450565338135
0.9432790875434875
0.9481159448623657
0.796998918056488
0.7899661064147949
0.9515380263328552
0.9457371830940247
0.954240083694458
0.9309849143028259
0.8846883773803711
0.9030956029891968
0.9807649850845337
0.9568619132041931
0.6513584852218628
0.9285923838615417
0.9752428531646729
0.9019889235496521
0.6001087427139282
0.9333323240280151
0.9884710311889648
0.9112359881401062
0.9834487438201904
0.8875419497489929
0.8652516007423401
0.9356027841567993
0.9752016663551331
0.9891374707221985
0.9732927680015564
0.7653973698616028
0.7521910071372986
0.9805867075920105
0.8756960034370422
0.9700121283531189
0.8229429721832275
0.8098507523536682
0.8332864046096802
0.8005752563476562
0.9929651021957397
0.9857722520828247
0.9963926672935486
0.9373465180397034
0.9449974894523621
0.9365622997283936
0.951474666595459
0.9218904972076416
0.9290218949317932
0.9721421003341675
0.9890229105949402
0.9938502311706543
0.8365134596824646
0.7888652086257935
0.9897221922874451
0.9867291450500488
0.9744744300842285
0.9911938905715942
0.9680248498916626
0.9773133993148804
0.9309619069099426
0.9770545959472656
0.9668880701065063
0.9879595637321472
0.7732092142105103
0.9127711653709412
0.8994854688644409
0.973567008972168
0.9284075498580933
0.8986021876335144
0.7226734161376953
0.9343189597129822
0.6486807465553284
0.9639676809310913
0.9620377421379089
0.9580274820327759
0.9797508120536804
0.924801230430603
0.9286326766014099
0.9525322318077087
0.7043659687042236
0.8513464331626892
0.9756315350532532
0.9702395796775818
0.8131561875343323
0.6474088430404663
0.837827205657959
0.900066077709198
0.7163246273994446
0.968497097492218
0.6753186583518982
0.9034690856933594
0.862794041633606
0.9834770560264587
0.9789627194404602
0.9527808427810669
0.9550614356994629
0.9542760252952576
0.9709145426750183
0.9846406579017639
0.746630847454071
0.7741726040840149
0.9699082374572754
0.8260330557823181
0.9842115640640259
0.7472366690635681
0.985794723033905
0.9021521806716919
0.9355383515357971
0.72190922498703
0.9783036708831787
0.8458266258239746
0.8099983334541321
0.9601383805274963
0.8309851884841919
0.9803045988082886
0.9680631756782532
0.9523335695266724
0.9260786175727844
0.6790316104888916
0.8884902596473694
0.9191977977752686
0.9070135354995728
0.9801333546638489
0.9635664224624634
0.938635528087616
0.7274501323699951
0.9480005502700806
0.9696041345596313
0.9908503293991089
0.9303970336914062
0.7545148730278015
0.8474782109260559
0.5700148940086365
0.987642228603363
0.9662160873413086
0.9940028190612793
0.7578924894332886
0.9599966406822205
0.9887948632240295
0.9044461250305176
0.9848183989524841
0.9915898442268372
0.9452359676361084
0.7656863331794739
0.9571294188499451
0.9430958032608032
0.9861844778060913
0.9113953113555908
0.8344312906265259
0.7841098308563232
0.917669415473938
0.63104647397995
0.9463351368904114
0.812147319316864
0.9753828048706055
0.9156926274299622
0.8801944255828857
0.9894240498542786
0.95899498462677
0.9974695444107056
0.9766397476196289
0.8814878463745117
0.536651074886322
0.9469165802001953
0.9558368921279907
0.9814171195030212
0.949401319026947
0.9861887693405151
0.970600426197052
0.9038392305374146
0.9063611626625061
0.9681100845336914
0.9517842531204224
0.9574831128120422
0.8422946333885193
0.9614313840866089
0.9786019325256348
0.9249411225318909
0.8973687291145325
0.9348699450492859
0.6447942852973938
0.898408055305481
0.805072009563446
0.953212320804596
0.9007258415222168
0.9447453618049622
0.9578168392181396
0.9664413332939148
0.939111053943634
0.9717808961868286
0.9644509553909302
0.978517472743988
0.9774389863014221
0.9442161321640015
0.9299076795578003
0.8673813343048096
0.8764039874076843
0.7366500496864319
0.819332480430603
0.9633683562278748
0.562718391418457
0.8727733492851257
0.955186665058136
0.8606376051902771
0.9790947437286377
0.7539426684379578
0.9663990139961243
0.9871082305908203
0.8566545248031616
0.8325534462928772
0.9452783465385437
0.886684000492096
0.9608375430107117
0.9749775528907776
0.9765859842300415
0.877406120300293
0.976977527141571
0.9762387275695801
0.9623690247535706
0.983974814414978
0.9133880138397217
0.9746453762054443
0.5281400680541992
0.9277417659759521
0.9682857394218445
0.9826334714889526
0.693061113357544
0.9229111075401306
0.9752905964851379
0.9311681985855103
0.9744561314582825
0.9700866341590881
0.9508242607116699
0.9779022932052612
0.9690761566162109
0.9615376591682434
0.9596914649009705
0.9365257024765015
0.9763135313987732
0.9796621203422546
1.0
0.8056414723396301
0.9971200227737427
0.9469883441925049
0.9171823859214783
0.9288073778152466
0.8574663996696472
1.0
0.9761746525764465
1.0
0.7520570755004883
1.0
0.9834008812904358
0.9948252439498901
0.8447367548942566
1.0
0.9665226936340332
1.0
0.9563125371932983
0.9403702616691589
0.9528667330741882
0.9694212079048157
0.8791629076004028
1.0
0.9702468514442444
1.0
0.9905928373336792
1.0
0.783423662185669
0.8447367548942566
0.8042026162147522
0.952695906162262
0.8447367548942566
1.0
0.9868859052658081
0.8502612709999084
0.9315114617347717
1.0
1.0
1.0
0.7847838401794434
0.8294214606285095
0.9702468514442444
0.9702468514442444
0.9702468514442444
0.9762846231460571
0.9762846231460571
0.9702468514442444
0.9702468514442444
0.9729852676391602
0.911526083946228
0.9835373163223267
0.9952389597892761
1.0
0.8222813010215759
0.9733625054359436
0.8202768564224243
0.7887738347053528
0.9662938714027405
0.8978968262672424
0.9752431511878967
0.7832704186439514
1.0
0.8241620659828186
0.7951228022575378
0.9522817730903625
1.0
0.5187831521034241
0.9883368611335754
0.9013848304748535
0.9575619697570801
1.0
1.0
0.7427530288696289
0.8114420175552368
0.9689776301383972
0.9911152124404907
0.7909172177314758
0.9593715667724609
0.6487670540809631
0.721956729888916
0.9904874563217163
0.8448726534843445
0.9521217942237854
0.9881948232650757
0.8462765216827393
1.0
0.9718906879425049
0.9458679556846619
0.9861735701560974
0.8022711277008057
0.8486769199371338
0.9748718738555908
0.9870398044586182
0.935173749923706
0.9721060991287231
1.0
0.8493236899375916
0.6416639685630798
0.8137990832328796
0.9650497436523438
0.5853999853134155
0.9927637577056885
0.8266268372535706
0.6993030905723572
0.9631416201591492
0.9558427929878235
0.5467684864997864
0.6110926270484924
0.9055638909339905
0.9844074845314026
0.9723771214485168
0.9801027774810791
0.864594578742981
0.9730265140533447
1.0
1.0
0.9514980316162109
0.9824401140213013
0.9103939533233643
0.8943468332290649
0.8309252262115479
0.9212260246276855
0.9604922533035278
0.9323673248291016
0.9604922533035278
0.7582063674926758
0.8928510546684265
0.904303789138794
0.8428778648376465
0.8928510546684265
1.0
0.989402711391449
0.9507626891136169
0.925334095954895
0.9678097367286682
0.9702468514442444
0.7910542488098145
0.8374019265174866
0.8180414438247681
0.8446664214134216
0.9626975059509277
0.9855497479438782
0.9705892205238342
0.9838552474975586
0.9783468842506409
0.9856941103935242
0.8279985785484314
0.9783468842506409
0.9407262206077576
1.0
0.9329491853713989
0.5380464196205139
0.9500993490219116
0.856602668762207
1.0
1.0
0.9305326342582703
0.9302956461906433
0.9302956461906433
0.969262957572937
0.8205748200416565
0.9371363520622253
0.87769615650177
0.7781683802604675
0.8203130960464478
1.0
0.8451409339904785
0.8022922277450562
0.9547403454780579
0.9163910746574402
0.9415400624275208
0.935407817363739
0.9450307488441467
1.0
0.9832900166511536
0.9548277258872986
0.9811710715293884
0.8521624803543091
0.6905501484870911
0.8185443878173828
0.7480411529541016
0.9700833559036255
0.9434615969657898
0.7037292122840881
0.9468011260032654
0.9468011260032654
0.6419752240180969
0.9005125761032104
0.7058104872703552
0.8767737746238708
0.9450781941413879
0.930824339389801
0.9334675073623657
0.9649372696876526
0.6174207925796509
0.8818919658660889
0.9704855680465698
0.5601877570152283
0.8365576267242432
0.9144517779350281
0.9626478552818298
0.9917698502540588
1.0
0.9723208546638489
0.9748718738555908
0.9498951435089111
0.857605516910553
0.9342683553695679
0.9688337445259094
0.8399622440338135
0.8025145530700684
0.9526461362838745
1.0
0.8816083073616028
0.9643796682357788
0.928173303604126
0.7192250490188599
0.926647961139679
0.9886148571968079
0.9834882616996765
0.960145890712738
0.8133038282394409
0.8574663996696472
0.9868479371070862
0.994805634021759
0.9151166677474976
0.9267685413360596
0.9768520593643188
0.8757876753807068
0.9725260138511658
0.955535888671875
0.7406764626502991
0.8184006214141846
0.9684685468673706
0.95271235704422
0.952123761177063
0.9641994833946228
0.9105570316314697
0.8822214603424072
0.9735559225082397
0.8779846429824829
0.9187673926353455
0.9832838773727417
0.7998021245002747
0.6786356568336487
0.8131517767906189
0.8811953067779541
0.606083333492279
0.5598169565200806
0.8639246821403503
0.958229124546051
0.6648148894309998
0.9696147441864014
0.9650911092758179
0.883952260017395
0.6775934100151062
0.8900197744369507
0.9868859052658081
0.921268880367279
0.7040672898292542
0.9620617032051086
0.8828558921813965
0.7223452925682068
0.4417220652103424
0.7256028652191162
0.5856698155403137
0.9238423109054565
0.9539082050323486
0.9693841934204102
0.9747357964515686
0.9101797938346863
0.9326618313789368
0.8447367548942566
0.8923323154449463
0.8191914558410645
0.8063843846321106
0.8446123600006104
0.9926427602767944
0.8927081227302551
0.958797812461853
0.9707497954368591
0.7193222641944885
0.9009243249893188
0.936129093170166
0.9835990071296692
0.7703953385353088
0.7073389291763306
0.8862263560295105
0.9586712718009949
0.9451313614845276
0.43736371397972107
0.9181327819824219
0.9195931553840637
0.967036247253418
0.5791558623313904
0.9323599338531494
0.8324121832847595
0.6587857007980347
0.8414453268051147
0.8196045756340027
0.9766443371772766
0.9337702393531799
0.8483911752700806
0.7950506210327148
0.9077885150909424
0.8982235193252563
0.8210122585296631
0.9203588366508484
0.7606409192085266
0.9081879258155823
0.5199289321899414
0.7673571109771729
0.8487755656242371
0.890801191329956
0.9518480896949768
0.6528849005699158
0.9494348764419556
0.9702468514442444
0.7606409192085266
0.8854432702064514
0.8871678113937378
0.9271689057350159
0.7469648718833923
0.5335952639579773
0.5335952639579773
0.6625036001205444
0.8727400898933411
0.6990264058113098
0.7024819850921631
0.7823882699012756
0.9595379829406738
0.9448306560516357
0.9596397876739502
0.9601368308067322
0.7554569244384766
0.9084438681602478
0.9335236549377441
0.7765318751335144
0.7826552987098694
0.8018036484718323
0.7888088226318359
0.9164371490478516
0.9227085113525391
0.9452372193336487
0.9902340769767761
0.844102680683136
0.8608692288398743
0.8535811901092529
0.7804906964302063
0.9571278095245361
0.9249902367591858
0.7949854731559753
0.6896291375160217
0.9262787103652954
0.7427964210510254
0.9312975406646729
0.7347720861434937
0.7381541132926941
0.5268844962120056
0.8553771376609802
0.9783468842506409
0.9477359056472778
0.7832990884780884
0.6655689477920532
0.4856662452220917
0.7441254258155823
0.6194654107093811
0.8446664214134216
0.731026291847229
0.6493647694587708
0.3971189558506012
0.48569998145103455
0.7957562804222107
0.8568822741508484
0.9700833559036255
0.8973660469055176
0.7972964644432068
0.8042283058166504
0.8019601106643677
0.8742204308509827
0.6288760304450989
0.929676353931427
0.6389120221138
0.8665689826011658
0.9665580987930298
0.9424883127212524
0.8436230421066284
0.958622932434082
0.894670307636261
0.6685208678245544
0.6822248101234436
0.9792382121086121
0.5772050023078918
0.3611615002155304
0.9381893277168274
0.9415232539176941
0.9514525532722473
0.9094948768615723
0.8621667623519897
0.7980025410652161
0.9488598704338074
0.9465128779411316
0.7666343450546265
0.7482572197914124
0.37943899631500244
0.9647994637489319
0.8639956116676331
0.9611252546310425
0.9764031171798706
0.8589782118797302
0.7814101576805115
0.9681693911552429
0.7248972654342651
0.9546601176261902
0.8535779118537903
0.8473890423774719
0.9858372807502747
0.8264456987380981
0.795009195804596
0.8802046179771423
0.7470347881317139
0.8344997763633728
0.4679425060749054
0.5316669940948486
0.8834069967269897
0.6174291372299194
0.554658055305481
0.9382593631744385
0.9487954378128052
0.9251127243041992
0.970505952835083
0.6695600748062134
0.9428461194038391
0.5457859039306641
0.9309864044189453
0.9802125096321106
0.965146541595459
0.9633873701095581
0.9744731783866882
0.7866307497024536
0.8482627272605896
0.8495162129402161
0.9553250074386597
0.9186303019523621
0.9013757109642029
0.5333247780799866
0.6973162889480591
0.7961030602455139
0.6908267140388489
0.8019749522209167
0.5532486438751221
0.8835219144821167
0.8766237497329712
0.9566556215286255
0.9776874780654907
0.9332643151283264
0.9614859819412231
0.7245680689811707
0.9015282988548279
0.953393280506134
0.9266484379768372
0.7732145190238953
0.9164852499961853
0.9464879631996155
0.9191958904266357
0.7788679599761963
0.8194172978401184
0.7896193861961365
0.7825807332992554
0.7568075656890869
0.43694746494293213
0.7447465062141418
0.8773618340492249
0.9446850419044495
0.6653852462768555
0.8587852716445923
0.6724069714546204
0.5830646753311157
0.6768539547920227
0.9641044735908508
0.599664568901062
0.762444257736206
0.8697891235351562
0.9602057337760925
0.830964207649231
0.9648193717002869
0.7813641428947449
0.8517594337463379
0.8686574697494507
0.5991710424423218
0.9389877915382385
0.5183084607124329
0.27071771025657654
0.6715309619903564
0.8162451982498169
0.9575454592704773
0.9143972396850586
0.8638744950294495
0.8160009384155273
0.7257485389709473
0.959129273891449
0.888399064540863
0.9570791125297546
0.5612196326255798
0.9169459342956543
0.8293940424919128
0.840587317943573
0.9097651243209839
0.5349734425544739
0.4809742867946625
0.9130199551582336
0.6673536896705627
0.7335919141769409
0.8012474179267883
0.9009624123573303
0.7775828838348389
0.895590603351593
0.384894996881485
0.5253920555114746
0.28298696875572205
0.6905078887939453
0.5291798710823059
0.8900009393692017
0.5689733624458313
0.891093373298645
0.7796268463134766
0.7329128384590149
0.9711748957633972
0.9063035845756531
0.5460769534111023
0.7692281007766724
0.8509645462036133
0.9261441230773926
0.5052834153175354
0.5989366173744202
0.8233750462532043
0.857593297958374
0.861038088798523
0.8418528437614441
0.7160704135894775
0.7521710991859436
0.4037441313266754
0.8713849186897278
0.7131909728050232
0.5146268606185913
0.7230075597763062
0.9509879350662231
0.7356712818145752
0.6847391724586487
0.8664894700050354
0.8611717820167542
0.5998769998550415
0.6927628517150879
0.749709963798523
0.6213892102241516
0.8448670506477356
0.7840125560760498
0.6512358784675598
0.7973189949989319
0.9205732941627502
0.36253345012664795
0.42579954862594604
0.5030879378318787
0.9659208059310913
0.7838919758796692
0.9059950709342957
0.7651326656341553
0.5965049862861633
0.9655367136001587
0.7441638708114624
0.9241939783096313
0.8192315101623535
0.8862263560295105
0.5867418646812439
0.8763619065284729
0.9440231919288635
0.9939337372779846
0.8400730490684509
0.8735315799713135
0.5456597208976746
0.9408916234970093
0.816411018371582
0.955521821975708
0.8396900296211243
0.7641848921775818
0.8550530076026917
0.6444826126098633
0.7361710667610168
0.5824151039123535
0.7554709315299988
0.9352613091468811
0.5345264673233032
0.5138962268829346
0.7720616459846497
0.7136958837509155
0.9303802847862244
0.9073427319526672
0.809878408908844
0.387411892414093
0.6816707253456116
0.8865708112716675
0.7068850994110107
0.9264692068099976
0.6842326521873474
0.606611430644989
0.7049674987792969
0.6421940922737122
0.4691964089870453
0.7492957711219788
0.9699625372886658
0.8581721186637878
0.48038098216056824
0.8538203239440918
0.6054630279541016
0.9345442652702332
0.6264285445213318
0.8449164628982544
0.916145384311676
0.6118587851524353
0.9918765425682068
0.6769813895225525
0.8301529884338379
0.3588516116142273
0.6416347622871399
0.7186729907989502
0.9475946426391602
0.5665353536605835
0.7658515572547913
0.7595623135566711
0.4531610906124115
0.8624142408370972
0.8621945977210999
0.6491872668266296
0.7327895760536194
0.8415750861167908
0.7152947783470154
0.8509483337402344
0.7319388389587402
0.8874700665473938
0.9690983295440674
0.9077319502830505
0.9505698680877686
0.8885956406593323
0.8660639524459839
0.7016575336456299
0.6853094100952148
0.7371663451194763
0.6857126355171204
0.5919318199157715
0.908353865146637
0.28261879086494446
0.5936663150787354
0.9212801456451416
0.9364665150642395
0.6651217341423035
0.9125756025314331
0.7767621278762817
0.6671539545059204
0.953917920589447
0.7573785185813904
0.7881733179092407
0.9621476531028748
0.9272624850273132
0.9240955114364624
0.8393141031265259
0.7180858254432678
0.7991713881492615
0.9471684694290161
0.6251922249794006
0.8639926910400391
0.7920339703559875
0.9378787279129028
0.7800517678260803
1.0
0.8160396814346313
0.9074311256408691
0.9555853605270386
0.9652854204177856
0.6962534785270691
0.708983838558197
0.8728672862052917
0.5680654048919678
0.21012651920318604
0.8015189170837402
0.5776994824409485
0.6150421500205994
0.8636767864227295
0.6673699617385864
0.7465271353721619
0.7491545677185059
0.8927587866783142
0.7771990895271301
0.7232107520103455
0.8192026615142822
0.8083651661872864
0.9739360213279724
0.7307040095329285
0.6439221501350403
0.7339585423469543
0.7748222351074219
0.8367885947227478
0.5285763740539551
0.12156669795513153
0.8565777540206909
0.971434473991394
0.7616192698478699
0.9467647671699524
0.5829628705978394
0.9658336639404297
0.49251413345336914
0.7993033528327942
0.6390575170516968
0.7662819027900696
0.7845830917358398
0.7279326915740967
0.539456844329834
0.8413244485855103
0.9252296686172485
0.6962401270866394
0.7067489624023438
0.6902573108673096
0.6727496385574341
0.780667781829834
0.6723942756652832
0.7994709610939026
0.6890588402748108
0.8599880337715149
0.7663537859916687
0.9388570189476013
0.8794360160827637
0.3159438967704773
0.6789239645004272
0.7572535872459412
0.7034026980400085
0.7535487413406372
0.8681536316871643
0.9743248224258423
0.9442980885505676
0.8038811683654785
0.768196702003479
0.6577000617980957
0.719537079334259
0.8293347954750061
0.33080968260765076
0.8288690447807312
0.4759463965892792
0.8524764776229858
0.7885923385620117
0.9285100698471069
0.9301262497901917
0.9819791913032532
0.9985148310661316
0.9884156584739685
0.9825682640075684
0.9390898942947388
0.8571129441261292
0.790030837059021
0.9977625012397766
0.7939703464508057
0.8619614243507385
1.0
0.8963473439216614
0.9171852469444275
0.9922795295715332
0.8354848623275757
0.9938369989395142
0.9580251574516296
0.7346458435058594
0.9347180724143982
0.7695066928863525
0.9944761395454407
0.9108642935752869
0.8748191595077515
0.916272759437561
0.8506696820259094
0.9134697914123535
0.9396286010742188
0.7469033002853394
0.9860770106315613
0.8556172251701355
0.9241195321083069
0.8235651254653931
0.941155731678009
0.8590489625930786
0.8322440981864929
0.9978275299072266
0.9301712512969971
0.966877818107605
0.9742680788040161
0.975532591342926
1.0
0.9253534078598022
0.868803083896637
0.9612982273101807
1.0
0.8709796667098999
0.9973219633102417
0.9048628211021423
0.9776350855827332
0.8258064389228821
0.9589179754257202
0.943637490272522
0.7523331046104431
0.9955978989601135
0.920672595500946
0.9497894048690796
0.8267836570739746
0.9250444173812866
0.9225729703903198
0.9871127605438232
0.8928388357162476
0.7094506025314331
1.0
0.9496287703514099
0.9608898758888245
0.9030288457870483
0.8538671135902405
0.8871914744377136
0.8338217735290527
0.9184980988502502
0.9810987710952759
0.9224239587783813
0.8573081493377686
0.9511831402778625
0.9087124466896057
0.9192319512367249
0.8076618909835815
0.9968980550765991
0.8516458868980408
0.8539060354232788
0.9200428128242493
0.9242186546325684
0.9867597818374634
0.9703797698020935
0.8796820044517517
0.957793116569519
0.9810308814048767
0.9978275299072266
0.899593710899353
0.9623394012451172
0.6319748759269714
0.9835516810417175
0.872942328453064
1.0
0.9753032326698303
0.9441325664520264
1.0
0.7563204765319824
0.9119486808776855
0.8983449935913086
0.9067240357398987
0.9831772446632385
0.9708008170127869
1.0
0.9544447064399719
0.8610129952430725
0.9675750732421875
0.9488733410835266
0.850587785243988
0.9824123978614807
0.9671381711959839
0.8737175464630127
0.9946138858795166
0.8849270939826965
0.9355672597885132
0.948485255241394
0.9827775359153748
0.7380963563919067
0.6461661458015442
0.8714375495910645
0.9682604670524597
0.821431577205658
0.9374050498008728
0.8469210267066956
0.9034186601638794
0.9518464207649231
0.935878574848175
0.9469639658927917
0.9688109755516052
0.9238613247871399
0.86981201171875
0.9469480514526367
0.8989318013191223
0.921044111251831
0.7317523956298828
0.9441414475440979
0.7539089918136597
0.9144995808601379
0.9737715721130371
0.858919620513916
0.9842038154602051
0.9411265254020691
0.967983603477478
0.9691396355628967
0.8905933499336243
0.9973828196525574
0.9911079406738281
0.8570488095283508
0.8881604671478271
0.6053887009620667
0.801181972026825
0.9981328248977661
0.9796968102455139
0.8279121518135071
0.7877286672592163
1.0
0.9332349300384521
0.969095766544342
0.9148153066635132
0.979523241519928
0.9996209144592285
0.9445288777351379
0.7678736448287964
0.9405124187469482
0.9409672617912292
0.9456585645675659
0.9488076567649841
0.9187949895858765
0.9390777945518494
0.6019916534423828
0.9928285479545593
0.9412556290626526
0.9913724660873413
0.873857319355011
0.8254849910736084
0.7623122334480286
0.8959446549415588
0.9830551147460938
0.9525794386863708
0.9857863187789917
0.8430982828140259
0.9810973405838013
0.9719310402870178
0.8307080864906311
0.9261237382888794
0.9879938960075378
0.8695082664489746
0.7469033002853394
0.8165470361709595
0.8537050485610962
0.9427845478057861
0.8435316681861877
0.896767258644104
0.9776350855827332
0.9775806665420532
0.9706015586853027
0.9951369166374207
0.9709940552711487
0.9832714796066284
0.7746437191963196
0.4757775068283081
0.8875817656517029
1.0
0.9156086444854736
0.9811941385269165
0.9858226776123047
0.9479253888130188
0.7931984066963196
0.9748057723045349
0.9960148334503174
0.9652752876281738
0.9778090119361877
0.9889323115348816
0.971434473991394
0.9800510406494141
0.8574579358100891
0.9894998073577881
0.9254425168037415
0.9675543308258057
0.9921576976776123
0.9520286321640015
0.8723539710044861
0.9860870838165283
0.9471132755279541
0.94038325548172
1.0
0.958992063999176
0.8736310005187988
0.8636749982833862
0.996334969997406
0.9359654784202576
0.9948447346687317
0.9834492802619934
0.9580631256103516
0.593912661075592
0.9660684466362
0.9031398296356201
0.9776350855827332
0.9805518984794617
0.9254425168037415
0.9862022399902344
0.9557741284370422
0.8602951169013977
0.9161074757575989
0.8433440327644348
0.9398543238639832
0.9065871238708496
0.9797782897949219
0.7255599498748779
0.9878519773483276
0.9911319613456726
0.9950728416442871
0.9851221442222595
1.0
0.9680247902870178
0.9957235455513
1.0
1.0
0.7614661455154419
0.9017886519432068
0.8920409083366394
0.9656774997711182
0.9743165969848633
0.9187004566192627
0.9559624791145325
0.996292233467102
0.9462186694145203
0.8905113339424133
1.0
0.8147370219230652
0.9653707146644592
0.8590489625930786
0.9413245320320129
0.9289730191230774
0.7427630424499512
0.9489691257476807
0.98464035987854
1.0
0.9586080312728882
0.9864471554756165
0.6988229751586914
1.0
0.9073382019996643
0.9945760369300842
0.9710808396339417
0.9583902955055237
0.9996209144592285
0.8883028030395508
0.9703797698020935
0.8668895959854126
0.874164342880249
0.967243492603302
0.9084610342979431
0.5973157286643982
0.9967639446258545
0.8548561930656433
0.967243492603302
0.9412669539451599
0.9300181269645691
0.7707566618919373
0.9047448039054871
0.8478074669837952
0.8932657837867737
0.8099572062492371
0.8582934141159058
0.9607259035110474
0.9498173594474792
1.0
0.847611129283905
0.9668338894844055
0.9679417610168457
0.939752995967865
0.9952117204666138
0.8786541223526001
0.7949416041374207
0.9857774376869202
0.773483157157898
0.9292466044425964
0.9081849455833435
0.9487605690956116
0.9779676795005798
0.8585658073425293
0.9087124466896057
0.7319663763046265
0.9490661025047302
0.930751621723175
0.8469998240470886
0.9161853194236755
0.920997142791748
0.8360369205474854
0.9028225541114807
0.9850985407829285
0.6116107106208801
0.8446353673934937
0.9950273633003235
0.9533617496490479
0.9515731930732727
0.8502935767173767
0.9763398766517639
0.8868256211280823
0.8981801867485046
0.9110222458839417
0.9610469937324524
0.9662036299705505
0.8985961675643921
0.932826042175293
0.8198286294937134
0.870472252368927
0.8584145307540894
0.9248379468917847
0.9473106265068054
0.9526231288909912
0.9352686405181885
0.7411500215530396
0.9555312991142273
0.9805518984794617
0.8457961678504944
0.873857319355011
0.9042819738388062
0.9138617515563965
0.8911968469619751
0.9841557741165161
0.8456373810768127
0.9903709292411804
0.9890642166137695
0.9967937469482422
0.7399498224258423
0.9879835247993469
0.9947291016578674
0.9492608308792114
0.8898499608039856
0.8381558656692505
0.9853134751319885
0.9690592288970947
0.943024218082428
0.9873824715614319
0.966647744178772
0.9587953686714172
0.9197970032691956
0.9490540623664856
0.9286137223243713
0.7744272947311401
0.8149288892745972
1.0
0.8224460482597351
0.6209455728530884
0.9474203586578369
0.8824548125267029
0.9507109522819519
0.955071210861206
0.9262328147888184
0.8688427209854126
0.9954408407211304
0.97218257188797
0.9826101660728455
0.9516215920448303
0.9078019261360168
0.9413963556289673
0.8502935767173767
0.8736626505851746
0.9466145634651184
0.7629134654998779
0.9542329907417297
0.9506822824478149
0.8117284774780273
0.9549259543418884
0.9818328619003296
0.8415324687957764
0.9234421849250793
1.0
0.9801141023635864
0.939752995967865
0.9734346270561218
0.9943705201148987
0.9264464378356934
0.7935156226158142
0.9490540623664856
0.9506822824478149
0.8518663048744202
0.9259002208709717
0.9443470239639282
0.9834551215171814
0.8315038084983826
0.9935814738273621
0.9447850584983826
0.9806550741195679
0.8928388357162476
1.0
0.9185024499893188
0.9897384643554688
0.7765672206878662
0.9781696796417236
0.9347164034843445
0.9521810412406921
0.8924853801727295
0.9163733720779419
0.9927785992622375
0.9850677251815796
0.9675543308258057
0.9807047843933105
0.9690592288970947
0.8110253214836121
0.9849552512168884
0.932915985584259
0.9823282361030579
0.8442144393920898
0.873857319355011
0.9988657236099243
0.9850621223449707
0.9414059519767761
0.8456373810768127
0.9819791913032532
0.9615113735198975
0.7979830503463745
0.9801914691925049
0.987785279750824
0.8228191137313843
0.954571008682251
0.8873996734619141
0.8227789998054504
0.7692583203315735
0.9857863187789917
0.9536324143409729
0.9483461976051331
0.766476035118103
0.9400011301040649
0.9788001775741577
0.8098476529121399
0.9403398633003235
0.7572234272956848
0.8832201361656189
0.7492097616195679
0.957678496837616
0.9638503789901733
0.8318588733673096
0.9937949776649475
0.9803587198257446
0.9473087787628174
0.9814626574516296
0.9938216805458069
0.9394232034683228
0.9854956269264221
0.82623690366745
0.9680657982826233
0.8360369205474854
0.9902054071426392
0.7984124422073364
0.979161262512207
0.9840940833091736
0.9641395211219788
0.9619238376617432
0.9479219317436218
0.8981329798698425
0.9392534494400024
0.932244062423706
0.9287149906158447
0.8852607607841492
0.9650031328201294
0.8931449055671692
1.0
0.9404846429824829
0.9436942338943481
0.9221917986869812
0.9585248827934265
0.9652984142303467
0.9390811324119568
0.8990903496742249
0.9481776356697083
0.954528272151947
0.9400277733802795
0.9806296825408936
0.8832619786262512
0.9571428298950195
0.8836554288864136
0.7585946917533875
0.9229370951652527
0.8144654631614685
0.9686670899391174
0.9370474219322205
0.9730353951454163
0.9622007012367249
0.9355641007423401
0.8406675457954407
0.9145075678825378
0.980290949344635
0.9227325916290283
0.8566073179244995
0.9330451488494873
0.9616172909736633
0.9972043037414551
0.9611952304840088
0.9658953547477722
0.9366474151611328
0.9769178628921509
0.8408510684967041
0.9411324858665466
0.8632708191871643
0.9282646179199219
0.5973157286643982
0.777302086353302
0.8352883458137512
0.9232182502746582
0.9582383036613464
0.9642622470855713
0.980804443359375
0.8496715426445007
0.9882432222366333
0.8683423399925232
0.9822068214416504
0.9207854270935059
0.9599399566650391
0.9441367983818054
0.9130870699882507
0.9857774376869202
0.9861202836036682
0.9730353951454163
0.9633070826530457
0.874312162399292
0.9897178411483765
0.8505957722663879
0.9389690160751343
0.9680707454681396
0.8328810930252075
0.9664387106895447
0.8412883877754211
0.9891597628593445
0.8873471021652222
0.9968980550765991
0.978773832321167
0.9861202836036682
0.8945692181587219
0.8455248475074768
0.9685325622558594
0.8839619159698486
0.988508403301239
0.9669235944747925
0.7744272947311401
0.9993188977241516
0.7844566106796265
0.90260910987854
0.9022849798202515
0.8511704802513123
0.8519213795661926
1.0
0.967243492603302
0.8216827511787415
0.9505130052566528
0.8181902170181274
0.9868567585945129
0.8990685343742371
0.8793836236000061
0.9925609230995178
0.9830347299575806
0.9769178628921509
0.8697357773780823
0.9798253178596497
0.9569832682609558
0.9458218216896057
0.9719310402870178
1.0
0.9943650960922241
0.7952714562416077
0.9060518741607666
0.8371366858482361
0.919847846031189
0.958071768283844
0.9483622908592224
0.8279796838760376
0.8748397827148438
0.8350621461868286
0.8667032718658447
1.0
0.8492329120635986
1.0
0.9515222311019897
0.9623394012451172
0.7951196432113647
0.801909327507019
0.9127206206321716
0.9900298714637756
0.9833976030349731
0.8667019009590149
1.0
0.9787619709968567
0.9849552512168884
0.9846330881118774
0.856622040271759
0.9654789566993713
1.0
0.8883028030395508
0.9802538156509399
0.845149576663971
0.992598295211792
0.9500969052314758
0.9943934679031372
0.9853246808052063
0.6722257733345032
0.9810987710952759
0.939037561416626
0.8670626282691956
0.8345563411712646
0.9254425168037415
0.8608778715133667
0.9498082399368286
0.8864911198616028
0.957678496837616
0.9794309735298157
0.9688671827316284
0.7816308736801147
0.9850621223449707
0.9116712212562561
0.8971437215805054
0.7756202220916748
0.9200164675712585
0.891301691532135
0.9576932787895203
0.9205477833747864
0.9942424893379211
0.91016685962677
0.8645509481430054
0.8790225386619568
0.9416130185127258
0.8738505244255066
0.8290947079658508
0.9679417610168457
0.9336403608322144
0.8035265803337097
0.9946382641792297
0.9542540907859802
0.9562405347824097
0.8363837003707886
0.9007439613342285
0.8549827337265015
0.9204167723655701
0.951870322227478
0.7651772499084473
0.7931984066963196
1.0
0.9676355123519897
1.0
0.9382707476615906
0.780792236328125
0.9526231288909912
0.9825502038002014
0.9894625544548035
0.996334969997406
0.9915048480033875
0.955234169960022
0.9080516695976257
0.8010694980621338
0.9563525319099426
0.967243492603302
0.8456373810768127
0.913955569267273
0.9478534460067749
0.7563374042510986
0.9421084523200989
0.6062914729118347
1.0
0.9808345437049866
0.9302095174789429
0.9717115163803101
0.9857774376869202
0.9485893845558167
0.9508187174797058
0.9022126197814941
0.995819091796875
1.0
0.9460657835006714
0.9498511552810669
0.8245477676391602
1.0
0.995610773563385
0.9303454756736755
0.9846330881118774
0.9643191695213318
0.6662006378173828
0.9943243265151978
0.7909430861473083
0.9431573748588562
0.9860159158706665
1.0
0.9768193960189819
0.9382727146148682
0.9821435213088989
0.9219632744789124
0.9956417679786682
0.9786900877952576
0.942536473274231
1.0
0.9415299296379089
0.968418538570404
