0.6271563603940915
0.6288911651668616
0.6202354187744603
0.7072939742936226
0.6040277889293835
0.41689542867307045
0.52674999486312
0.7457568659094169
0.7358760198613766
0.5527488093704219
0.6560554209247036
0.8508532670551352
0.9136481572393169
0.7549428579012214
0.6800286741991022
0.7222319231291681
0.5908870971031406
0.6103183092738651
0.5835717499063499
0.8074189003058945
0.6378041377981387
0.5308774475640197
0.5331859942513489
0.5310623678623898
0.6432887347240189
0.7343607930687556
0.6092317136853895
0.5652070276958785
0.8997245555233855
0.5981102552263674
0.7702001388295195
0.6133496012037504
0.6195787993629295
0.8905354785514752
0.7590988371183347
0.5332689358279087
0.5095175617129697
0.5262959559980411
0.6171910687761051
0.5213527388600981
0.626853483114584
0.5773959410661745
0.6226801262669519
0.6971273231518162
0.7212295259759941
0.6622232750715358
0.7601828851891422
0.5863897010962678
0.7834045526109301
0.782333600024918
0.7934955271295293
0.9748307336944438
0.7294186147458472
0.5550980420518913
0.5883597754951972
0.5719062830940163
0.6128668008609293
0.5516050913035753
0.6476016784106386
0.6017142410974311
0.7312583826227973
0.674793850401896
0.7918113305433407
0.46674395381592626
0.5210943027972856
0.8719133411269455
0.796864508047634
0.8231221492503207
0.7431124498384237
0.7223784773143984
0.8411900215694808
0.49703081895343176
0.507724028138084
0.6137742904660642
0.5760594001784801
0.6667732823037275
0.7518473458981546
0.5635568323394526
0.7054712513176848
0.6988279229422902
0.8309619870766518
0.6637382459706247
0.569116849588558
0.5030438857472829
0.805875690119226
0.6047835313013723
0.8038067832342316
0.6078595302693681
0.7505112961424314
0.5899638336164243
0.8204260520399336
0.6885311735361123
0.7198104940542345
0.7779113035470192
0.5956942139885351
0.5672679298406984
0.46616052414620013
0.4517320286111246
0.7220200444614427
0.8253034923055026
0.5830888341503557
0.6271006610768768
0.6582986860936554
0.6362542144770488
0.7683239352890608
0.6391072070285425
0.6632964102017074
0.6679790692732918
0.6852799534599531
0.720509985505102
0.8035090754085535
0.6892396849692274
0.6472606560752057
0.54251873528619
0.5906938625497584
0.7618336069150776
0.8094583521974532
0.6040929721710246
0.5279605193735296
0.6760086513664174
0.6399436085344902
0.8259197787483095
0.5259574591647707
0.652232657045054
0.6613188662186852
0.7055103690167558
0.7996716952722747
0.6844689401437182
0.685208685048871
0.49974722526776094
0.6486323066518516
0.8542728160041216
0.7874563267420689
0.9415693452531857
0.5669004613807443
0.5534471904914519
0.7211603738196218
0.5922261567409234
0.7223897132319896
0.8576867825865496
0.6251271643910223
0.5960067763883667
0.6428971677014064
0.8890486762813967
0.5780559584824757
0.5171716838279277
0.8260421057719268
0.7241586119421176
0.778190493443235
0.7876235241614327
0.8470797399717822
0.7458676248709667
0.8277774712972026
0.869073568669754
0.7970132351035545
0.5590983395058621
0.4687270017680185
0.6586237122980897
0.6452740231040279
0.51990346318425
0.6692898771070925
0.6035773889757697
0.5137801681335239
0.7914850881912912
0.4681469052690847
0.6656599929934925
0.6564563307614208
0.6626886315168747
0.6614238156591181
0.658610150381166
0.8489490965996848
0.6067163432665489
0.6711360315211676
0.5509994645193469
0.7043476914743557
0.6805337280864773
0.6216983741360594
0.8427223530379798
0.49888895004844186
0.8037555430163411
0.6114667803678148
0.5460925515486398
0.8000715963950256
0.6868926817480105
0.4800352675254017
0.7455000479301422
0.7532040511837624
0.6706921640751152
0.4953527902461841
0.4696118070429968
0.681508232163362
0.4509177307230397
0.7444007558668031
0.6588251483570734
0.6275123262347659
0.5937208892981848
0.8833955184904564
0.616446076950319
0.7965738794745229
0.6331443801329129
0.650663355715678
0.9418963831420677
0.6377124186489057
0.4396386178576575
0.5827462519715366
0.6676204121734507
0.9048392436140409
0.7338449565380951
0.4800410374756916
0.8879096986986004
0.5395370729266499
0.7768480414725683
0.7133928329370339
0.8447222054835621
0.544835265205411
0.655675221031452
0.6445177147595241
0.7165919983518848
0.6721825188069881
0.7641445740830531
0.7200740085812892
0.7751228876603821
0.6302372485963015
0.6857968441286965
0.8223892133390582
0.6660637958693667
0.6879737967464047
0.7515727990626435
0.45511062865305096
0.6050014824111862
0.673794826233283
0.7599321083053272
0.7095520909743872
0.7204858464731055
0.9045835344844292
0.2661819255966386
0.4820330516006742
0.9723544603128959
0.6534859974487648
0.7994076508207147
0.5913310710658475
0.6127223894799171
0.6297528142199572
0.7637693294857423
0.7403753221584427
0.655482173579661
0.6712811238171869
0.6020512870184381
0.6859958829082776
0.6846241120652488
0.6354057450127364
0.8960366832426406
0.714410574810647
0.5380158680541952
0.8382120652562113
0.6983028444858758
0.6090934578636575
0.6574843131118663
0.7141617146478124
0.5943603485640472
0.7155879189964307
0.6594928557586236
0.6962277390598831
0.6881903520644072
0.6230355770382827
0.7718629911332532
0.6297787586282798
0.6440933734949251
0.6610745487042279
0.8207465188078018
0.6333946825995533
0.8490041614030359
0.4820048757119171
0.6895661153249388
0.9069914788204217
0.5651659816919716
0.7668408996513515
0.495844502560825
0.7548350585244407
0.7249047541705461
0.5934835361189058
0.7077780130935445
0.6306870458009793
0.4022025200626934
0.7651513529381544
0.8213103730491789
0.4211755777677625
0.619189010802284
0.6868506537747391
0.6533494848038054
0.5253326686987391
0.8098636423818545
0.6925800942007161
0.5332433452912877
0.6913797459404281
0.8559958309833158
0.8280471619486639
0.7796355587538871
0.7095704407466237
0.6636575234156672
0.7834268637005399
0.5895737578741624
0.5941602649501444
0.586801894457312
0.6101318904827813
0.6781226405214931
0.7224818697104204
0.636613916970018
0.7031394354047473
0.8024192378926266
0.8218540470823681
0.7386109459208078
0.6895563996409698
0.7065976912422863
0.6486566242615092
0.8468285064476184
0.5337370001810057
0.7178103169083146
0.4852182105724432
0.7322586711982996
0.5743914298809265
0.5664268936523471
0.7899657218057141
0.64162640275902
0.6855020878725164
0.49682547675425104
0.5492292013448163
0.7864263323630498
0.5656290235568348
0.5840851599699967
0.6933475850278418
0.8452343670568163
0.6533663501520137
0.6655430578209578
0.6818084704387023
0.42530601668912715
0.48272117596686626
0.5311586475778117
0.8000775250550632
0.6810970256325655
0.6952852145421009
0.7790650962527277
0.5350675854435565
0.4654752755083471
0.6428534397733727
0.693483322874048
0.5298231790937599
0.4861638319540791
0.7059348095601592
0.8918120587823993
0.6823329623239363
0.48304004258580846
0.4918273366612162
0.5970708919705727
0.5577279952075282
0.7742433603656002
0.842293699643185
0.724726603147072
0.780352609633221
0.8579653303485884
0.6431623278297862
0.612036131845996
0.5760198633535834
0.8258694082557496
0.6971387808187575
0.5386454303733736
0.6978573371506179
0.7887475923994861
0.795531184938666
0.7973017845272662
0.6365698936449231
0.8248533592475791
0.5985602179950177
0.8985307874117799
0.5288680513819325
0.7362640330046832
0.5922159894758805
0.8411769674875154
0.34677563763530783
0.6316345413257403
0.6128785409505155
0.5099351267999108
0.5241463579471404
0.5117378895657881
0.710134861112743
0.39020350275797777
0.761603595112899
0.5972544570036378
0.9065270019460823
0.5981879824484019
0.7849045054389567
0.8049666827087458
0.7766951719523811
0.6867603163571302
0.6790832829707593
0.542919015545805
0.7716328558081943
0.5549748855498833
0.8664445287817013
0.6831505022092725
0.6170124125471191
0.3558325801600784
0.6618505225676914
0.5281037040125127
0.5806377577769615
0.6642164206435969
0.7015035503191609
0.6720072064819627
0.6183318085678564
0.8257456859542351
0.6728256211909536
0.6374834790323153
0.9475141235672766
0.6831701198139191
0.705339819890616
0.5022351191729556
0.6323233033461424
0.856286884897326
0.7195341834434403
0.6955375079503742
0.8109638358087364
0.49955160938421983
0.6007035090842803
0.5930635206085642
0.7892974885001767
0.9261487503437674
0.5956668751706443
0.5225570793366597
0.756985428143937
0.6376075782786804
0.7566371331755768
0.5606479806718723
0.6816179023340804
0.714646474469455
0.7421377322087197
0.8505363642857657
0.5937891813480407
0.6608039628677381
0.7061928351057156
0.9108215776689635
0.6784124228246624
0.8264561651419343
0.8085056332949291
0.6762256236831452
0.782108450055105
0.6972823461565641
0.44588424219911066
0.5041191462304864
0.6838754874255509
0.8203357158318015
0.8471862359507033
0.8041641459993193
0.6105747459971868
0.7549098457159166
0.4980219799025684
0.743802397189748
0.8724682978253551
0.7996400730985738
0.6557298963938145
0.866666704215047
0.7633165136841509
0.5135955816633109
0.706147964167552
0.8171925372243829
0.5152226707878558
0.895723130086707
0.3986492770986072
0.7478872956625819
0.8240775097107549
0.7248434540288458
0.6066959304416716
0.5789941857182399
0.5265093667674043
0.7774515630591086
0.5026759301317598
0.5398323999177375
0.8988403633009423
0.6710181471379355
0.773913946362671
0.5928512371297665
0.5530633558874789
0.6918680562715307
0.5924936291704077
0.632527963325302
0.5543572187230886
0.6485190704634087
0.7775117895077374
0.8246281129573113
0.704080360879835
0.6874022315429321
0.7304291213677095
0.8604919364373131
0.5324595202012433
0.5868079341918107
0.4196152316516697
0.6520132181406161
0.6469352404014466
0.7671025673299939
0.5794653824793138
0.47712959127016397
0.805581689402255
0.6422003514747189
0.8325563003816252
0.5223533875156487
0.8123633003676118
0.8002231651278453
0.5074101423318386
0.663906848146201
0.7551934136161522
0.6210645709963154
0.4799309780170087
0.7326062942312374
0.6197724249818767
0.6598190441316126
0.7917357549772503
0.7977392720811614
0.4703482874799877
0.6514265794622979
0.5892588933435366
0.6397466477896543
0.7419507729766621
0.4669599694474076
0.713411308725611
0.48558868919903064
0.79111951178497
0.4709692740372846
0.5896430365773997
0.5351277781140839
0.6972603701962409
0.5039895637378546
0.49955160938421983
0.7337602743159317
0.6236444840670636
0.873949837740001
0.5522282622433548
0.5951539917344287
0.6966946221214243
0.8569843425056555
0.6846991665276015
0.8372185959202895
0.4950696684590847
0.6339019453160266
0.6622232750715358
0.7484148919913458
0.5983188159950615
0.6255749286594516
0.7133629628064994
0.6090332955382802
0.6850001102926279
0.42857499027007895
0.7667084457899305
0.7821835977901599
0.9331195319054818
0.7221765947881383
0.6714723960443487
0.5838436250195206
0.7722740778375238
0.676849030855458
0.633041963191105
0.7071224945026402
0.740998680282213
0.8017111745945151
0.6215189427143626
0.6736152918099795
0.8673642851116732
0.8268159645099908
0.646660874903534
0.8519824806486153
0.6900355724316343
0.706576280813139
0.7089173429154236
0.6737192684469115
0.5433400918584093
0.8611584771015135
0.6357001425225813
0.6594494750037322
0.6589074364395974
0.7576518245438387
0.7264098252336826
0.8857430396033281
0.5976682405938816
0.47420279320006864
0.6395205795200709
0.650003118515014
0.6605398621530543
0.8357150613854138
0.8629865285730036
0.6606830694816989
0.673160287494649
0.5637056047779843
0.7323663537996423
0.5395849725960218
0.7347989936198528
0.7530385354946687
0.7414768822143777
0.5857503757244534
0.6959578542355402
0.5562897974363133
0.5241579428469416
0.7102179504292246
0.8616902311089824
0.5732518254536384
0.603650336127755
0.7505941405624973
0.7848576513386121
0.77215891240579
0.7771540062992902
0.6639781089606754
0.6872667254777185
0.542117611223152
0.4434505341068806
0.5144289499069992
0.832291376339102
0.7293864999318157
0.5222232965125134
0.767279579459099
0.786183998823265
0.813939209054311
0.49805402368783885
0.5999216599703046
0.6830107873973593
0.7085863072383742
0.5435244522247075
0.7133299230079595
0.6891070471830736
0.6038579740449558
0.7588823153657716
0.7430447246854072
0.6426209449491126
0.6081515008961592
0.6386112104813586
0.5863700749446862
0.6369427142054761
0.6428492121951584
0.5375365884107264
0.727360430979204
0.6438588041822821
0.6244706650815107
0.5601160447782297
0.6445906150935702
0.8311634170283166
0.5047751232677693
0.6040277889293835
0.4800352675254017
0.8565727075704291
0.7760366179405466
0.8321004361252284
0.6938412979617019
0.7620661653582798
0.8226775467481036
0.5687920698852234
0.7496745851269301
0.6534139275150795
0.7812791035302175
0.5807106746052103
0.6634403125418066
0.7837673929195447
0.9455415822011062
0.7058686616691061
0.639913380714881
0.5746750222341807
0.7970463177949728
0.592213206418455
0.5944935932211004
0.7281165731114543
0.5171292751374921
0.6380323075017893
0.6499630751817577
0.728248206078162
0.5744789606293736
0.837805575388256
0.4987116001950438
0.8649086984518701
0.5363697210450796
0.680832302414474
0.6260633494045689
0.7154501868115228
0.7272992884390828
0.7788377848297549
0.7597487489424593
0.5670037784761494
0.5908370086805577
0.4900153973251558
0.6205682754236959
0.8041566513439838
0.7080972446442644
0.8561892177802036
0.7720137784416476
0.590832699776572
0.5602955826825535
0.8628047428771476
0.4789897521673618
0.67501191300555
0.70877869941749
0.4615469250118261
0.7341295810006198
0.5384758945660211
0.47761961074575754
0.62409457440359
0.5026214408632674
0.6515296589585639
0.7457601632045108
0.8918792459304519
0.8056657244480305
0.7393727265681125
0.6275763691787535
0.6397237785743843
0.5462321125174671
0.7705646988585555
0.6829513324217777
0.7946695280807743
0.5028288177682615
0.8358739558938003
0.8310288511399663
0.7597552920664127
0.728640576341296
0.479921677286084
0.7644540471524944
0.7554895706952132
0.674002434596975
0.7417863974892988
0.8602059464992927
0.5678909311257568
0.7061051525115992
0.8482448599394327
0.6498164933696082
0.6051966571359562
0.9420929799421758
0.6302801772312941
0.581749380251985
0.7376851865383385
0.752608834575617
0.8001702329462987
0.8179161250208489
0.717135212895418
0.5749883440407102
0.7167344904464191
0.5544878293569532
0.48937947684015815
0.8107613836084202
0.5204366817289464
0.812354520492268
0.6609812631975899
0.6403564563367381
0.721884300534362
0.5416450657522859
0.8101519371146942
0.673047469050741
0.6626718677080474
0.6513763150612276
1.0
0.9739622178038352
0.4811451282588992
0.6337791311062344
0.8895596131253162
0.6897789133357989
0.8895596131253162
0.8745673497448233
0.7200465152874295
0.7137625918731032
1.0
0.7491346994896465
1.0
0.6544084154159485
0.7672862298734585
0.800340428388689
1.0
0.8745673497448233
1.0
0.6897789133357989
0.7687699738397373
0.8048825440475028
0.5651007880552648
1.0
1.0
0.650812669601375
1.0
0.8684804670812443
1.0
0.7641269628701394
0.800340428388689
0.800340428388689
0.701181006012327
0.800340428388689
0.6966393557038465
0.8255842627287414
0.6731097143618175
0.7600566318995219
1.0
1.0
0.7058837742841918
0.567549467118121
0.9249356861557754
0.650812669601375
0.650812669601375
0.650812669601375
0.8745673497448233
0.8745673497448233
0.650812669601375
0.650812669601375
0.8180436850098498
0.9249356861557754
0.7674952366352763
0.9407536508049412
1.0
0.9299399737453903
0.7069194720671813
0.9249356861557754
0.8832332895756505
0.8745673497448233
0.6290164377229952
1.0
0.5824297116660442
1.0
0.8745673497448233
0.567549467118121
0.8745673497448233
1.0
0.41715692928892123
0.8078518655418528
0.552183550581651
0.49256023913512337
1.0
1.0
0.49373517177930965
0.6013942708054901
0.8234840547533215
0.8789370671140918
1.0
0.8745673497448233
0.8048825440475028
0.48888888888888893
0.9446894529568871
0.800340428388689
0.5018560805926919
0.8283885125960567
0.7929538988157774
1.0
0.8745673497448233
0.8895596131253162
0.9249356861557754
0.7641269628701394
0.8745673497448233
0.6734613101968973
0.8971190349163259
0.6682760385405241
0.6030484478976299
0.6966393557038465
0.7487735913069254
0.6796102802895836
0.4774533087681383
0.4811451282588992
0.5051191984771346
0.8789370671140918
0.5320987255269398
0.650812669601375
0.6316635168278024
0.8745673497448233
0.8075597575990329
0.6826251387428107
0.645826767373892
0.7402139099199094
0.663672008435395
0.7146906684910423
0.6721409211020847
0.8789370671140918
1.0
0.606517997369086
0.7767639138016333
0.8745673497448233
0.4811451282588992
0.4811451282588992
0.16203183390614398
0.5640895811588761
0.4811451282588992
0.49256023913512337
0.4811451282588992
0.8580024594118729
0.5842745811885579
0.7641269628701394
0.5842745811885579
0.5842745811885579
0.5623505596776629
0.8918676575399832
0.6900027979461978
0.8117241838013209
0.701181006012327
0.650812669601375
0.5851978771464686
0.5824670619378919
0.7491346994896465
0.650812669601375
0.3963494546975532
0.6538429033122144
0.8255842627287414
0.8745673497448233
0.8089295957757316
1.0
0.7394436089022374
0.8089295957757316
0.6167226763618293
1.0
0.49256023913512337
0.3079056322546377
0.6395056119188087
0.8893789059137742
1.0
0.6900027979461978
0.5705242549507057
0.7296114462977848
0.7296114462977848
0.701181006012327
0.40661826879412555
0.6971171988990857
0.6734613101968973
0.5320987255269398
0.9249356861557754
0.8230199641080499
0.9249356861557754
0.3952939484963644
0.7946073633926615
0.49360630211335743
0.7449019400900944
0.7217530130135963
0.7671133575243296
1.0
0.8745673497448233
0.47529609587648836
0.7546916617515467
0.5493468604485028
0.4314074360762698
0.5842745811885579
0.6191710594231009
0.6734613101968973
0.7208650890818005
0.41715692928892123
0.49256023913512337
0.49256023913512337
0.3079056322546377
0.49256023913512337
0.8598478861828052
0.8255842627287414
0.8008146379990585
0.6734613101968973
0.5857188886215065
0.6966393557038465
0.21826022865848468
0.6329442178962954
0.7380677054063663
0.29478315917611414
0.49256023913512337
1.0
0.6752495539683903
0.8015378506837922
1.0
0.8745673497448233
0.6734613101968973
0.5024137967838256
0.5636638432562329
0.49256023913512337
0.7586977146829399
0.7355971384277437
0.554747366122462
0.650812669601375
0.7168176007785818
0.4004099932555722
1.0
0.5958560200772967
0.6185432049932578
0.47397848609153886
0.8089295957757316
0.7600514471921909
0.7481645970982016
0.890385043135683
0.8745673497448233
0.8287750447737547
0.740032687593027
0.8745673497448233
0.9249356861557754
0.9249356861557754
0.8895596131253162
0.6603219822547715
1.0
0.6129200056220552
0.7491346994896465
0.4062232678707938
0.7641269628701394
0.860013550435005
0.5918280012002826
0.6201160742948827
0.8829295264285016
0.718263177967876
0.944689452956887
0.8874944204877132
0.670074479838262
0.3839696281986033
0.6179178035290731
0.6729601594251505
0.7592183461508624
0.5189641755932167
0.3343763254595328
0.7196386679906122
0.6794923713658826
0.1004970521547065
0.8745673497448233
0.6328387422207854
0.6734613101968973
0.5852003098066253
0.6734613101968973
0.7546916617515467
0.4535684588949031
0.6679212756319393
0.6362131100532327
0.5218497503090167
0.3961247217346435
0.5420990630730274
0.5824670619378919
0.3671792517576029
0.8895596131253162
0.7481645970982016
0.5691697247266957
0.6122953404806003
0.37742549679128484
0.749972091977737
0.800340428388689
0.33798647975476215
0.8480234996227728
0.6917915600062736
0.3618899468917453
0.6921484813119803
0.7734013591866861
0.7319966200364155
0.6218481280998581
0.6316635168278024
0.6917915600062736
0.8466914832305795
0.7827051011625205
0.6637525634902188
0.4811451282588992
0.9249356861557754
0.723360392496739
0.4062232678707938
0.3343763254595328
0.39244686763948056
0.4811451282588992
0.746066489985507
0.3907648235284391
0.743100347342927
0.6689704399037534
0.34337777581369366
0.7641269628701394
0.6669113375498333
0.685999608631409
0.5106589178888812
0.6331691546308555
0.8857381951514186
0.6183097355532965
0.32502938958880884
0.3081077958304105
0.6143906491493093
0.3462577860101651
0.7736067321924333
0.4002105216124592
0.8378389918946986
0.2607438060376288
0.30249530210511877
0.6760203200456345
0.8864206164264217
0.5683686047474861
0.650812669601375
0.3462577860101651
0.7216711700919066
0.6140614695143641
0.39174524741814065
0.374404098256457
0.3193207431308617
0.3193207431308617
0.442694564175876
0.49601599818300407
0.38116232026306573
0.4233034181825407
0.29484727584539305
0.5877530179333184
0.4606697893519774
0.6183097355532965
0.6622614187700018
0.7194329326864735
0.5244039492780554
1.0
0.6217063656497059
0.35455166132845845
0.6129200056220552
0.7491346994896465
0.6536556717983834
0.6629835006355684
0.7614599815574258
0.8448094846032542
0.3508445661184911
0.33798647975476215
0.4268159833649595
0.3912769565788925
0.6277924706932111
0.2470627066388074
0.7253262650064334
0.3820625028716569
0.43834656840692005
0.2535991960207192
0.34531111928079455
0.3275787220939058
0.5949002246517126
0.8078518655418528
0.729055566935936
0.849110321853892
0.6171000027691897
0.6712392375362012
0.29078228829544506
0.2766807027538986
0.7336402406162198
0.2129003304522803
0.6575313757821166
0.37812189154389464
0.36179678448850805
0.19729073863359048
0.1685423862446383
0.7713748541307738
0.49516816641141354
0.6734613101968973
0.3909663758186814
0.22388602098512916
0.5320987255269398
0.5225241491401535
0.7018317234654571
0.456429263808791
0.33106757892957955
0.1588045720244543
0.4002105216124592
0.5607285405561888
0.5646395409490957
0.707459360758243
0.749384625637736
0.3839696281986033
0.24998852827127913
0.4522064163146349
0.714669753615508
0.3582057506773656
0.3260824501412393
0.3233324776910788
0.7175664499457536
0.7540705522408244
0.6226739606082923
0.7072174304257763
0.5000439103185015
0.6859216419241628
0.4002105216124592
0.4484603819929724
0.7498581264500854
0.32703803989624586
0.5728157542788881
0.7334310410439071
0.8500221373099899
0.6341302395798877
0.45418758193740405
0.6758681117324044
0.6376217345890369
0.6009617319988493
0.630256168193282
0.6620169658460778
0.3213522979796018
0.38969732284686165
0.5852003098066253
0.7024657010177949
0.3534350022756435
0.3137433845085417
0.4130298543068155
0.1977160655938453
0.310244214876442
0.410296820270537
0.2726296527461212
0.32773282421116656
0.7685113570157861
0.642835738174711
0.7398522411939134
0.669095788397265
0.4787259996432117
0.5226165143510565
0.5839688623630203
0.7378596363615036
0.7508716154209546
0.6026099146303835
0.5899906193656841
0.5979142720315801
0.18834084453804417
0.3521453118822498
0.40569136978867193
0.7495498071401373
0.4632822280951465
0.5129495727533673
0.2248043600658031
0.30815805075324976
0.2816855037972479
0.3625122997252048
0.8424177740127229
0.03703475879762645
0.38333766329002367
0.34546636760053007
0.7231454882338408
0.6429318553556004
0.6365658560114082
0.4829479673566477
0.8893274678280271
0.38114005914466254
0.5474361536939875
0.3821266432821226
0.2995244184640332
0.4522691405626623
0.3747186098289836
0.5791880520039572
0.40803391154744456
0.7995030359005986
0.3553324611561884
0.5411641859383112
0.3497798648105849
0.11484767866882035
0.5245560072190676
0.3618899468917453
0.6089520714077875
0.2581929784895107
0.461758120464562
0.20057642853475433
0.30601108112922165
0.7183236710104424
0.6635322525169638
0.25956310465806537
0.5275104124138135
0.5852594646370614
0.40902784730203595
0.42949726390997256
0.6223712229335757
0.27696321752368847
0.3374561218434197
0.3694120268621283
0.13724291581844103
0.52617111426787
0.29417148081438366
0.311542657477946
0.32107027693639545
0.6143517653784895
0.776673934850477
0.6220444420260768
0.599737637650449
0.34061851489751716
0.401373848270728
0.6963447256785205
0.49773982210739975
0.5898205477879298
0.38469772128718244
0.4211222457693841
0.6896694923639485
0.4241799044159444
0.32444481591216473
0.29373538589162085
0.37010978029088837
0.720322367779006
0.5004537696494626
0.5897912781507794
0.385485476169094
0.6225841785015479
0.02468983919841763
0.3633434325469573
0.3402651438442762
0.23116448681119312
0.5127505431802468
0.32435556182010833
0.26209184177475014
0.509208330623476
0.8345848803447036
0.3317885964527343
0.6295148621531301
0.5988367071676023
0.7835177212611633
0.5526719278545946
0.39503384896755656
0.4722001713841838
0.2527326384041808
0.3971736504250784
0.31996039255989267
0.3595574992913403
0.3186030787881804
0.4108614370574656
0.6956406966813092
0.38432298464463166
0.12439905062227313
0.32081100068821333
0.06491305009563406
0.3493108000525233
0.25615130457943386
0.6076376929131759
0.028090349739970995
0.6575994042788542
0.2520425616940754
0.2895500308168745
0.4997642453005865
0.6822336529426969
0.2787505602050607
0.6755003069439108
0.8895596131253162
0.2635206387054703
0.5992160764079872
0.3337065092626072
0.2504244047809828
0.3233324776910788
0.5610116944816282
0.5287800302427589
0.7513168504655897
0.24962220746389163
0.483274480775794
0.3329057770730417
0.4348749833608137
0.8217615326598744
0.41709258062900595
0.9243459315164771
0.18765404330845675
0.5789368277062502
0.702384989145528
0.9249356861557754
0.4596492526563086
0.6178612431060742
0.64537037298083
0.8482192722161185
0.36304351646768324
0.48451810105746873
0.3390148904969669
0.5137090488405427
0.30650896217738804
0.8745673497448233
0.5320046178604668
0.5908568458385313
0.6642429496136968
0.09820689818442573
0.31477292911066646
0.2783879207290933
0.7389650524860971
0.5917652819451349
0.42596471819593407
0.13193189743674857
0.6049325626436529
0.5342044712546863
0.49084343480407033
0.5157646415724824
0.5833573848738917
0.10383639014089673
0.39461676755993397
0.3847119007589393
0.1603023656701107
0.7246644218260234
0.47143667987858984
0.30313260326974023
0.5559390036516113
0.40508034170351015
0.16119258547251167
0.2922622154945165
0.7227322734075583
0.33257662042200836
0.19785484776138118
0.2078091571612092
0.1512519030497804
0.3618899468917453
0.32194999907656474
0.30993144106901743
0.5009463683977081
0.3352737216215173
0.7399059187871202
0.2348507537401256
0.18844849614580633
0.3682034520221535
0.3751687939477187
0.07960688718454889
0.44759835811776916
0.29625004530518534
0.787304505086849
0.08062829899326945
0.29346336144500734
0.6057946768094727
0.19652459190193342
0.26048756494939035
0.14180865986867694
0.29322833514436275
0.28854120101769687
0.12379654252025601
0.3242088589629545
0.14355840377965187
0.6905311429557767
0.4270222481091589
0.31222442626308566
0.3472085781613394
0.19034552256276943
0.2538961578846775
0.8893789059137742
0.33840945613448914
0.2829159155136818
0.3839696281986033
0.45693154021531396
0.2954023113114263
0.6568077631328875
0.5723864474574616
0.6356899142743913
0.2129003304522803
0.5233916524757767
0.09389677437203736
0.2920855584268283
0.6562661276472985
0.08608042525152047
0.31313708436332266
0.6705897530461351
0.6191223539912354
0.18127024596809002
0.6908213443334081
0.2334425032677347
0.22957626435218942
0.5245374869186735
0.6383761000082289
0.6125845899815519
0.3558549314598417
0.530523047838177
0.5214995136030279
0.9498573463577593
0.54179434269692
0.4778006324697815
0.5231628254599386
0.5676434238743789
0.33670574162331096
0.23550614225308825
0.6076332116454812
0.2842856587822088
0.06260394563746943
0.3128521576709483
0.3197143706636326
0.3850251343997921
0.3723850951052585
0.1667165422142299
0.37312246662646226
0.6484489455314363
0.4753122670633587
0.7010394787615972
0.6315193752746125
0.1841767069899985
0.25143485186361375
0.4428879503671939
0.5072889191085723
0.41643676717706074
0.5387695031684526
0.5860779009456542
0.541897705646342
0.6179178035290731
0.031146344790332455
0.5931198882655242
0.5980376393879789
0.5307747427752662
0.42181251854386836
0.34387218934007924
0.550501854759309
0.057659238341757825
0.31866214596448
0.07825955676313373
0.37567361274459743
0.24483192409648194
0.3031286107341264
0.36612792271660255
0.3004790962922512
0.12915749990261455
0.3131838574605238
0.13927313225872318
0.49610452699771534
0.2568131739188291
0.2511557509467164
0.47587501822251177
0.3710537020634977
0.46836191055118165
0.3045790343312102
0.2805078136994454
0.3382484522200828
0.2743091677970627
0.2971026332573549
0.21040431800063947
0.18624943847937542
0.13418476663845236
0.5006097018727489
0.5545499370550351
0.7642117681700762
0.5037595617561639
0.50090223991585
0.2638593419062105
0.2872216619376347
0.324888570078784
0.37604482289589525
0.22208724219720377
0.18252507250955088
0.3165901008703603
0.3498387355471751
0.15943635602680695
0.8121644601060041
0.6756342026767022
0.6025068758994794
0.7805701242816379
0.6749093912975206
0.7511364150253019
0.5383240856839587
0.6230673631609879
0.6843811241896257
0.8578008794801018
0.8039627057928465
0.6841043238912569
0.790457478113298
0.830820295899685
0.7698073056343406
0.7223600459595061
0.5552082574169623
0.7815162989112351
0.7042887103976883
0.5895508689944766
0.6143527093868708
0.6414111192326409
0.7340634096034092
0.6626876538247878
0.8465686274509805
0.5287745868142925
0.33238582230875047
0.5839187440424372
0.7070423373216601
0.47316483729850933
0.8367178530756473
0.6862570916262488
0.758986461475578
0.7290738415267489
0.5283583349598385
0.6795790155517236
0.6161750999893001
0.8316353633725058
0.5311677159921325
0.8513302352919108
0.6140531078544389
0.7516931396407773
1.0
0.5524534777749227
0.7179141897697976
0.6960396569203807
1.0
0.5423915413844811
0.7810444804543952
0.7282995166605087
0.6901339154172424
0.7801444927688809
0.7042712370192056
0.6677206193114117
0.3834523864516191
0.7488764063755801
0.7915743884748565
0.36190476190476195
0.614757018660198
0.723885241647644
0.5687448865822714
0.864460400667343
0.73927602324447
0.7109510802883877
0.8500279370954
0.7624223266944579
0.7196641083412907
0.7198334503789657
0.7116404071093911
0.7440142094897663
0.7284050665001645
0.7120166342701005
0.8355425017918153
0.5415634761959418
0.6534298892996572
0.7654726567653044
0.5977888705292826
0.5212339679966739
0.47531000654052447
0.70506698245156
0.7819200094378527
0.767929651436287
0.7383934919464428
0.7739262877466708
0.661479568240309
1.0
0.8014306603025498
0.717278387680303
0.6502377521336736
0.8316353633725058
0.6613768717531276
0.6392959018057971
0.556353747174716
0.6282926412378936
0.5617682716266329
1.0
0.7474992516388517
0.6519137699142714
1.0
0.7734208675521428
0.7009855300718026
0.7056007200087566
0.6844985905518931
0.7220861863759657
0.8832040154067542
1.0
0.7052182159371767
0.5204742815249573
0.8287154231875261
0.8769912498938421
0.6250708707495735
0.46246949288435574
0.7879806654428558
0.7773722906927583
0.8265019848870621
0.572152039121344
0.6719563488365177
0.7538615387854246
0.714022970253856
0.2170606159350548
0.07417639563799767
0.5143979272511867
0.4941135868765725
0.6504455912348376
0.814282509676866
0.6025025411547014
0.6989973839271624
0.7612287252738751
0.7656959483252537
0.631205751982204
0.7142598439907512
0.7715125720658835
0.5143979272511867
0.6231587010045319
0.7651492705464911
0.5583537056482124
0.5962027117880128
0.7105177476401534
0.5415923460487894
0.6932504151232484
0.7698933948655501
0.7367042604945663
0.6831757990387537
0.7614225543235009
0.614889115387552
0.9370115620814401
0.5564157831334414
1.0
0.8525589022585821
0.6580481169007157
0.716514601480051
0.06862063624455242
0.634687325178115
1.0
0.6983040751240567
0.8378312849657733
0.6336412298659204
1.0
0.7789491218162995
0.48761937886771184
0.6450432155224947
0.6058186678254154
0.9126201862511756
0.757719522067725
0.39343065701775165
0.5526032150891309
0.4272160945352972
0.6859192829435984
0.832412780784533
0.6607748773783456
0.4834234403244385
0.06790209555089217
0.7738687520811013
0.8192721489613136
0.8419470084807423
0.7450178168151445
0.5419181849332622
0.38814890481194125
0.7412927727857082
0.7069555404933877
0.7909205105875966
0.6398149384642842
0.43576521109447364
0.8739008526992251
0.33777662146569537
0.4493813770343066
0.9144089078385055
0.6990190023439599
0.657438260253282
0.47316483729850933
0.43088706080681877
0.6798081911643405
0.7249394886147923
0.574954367061044
0.7108213254162383
0.6901339154172424
0.6890569733457443
0.8967025233192661
0.7922596187300199
0.7445459233315622
0.46319628979090477
0.6210099842933192
0.6074540910809529
0.6970287799429743
1.0
0.7563240590721154
0.7711643980970527
0.7272604777685457
0.6279166589415937
0.7098716973518365
0.42005291783151255
0.8678013224792045
0.7847467018213798
0.572454763456017
0.6204735868204652
1.0
0.7780755233755084
0.49919097649207206
0.6058186678254154
0.7325316228546749
0.5367006838144548
0.7655021441429959
0.7324392882330252
0.5083342437915614
0.6831757990387537
0.8244938405289016
0.8164606525472624
1.0
0.7038862026284166
0.7019851013714691
0.6250708707495735
0.8523736667554077
0.6384020415019435
0.7471968872134755
0.4493813770343066
0.6542341251076255
0.06609378747745233
0.8491280952471939
0.8532778501280304
0.6901339154172424
0.8739008526992251
0.8037602533161341
0.7147704337205274
0.6178255256099673
0.5104505484708917
0.7543578610908851
0.8139622178038353
0.8164606525472624
0.6721559489746441
0.9193020541857959
0.6448794756747178
0.7672218939042256
0.7645634185629886
0.8013168075884085
0.7509796200315959
1.0
0.7300262392563912
0.7488764063755801
0.4752197538195525
0.9243368977651597
0.6502374115512414
0.6025302100312374
0.7479584749702638
0.6494155048288992
0.7615068226905412
0.7110382329474403
0.7096441923379639
0.8342315118092302
0.5853662783531401
0.4400033110445915
0.9356528952161786
0.39411975875049376
0.7615068226905412
0.7210558989590874
0.6926551994463345
0.7562984468205939
0.7373249815142678
0.5740582035919132
0.6750173282617067
0.8849910961886103
0.7062731714205033
0.683302069738853
0.7164332750084497
0.8206127128630702
0.7018432821236372
0.8090032442464807
0.7484000693542392
0.780519378021753
0.9138333933623848
0.5424636690593716
1.0
0.4146824486685312
0.7464114449830092
0.6629840661632996
0.6663156616020274
0.06790209555089217
0.9163072834018612
0.7022488989138246
0.7213385864733785
0.7663401147252515
0.525661902703553
0.3444581744280793
0.28805192339796426
0.6964029260833974
0.5470906369648151
0.8139622178038353
0.4499864103061138
0.7691433511277947
0.8639206911299222
1.0
0.7138484779143739
0.6338598802846686
0.7449208055276999
0.5790347663628306
0.8207374363098847
0.7777127938469354
0.7238709915599123
0.8909964828873703
0.682190876791247
0.36429420247524064
0.7515771438820594
0.6314966365626002
0.9292311851868243
0.7095844372952488
0.542723895392615
0.7196164884297165
0.7073856507875096
0.8206033278548366
0.41898730644149884
0.5261423339220844
0.5114791959504699
0.7222097471222559
0.6521844762794226
0.8336529674978237
0.06517236306643422
0.36277823542551135
0.7535363121181529
0.6282092391340778
0.6300976772505924
0.39480195789571443
0.6964793631730597
0.5540485106750503
0.7649097165698988
0.7560479685729167
0.6795724789948686
0.8287176624889829
0.6940231280651966
0.780519378021753
0.4386129077089507
0.7441214215261868
0.7336366099980793
0.7514711348486992
0.615028603409253
0.7457658515297643
0.5783965193014904
0.7342088961517019
0.6432238091671668
0.8739008526992251
0.6292675983157219
0.7650401093327437
0.7214702194844358
0.6397233988953518
0.6405832960794989
0.7175937296503517
0.594938684888949
0.8065879004633001
0.5120627693978412
0.8601627681735826
0.36482953273065827
0.7492027258492042
0.675903441515004
0.7170095710547195
0.6724470248269079
0.5172065833191829
0.8041899533202146
0.7026674737260219
0.7475882867449591
0.6387405048218979
0.7986884484751489
0.7615068226905412
0.5790347663628306
0.872729542231282
0.5917751065322943
0.6448794756747178
0.43900794071610183
0.9237349063031536
0.7293722872892592
0.5796674249727606
0.6971972691847175
0.7902797424607118
0.7601536837298772
0.6135261459477847
0.7026674737260219
0.7440898637200957
0.8102781506630247
0.7417040961945054
0.4493813770343066
0.8618669377623207
0.7396551558980702
0.8213496136539824
0.39480195789571443
0.5233914341374188
0.6550727626577462
0.6693153986626302
0.7648703238381728
0.6113645569968668
0.6993431496415956
0.7361995798699645
0.6051753433770383
0.5735970985462812
0.746528608966202
1.0
0.8915273503973224
0.5790347663628306
0.7192788245552972
0.7864259623701179
0.7559383895698696
0.7902797424607118
0.81543905425238
0.6113645569968668
0.3085542970514595
0.5233678171597086
0.7487478301839632
0.8886975848865502
0.48530272158093263
0.7956649599708783
0.7322660813160315
0.7578158217705819
0.7351932540039685
0.9665112656688432
0.44050180948090484
0.7766888286281567
0.6758077635574231
0.6247048492819324
0.5613281460141542
0.7098953230896025
0.7463580077867135
0.5355332648007888
0.7500179258952847
0.7079648277204668
0.5367006838144548
0.7377435855786977
0.7112800288987114
0.44165536309796016
0.645484642249324
0.6952132504745271
0.7904527923969723
0.5703941607479451
0.754387276861402
0.8235555529002417
0.7223935905316484
0.6700873211498891
0.594938684888949
0.6025068758994794
0.8215110340994247
0.69913646817707
0.7218923169290563
0.675903441515004
0.40281705465488815
0.4528163080993873
0.6592276464443134
0.5446405449215118
0.39343065701775165
0.6398149384642842
0.723362948875875
0.8161083022678112
0.38317008946316566
0.85284821892518
0.7902904215887423
0.7304167013771152
0.8332681155762056
0.4047298121312646
0.6482445103443899
0.606264587823218
0.743656500682919
0.8532708164330446
0.37233684448072096
0.6928856581967362
0.8091496348114838
0.7332932772054677
0.9306120051214352
0.7542775162198454
0.5471738623453384
0.6722311418067042
0.6920393017320196
0.3416417736934405
0.7317399059409386
0.7233286016141027
0.3941676048655341
0.7797360365099768
0.7763848495011632
0.7100933963927264
0.6372115934877216
0.7069627596023852
0.5982610587110921
0.6004894040640886
0.5776563853260291
0.5283481507652696
0.5562296130869632
0.5503402649512795
0.6222971209563696
1.0
0.7760771438489122
0.7848525021143905
0.5881774647805516
0.615366070452988
0.6700076681075481
0.8234376028127566
0.7846880359820945
0.6986214124331012
0.8475781495725081
0.6517484084772167
0.7711643980970527
0.44385816219553176
0.34467355535900757
0.5235298155188782
0.5941798958345694
0.7640775568603684
0.5987456650373075
0.44024412621413656
0.7414259659991315
0.6684589983368528
0.4607473784495301
0.8128807182675398
0.4054157642927636
0.5215996420866659
0.8090530461691744
0.7515838575604465
0.7325582708215482
0.7407366286166479
0.6317093364089712
0.8165563937844956
0.7332649761705216
0.5134243593498685
0.5988575355794284
0.8310865784735583
0.6947185986516076
0.782263525275958
0.4869004461641419
0.8112389972459318
0.06790209555089217
0.4603338423866744
0.6417222618355867
0.7039234447962901
0.6376194846933563
0.8262090151723016
0.805157198059012
0.747279821526
0.6840726216865909
0.44345863817046133
0.8248392044382193
0.5320553262503144
0.7599712305441463
0.7799841021202883
0.6558904450926487
0.8931528371060982
0.8540435658053375
0.6684589983368528
0.7911833196989375
0.5754784728580277
0.6323379202989221
0.48260935808128475
0.7808789901999189
0.786250404127991
0.5154181334747111
0.5281581781712734
0.39480195789571443
0.6071924096680167
0.5771878951681976
0.70506698245156
0.711486778886806
0.8233063247847375
0.6433611747888957
0.5702727342157978
0.7363520597254727
0.7481660077062809
0.5072889191085723
0.8055411651722564
0.6448794756747178
0.9499943441368663
0.6635387385460498
0.6225745626555836
0.643958322654874
0.5649892335119675
0.4968690098692175
0.8828802374085297
0.7213385864733785
0.6309706300309157
0.5684498997977658
0.444137409434124
0.698071586676159
0.777124398137547
0.7383665795285659
0.727757053697481
0.7031874502721734
0.8323376039880701
0.7444018894661942
1.0
0.7455408645647446
0.6716969913022928
0.33777662146569537
1.0
0.7666870333382011
0.40666954049890586
0.7056703848657947
0.45315895313817484
0.7235391864185899
0.7352641053999251
0.7382870891032579
0.5160342742391331
0.534005373993619
0.7502417257937397
0.6751441134766573
0.7664785377906194
0.4531665865756981
1.0
0.6345347788706751
0.6398149384642842
0.6228927531327176
0.6440334543354935
0.5115742443302453
0.80511480275195
0.8140108913892328
0.7434551413283575
1.0
0.7320630653092546
0.6387405048218979
0.8355425017918153
0.5118812144199942
0.8556845365397583
1.0
0.5639433661547483
0.7402796947397284
0.6020206731511213
0.742751428127659
0.7909965053764484
0.7723453348172905
0.4122421034781507
0.5288337449709419
0.8284972684998538
0.6475280383419153
0.750397489838734
0.4493813770343066
0.8037602533161341
0.7057340803889753
0.8164606525472624
0.7410710660580765
0.743656500682919
0.7479477049047087
0.8532708164330446
0.4438431879699166
0.7223935905316484
0.7645649536596345
0.7563240590721154
0.7479275027460585
0.7169981582767172
0.5994193299882252
0.7519976041114627
0.5506545885144893
0.8728173732999833
0.7693635338681521
0.680391311054832
0.7323842421370965
0.8644089383856598
0.5469353058217379
0.5385449831424397
0.7449208055276999
0.882269205288979
0.6646370043109177
0.7250060502627742
0.7304680159084483
0.5992961210547444
0.4939537325842599
0.7228260127126559
0.42126801747747133
0.7275797486656879
0.6329142850341891
0.7265639492686822
0.7098716973518365
1.0
0.49912577784871603
0.9547792248601062
0.7719264324286196
0.578585635403944
0.7475326239499194
0.7578158217705819
0.7439010862588941
0.8379286497653253
0.6953375003346597
0.5794626186800171
0.5398824682065142
0.7387517664056382
0.7077248579132756
0.7213385864733785
0.6195580146198295
0.6322531487838461
0.618521577095024
0.5002812371954879
0.6479737384064519
0.06790209555089217
0.790457478113298
0.4882104548456338
0.6154308224496758
0.4528163080993873
0.8909964828873703
0.5365518355251913
0.7661632077823455
0.7571446381368984
0.8380922361322106
1.0
0.7780039342664475
0.4054157642927636
0.834762522075632
1.0
0.8233063247847375
0.5332804125048993
0.8415762713915262
0.7782281423283758
0.5825845473959748
0.900477349149279
0.47121573356405894
0.6113645569968668
0.6250596830453664
1.0
0.6572594892586984
0.57658397087472
0.8015875483676487
0.7666169763210388
0.70506698245156
0.604748177589568
0.607760763561433
1.0
0.7902225001414493
0.3367975517396216
