0.7250300675115213
0.6579971355235013
0.5557801350478975
0.7912439553991394
0.3649603664481281
0.3303146255153665
0.5100019327669509
0.737153344596368
0.6334599489704966
0.6179483338598181
0.7995531883759492
0.7403118154540593
0.75987240819634
0.6899550314095615
0.7068658261851845
0.5266348654439131
0.6044382404832348
0.5622807346817322
0.5252708626357464
0.6476479901587424
0.47274647146529325
0.49597382433831616
0.5287628504375597
0.2980282533694453
0.4054512791667497
0.568660089948077
0.47337681409295895
0.5311122625548812
0.9138892998245612
0.6387424197775594
0.42377445827789895
0.33369051932095395
0.3182124899738031
0.8671346256215506
0.3362351663857265
0.3583336002139903
0.496646632788034
0.7625517095177394
0.5290647640172119
0.5072330259066199
0.6112175872681584
0.44528400227965836
0.6362104594953721
0.6660875982299821
0.5613098604071836
0.5003845092163174
0.7735499242700561
0.5578589457489495
0.726629965305837
0.6989852205205547
0.8018634738400912
0.4713171858667434
0.8417505837547676
0.5752688481386226
0.6445635624747124
0.5666412202116156
0.5679770522595923
0.5617799607789149
0.6710805901621603
0.6018384365931508
0.7297959548940696
0.641274308314677
0.7365146935937823
0.4860985810647853
0.5478229952003393
0.5702157540465931
0.7192191475561269
0.4777137370795653
0.5875126559599997
0.7118152826109814
0.547063343717084
0.5657339637423564
0.538167786925787
0.6106370019563102
0.5144733303905215
0.7932131629469963
0.5820011611829223
0.620108770540257
0.34648038564425526
0.5641081035627249
0.752573006634059
0.6784596531057879
0.5264424537680608
0.45647895765027735
0.6687583104652209
0.530931299391539
0.425856652673934
0.48558899846870296
0.5599392805942722
0.6547199140744941
0.7594683224187906
0.7036373809611167
0.5778924081236726
0.7034031677272856
0.6176355381227636
0.6413442823767557
0.40374901623100223
0.4833368072072759
0.5599345513365248
0.7077948638844132
0.4218833937839459
0.4785196432684147
0.5712159815276647
0.5963717201446672
0.43537341641352456
0.6551752784645186
0.4425402378313335
0.5096373372040621
0.4413277739830119
0.5764226274884665
0.7637968964631505
0.48339402483071436
0.4724640889411106
0.705857829910415
0.6950328684664815
0.5789394868561446
0.5495925341021659
0.7696139485205824
0.418140752494381
0.786332411163395
0.5649809707097353
0.5781391402666598
0.5406352663909882
0.6438822234259377
0.5641908079807992
0.5396817520172557
0.7276606828725355
0.6080311001089491
0.608996604074153
0.3264668301825545
0.7498182766227364
0.665429241532504
0.71839153978619
0.9167162038662303
0.6529167379808953
0.4854248605853065
0.46886115118894534
0.4778283677374
0.6150255454163225
0.45006162991716336
0.5631843722715797
0.46376248182612423
0.6428337446289034
0.8381272674203981
0.559571188991139
0.29231510306238107
0.8490972636251055
0.3899843063469772
0.5303911522588957
0.5867452636955743
0.8721166302431606
0.7662309327982642
0.7825162480946108
0.6814098753829182
0.7905754720041716
0.43825965149628404
0.6063723243784003
0.6933246875492513
0.599630289815636
0.2781633545785154
0.5628796132344361
0.542558636102279
0.655137658421494
0.31765156439630227
0.5082359927717784
0.6813123464591018
0.5988272582747891
0.6070317962776561
0.611150137866441
0.6260263064630673
0.7473555264959267
0.5362721945385232
0.7540597526263881
0.5009965814620116
0.49435003410302225
0.450964081019899
0.3918525900773746
0.5938407309666365
0.44694325660321454
0.7317541868125672
0.7461834537751317
0.4945490670750793
0.3942424660726518
0.7629039013216428
0.35966341433449533
0.7161978331985566
0.7270149806722429
0.592462476307679
0.36407386959892296
0.3880288005674357
0.45925892114514444
0.2943932858608511
0.7029565809342608
0.4527554174355032
0.6481434324359692
0.48703169770478993
0.7791846741486288
0.5939762747682308
0.6606508402452269
0.66013543367608
0.7254048582743836
0.7997443988651022
0.5335644179701236
0.3015913655872863
0.6000441056734584
0.4542313809505335
0.7476070175875307
0.6936209877166073
0.40038036170399016
0.7777334247748363
0.41270979765991367
0.6972532275481034
0.8450173560497408
0.650171615717688
0.32294989871934887
0.49162825651405223
0.729625910833716
0.8046510283379191
0.5181870566041876
0.5040460537011222
0.8780034120010043
0.6641482215024481
0.5305410508271184
0.5708329997209911
0.47088326359281757
0.3478206352740113
0.7831321019921951
0.7777551650548786
0.2894052679718383
0.18158235916251797
0.5525907761433556
0.797943548112573
0.5579556236074269
0.6936047869747044
0.3421302185844607
0.43731744271122286
0.5187508332148283
0.8971639039402945
0.6377128020314242
0.7705465335213442
0.28717681711341375
0.5876511564869691
0.6348922825883996
0.8242673607220399
0.7942664063555891
0.6347964025695083
0.7718858457817398
0.4514320714343675
0.7236080618214995
0.6428563678541979
0.717161730417861
0.7028703599590675
0.7378113887502098
0.49744535358071473
0.7554995262097122
0.6614617441862802
0.36902243960297365
0.5483823384952183
0.636811124168895
0.5279581019265904
0.6201824953812971
0.717096340050322
0.579829065626475
0.5783793675593887
0.5416865664651174
0.6874616227850867
0.6830212275480816
0.6269122850853541
0.604828601880562
0.80456335288698
0.597485547988039
0.6117324137889569
0.3165241970446669
0.26695075122067835
0.6832372629841161
0.39879548112680485
0.6235746779902154
0.41251636812301096
0.6591909739636856
0.334850258759602
0.6496398059179118
0.576367022862508
0.49568592807829215
0.4635283640776842
0.7638021387364782
0.6920714304490747
0.31879054200555923
0.64147885905985
0.39434703249039504
0.48022054851602547
0.5353672439587601
0.3667150620419413
0.6500721136249186
0.4342910334565502
0.4623198577079186
0.8035268534930297
0.34846078009445974
0.7688487522885343
0.5344748408477573
0.45309159410916017
0.5704518030888367
0.5195520386640069
0.7206275684236839
0.5745558945414071
0.3274351452195145
0.7233253626220888
0.5577224920033979
0.4610294397960373
0.838799409414396
0.6817161299608059
0.7534172804781715
0.5536547947242498
0.6642655411483009
0.5851191596921144
0.7064124220809513
0.7456447114224952
0.4435105188746784
0.7416548422149889
0.421564835062909
0.6617977993459923
0.5990843122532739
0.6972188131462602
0.5434528034680061
0.4610043078085365
0.7513024013904167
0.6162794494107378
0.5466837985360665
0.7251725250992819
0.5225876163805103
0.4204058469658765
0.6979930133409372
0.6299626148375127
0.6694986037382868
0.4336193646875214
0.7268911169159961
0.3361608552157793
0.3504362405373451
0.788516197036236
0.7646535955047367
0.5662112834084414
0.6208060603006333
0.880091223596811
0.35430783655670817
0.3924957270385484
0.6894747510009539
0.549735583290025
0.5354468294049809
0.4482047942622591
0.584136542872226
0.8042887232837601
0.536485314863862
0.40909478736947547
0.49173232071550177
0.6012188531652828
0.4563390899175732
0.8616665700639149
0.5146262384432723
0.8764413981929605
0.7194502642807863
0.7489874016178228
0.4745723192691357
0.48069413119457616
0.5928764727968807
0.5382332790085668
0.5525378554563399
0.5803170372468804
0.7516356654453447
0.4998635026514979
0.4911554248125676
0.7100598753387035
0.7200408474571591
0.59263571012801
0.4842179057645719
0.7057287963019354
0.4046057807136507
0.711536710609398
0.6645765888587322
0.6965359983457555
0.4412760225336366
0.5543643574925361
0.457000063611283
0.39878837475611667
0.5566710046748305
0.37374068347616585
0.5241562591052777
0.6347150026173402
0.6260491987895407
0.5042145604783862
0.695859708656669
0.5660406583108121
0.791028110028546
0.713520872284826
0.6688704351229954
0.45643246399610904
0.8028581699491617
0.5951879148437573
0.603992810411692
0.3822609462379657
0.556785649393128
0.4631807647751587
0.5612785350702858
0.2921840923278035
0.5854472933922987
0.6199919121111717
0.568381456587311
0.731415356979834
0.30862117105117415
0.4660673533041824
0.6238577326748869
0.8099296640558311
0.5497257155782385
0.4595334123916715
0.4759887443071902
0.5090433768722489
0.49051996615963556
0.5711202636962934
0.6345451327592049
0.6711482013224622
0.6111303967845718
0.6451704113716621
0.7531529153746599
0.30087690645164356
0.41982850380465675
0.4939099194644504
0.8841936044585363
0.7401613987248066
0.5374930927415725
0.5827533274885763
0.5910559204248991
0.3397649150545441
0.7719983889541028
0.41853122088418027
0.6499787536707484
0.5799968815932685
0.5897368207035382
0.6802591855556921
0.464724787318272
0.5094551007095207
0.6506134565205342
0.5555654179532381
0.7268236147099625
0.8554897521504294
0.6571827363537066
0.5009139669834506
0.5347477310575235
0.7883715292706273
0.47121375491837525
0.29153725496130445
0.61966844182221
0.8860912344727472
0.8914898796939495
0.7411103494306847
0.442281717758873
0.6073359505039977
0.5198004785219978
0.8270137190855711
0.6494152681054819
0.418869343069435
0.34930732220948757
0.5189475932423682
0.775318096414608
0.335753779387044
0.7685002777408263
0.7873170692421358
0.502288091698217
0.5734115466164083
0.14525425945565384
0.7548930231808664
0.43289834909028974
0.6261881188750507
0.6262278719912695
0.36710066712441525
0.41646227693679994
0.6685697732888658
0.3037350703566376
0.33680488963565103
0.7359618957690309
0.59136554102883
0.649113482439541
0.3169712067740983
0.6427863638766722
0.5115513570052999
0.5787076426706326
0.4491234722611178
0.41870798178712354
0.7415322709044343
0.7853244379421602
0.6981128107392693
0.5067957864796628
0.5162251887141266
0.7291814869935402
0.48826860786575227
0.4115685708706754
0.553267577769765
0.37183840230698056
0.45928537651276125
0.524458557897402
0.7647233605654336
0.47371253659195245
0.39413723443784987
0.6833071700204214
0.5893232046852206
0.8041969429947814
0.2569324509910095
0.7511092261800003
0.8032970951928422
0.34410528160949155
0.5479646003182574
0.5208208053156462
0.6163799674425261
0.5619754837055528
0.654559942429648
0.49893828348949876
0.6196106501267296
0.5451760134873134
0.5876158266967673
0.5427870940826917
0.6398238845456872
0.4824511735773934
0.7004320018805889
0.6263552775162868
0.575480826640518
0.6475045061077153
0.5657125570041751
0.7242583744693409
0.5570524977173679
0.5252872837367788
0.48308232468918
0.6336152817171439
0.5904214206063795
0.29509655958682013
0.878920859693306
0.538029754357838
0.6348238603880509
0.49816918002171395
0.5967929654978046
0.6287456606023216
0.7788977861547645
0.5390173227028874
0.7691982385214386
0.40296060266312517
0.4968513200000616
0.5003845092163174
0.6035132679487646
0.43224694750317594
0.5236478742775199
0.7195741611275177
0.5351180411409281
0.5439570023263219
0.5154008323359478
0.8720052750805374
0.6395886879843038
0.8741149965246422
0.6004342631392077
0.7196475768029233
0.5672843503980223
0.6039955312261279
0.551298274971123
0.44733484560636005
0.5955560864390665
0.6967767933053284
0.8328084855072647
0.5094890137174342
0.3794411098041883
0.564535265178823
0.6678978786107095
0.5785926687432184
0.9317063842906963
0.6521303312102902
0.5684115096778819
0.6156184331800157
0.7615348954908983
0.42980612285912745
0.7815894307819566
0.4505549995303797
0.6556936416803953
0.5358865256455045
0.5397679561418474
0.7208659663475195
0.6115994791022241
0.4414782628630884
0.6309930611844674
0.5789687355237798
0.35672401538450915
0.6442357088293066
0.6556616302389799
0.5619314451766616
0.6243589334150672
0.18395674436770998
0.540349305959757
0.5876480542657103
0.5483706485302299
0.4200109630244404
0.6235364647499214
0.5392938400407268
0.46991308575229723
0.5548352480086733
0.6487676382916605
0.33458736552774315
0.5532487919592786
0.7768284574220837
0.5122296980180219
0.5011764357948466
0.5870152062143016
0.6888974459037964
0.7561486978630455
0.7075787941828708
0.722467768689582
0.6969340618683528
0.6186070053383913
0.5756263264512214
0.40892354649420004
0.6589495486527115
0.6928458485135685
0.6493876599904467
0.7426585403026851
0.49831391843343215
0.7520480251228456
0.5613194579166694
0.5276756749931559
0.7341942149765083
0.6976209632731514
0.3120853403277203
0.7281474273002817
0.5713799672015731
0.5562033228959833
0.5241977751337976
0.6630396754411444
0.5648211103428459
0.4480972291606116
0.4954264174375258
0.2474240955033444
0.3509232845196712
0.6017492506767645
0.5529614259453053
0.5329846998057473
0.3575628731187228
0.5515437278405269
0.47774273560710995
0.5665808702657569
0.7021370159062964
0.3498687575362107
0.36336524029300865
0.3567158802599357
0.8463533480722152
0.7959939572719126
0.6305190324523305
0.7304137992827582
0.7185948890373767
0.6733804888317743
0.48129812137938455
0.7782596729383331
0.6021399839034461
0.6339678926967813
0.36793987170389053
0.4394948855379274
0.6415545041729356
0.7843478189478352
0.5254655569769966
0.5329031703300585
0.7957013931551546
0.3882539472253609
0.5527694030309317
0.6684756806897201
0.6590186081592241
0.5602550289481854
0.6343248484641082
0.5646438667021316
0.48273397737974055
0.5499485161498845
0.7787214581517898
0.6388653439917995
0.7246576063532649
0.34500410040441587
0.6005543420833599
0.4821627226038663
0.7687856646945355
0.6889405317630628
0.6252138414266646
0.5954373695389361
0.6281984276779151
0.4567163217365151
0.45047435526694485
0.5990892401145292
0.7855837892495587
0.5284215064155644
0.8034272355991636
0.5955408310754555
0.41357988604707263
0.4574979975452532
0.781083399281796
0.5170920412691995
0.6738450337821069
0.4394454980476286
0.5048437204490117
0.6331837843405554
0.6175502282316422
0.5319982533116194
0.6245048490490981
0.5582985086982171
0.47358084149430746
0.6610855722474221
0.6219714053990244
0.6905720708325505
0.5804586783085914
0.6073748785880587
0.6987642447722232
0.423644192552033
0.7088142242673332
0.4928155989519506
0.6707883872835481
0.3215936826192687
0.8158140348726365
0.5328632453404015
0.710416414516348
0.7615005696800587
0.43692249194347743
0.8125688243948319
0.803183373610451
0.5629599100254574
0.43526923901934494
0.7812938734931543
0.5797612731095338
0.7567971822498275
0.7104020470791996
0.5005089375150971
0.5561782332654552
0.7164250687417055
0.48988019206753275
0.6060659331935987
0.6565448331772643
0.6433774961249845
0.6820653496739534
0.510829725832243
0.7674729603770069
0.6422338255863997
0.594437153003251
0.4600869540644821
0.34793704830775873
0.8150916084757123
0.5742654898421509
0.8073237742215709
0.5609110336515829
0.7091054764178193
0.4972120388335793
0.3959839583264869
0.695618134497964
0.574387487243174
0.7363384734391195
0.5513682299369205
0.9989307130413775
0.7707325308941129
0.6200175635186712
0.6396777994508855
0.9989442678323066
0.6572905524489892
0.9988606224089591
0.8207582743600526
0.9985338262604817
0.5641567348554315
0.9070457727338896
0.6216553776012557
0.9697953834665216
0.8183240949560975
0.9184672853344301
0.5925402851495789
0.9168230638127579
0.6399403529096839
0.9168230638127579
0.7139788772655542
0.6384585858401015
0.7798295641988274
0.4593962894700882
0.832464300923351
0.9983996956674814
0.6090124373961445
0.8951025987706085
0.861117668258625
0.8408438209202627
0.678950037663264
0.842119625102602
0.9121012376095183
0.7741106895418137
0.842119625102602
0.9969169473208463
0.4384366356138211
0.5949094701667417
0.7446974323456599
0.9935848086950784
0.7955226556946318
0.9943195724789236
0.9613315083391178
0.8754558682955969
0.745161817536277
0.745161817536277
0.745161817536277
0.7479457002678851
0.7479457002678851
0.745161817536277
0.745161817536277
0.8375373135849744
0.8449288394230385
0.6921727987486541
0.8193975463958952
0.9393105531271462
0.9019239346469614
0.8009952482883597
0.8857276876399185
0.8078961385246846
0.9338476464689096
0.6880536765161913
0.9987352267886924
0.6292823509937895
0.8283909573366487
0.6971990035894834
0.6513707712458111
0.6482056620159645
0.9912720464797014
0.8137439837678413
0.7022648081705893
0.7215043710047204
0.3962647536275217
0.8741998400581233
0.8054919628297075
0.5936735034661892
0.7201134100236622
0.7994556578894546
0.8688532275308027
0.8489590952964183
0.78791245107519
0.7486094283460459
0.8367110523323663
0.7314547328917858
0.7880947674983294
0.6056984319105227
0.7474613042973317
0.7990676887938217
0.9145098741529012
0.7258128514615234
0.9988538491115004
0.9254558695571847
0.8395488146483783
0.7368967843561778
0.6040006309463917
0.8734048825442772
0.6459003767585564
0.7131394463786864
0.9949853554600416
0.762770326250607
0.6206181484043345
0.45336169378913516
0.5193028437537777
0.6363718941269029
0.818142329281029
0.6692826630935256
0.54825928712288
0.7841021134854447
0.8231436830735093
0.8009467451913277
0.8462953937664583
0.855666014356985
0.4783474612011722
0.4600562161231543
0.7407615424857079
0.5742089682236471
0.6293406308414804
0.7785622840717737
0.7709878711123901
0.5920427271612312
0.8229387141515836
0.24911870783216591
0.27261565360263473
0.45831256174956614
0.6056907578105187
0.2868588834418387
0.31035582921230753
0.2868588834418387
0.5764026528615007
0.4189424082909745
0.6581878886303154
0.5415655052319468
0.4189424082909745
0.9972902440595897
0.8841182034398525
0.6015769913870052
0.8268222230853259
0.7095099970414771
0.7436061046316575
0.6759520613689476
0.6573722517725876
0.6756977153397685
0.688186488839527
0.4817995461871338
0.6910491837887511
0.7223246602227348
0.6941308368008379
0.720614016920489
0.9993723480831541
0.7270451704408751
0.720614016920489
0.6011672483797222
0.9916828289661903
0.3055254233849053
0.1242117922364377
0.6146555298772214
0.68052673944516
0.9954831337958718
0.9955999541016585
0.8268013938077798
0.8105086415658365
0.8105086415658365
0.6857888182038097
0.35255336077931676
0.6010073458836913
0.7217218653174161
0.4180005052644694
0.8539307418002706
0.823895585336542
0.7854858732123395
0.6095691372290883
0.8854481905481901
0.2277141266920995
0.6907377938999446
0.7025515148398422
0.6372763682371383
0.9911679138134551
0.7117902557862483
0.4955843766828487
0.7824090700818216
0.5888734775337106
0.4580951446584518
0.18406630060483725
0.3909503405056879
0.6000054240467918
0.7668358692633122
0.7468946499577847
0.2642880219061596
0.2642880219061596
0.21418700863387008
0.3134571218407535
0.5213179827891739
0.7417560748620705
0.7633444790377315
0.7006464538529682
0.8786307662086167
0.8479121241666376
0.28351336338131417
0.6135605477039272
0.7652986144636471
0.41332586987372943
0.47288551651373906
0.5842189773129522
0.5923051924681351
0.6954134618732785
0.9262309767477928
0.8531469377214098
0.6790295277487408
0.5571104795608119
0.9429568355797299
0.7466793473587782
0.6636959743282054
0.7238457759789134
0.5977205648873658
0.6536244632655641
0.9524029765545363
0.49909636557896453
0.7852265605095156
0.29971037776182885
0.6472594772404747
0.7197915349475953
0.6399137585521836
0.8553433855442165
0.6914914398390481
0.6643124104886229
0.8942304666741638
0.8256945863923413
0.5007003198279667
0.7577016256133698
0.7633166192469962
0.8143716107150263
0.5323718930757921
0.8996191428055934
0.9404113361326434
0.7133183042437873
0.6114176269855314
0.27309198238294524
0.505625308116244
0.8311605723804097
0.6067031683407949
0.41779098558402117
0.7421980371161945
0.5852022463979412
0.5883487802985443
0.6073519194030745
0.8684348117170506
0.36926640024150864
0.5903857291348353
0.6710598363758402
0.6919036098450609
0.4731332222413779
0.3816299360082893
0.7913025557137916
0.5057104920649765
0.24352637852077413
0.7082150716980383
0.6964503212648743
0.48117453933082904
0.7004044946708619
0.5722399306189119
0.35383321836408593
0.5738041803956809
0.7816226548661123
0.5892963548234249
0.5325449609850743
0.6381779713587517
0.5790031413009816
0.6836565691505652
0.2711973606218385
0.9930356945196537
0.6979425675113051
0.8730847721380569
0.834825373075126
0.28362886126653036
0.7808747289159383
0.7364712587654181
0.41887128909580373
0.7354030676216512
0.6426098123460198
0.46500361051624095
0.7446719573000752
0.6498603880475924
0.5161190467861112
0.6786994354097051
0.5478415280842255
0.8003179248447416
0.6784456305321666
0.5003231693096111
0.668301259194907
0.5064009048031615
0.9516824395150012
0.45827882445187335
0.28528501367732784
0.4031017549046182
0.35610608532986443
0.3208666881965505
0.6790980323677314
0.792942987581329
0.6136694254078261
0.5668534507552674
0.2477214951260763
0.6882206074419432
0.6969040401796213
0.9497903907494096
0.6651829400045098
0.5191238710674841
0.927846785956155
0.5914730278067086
0.31985435471633755
0.38689133933013264
0.577613105075019
0.26224918313603396
0.7681726929066854
0.33242893841316595
0.7074670871589089
0.2282211390627742
0.16684299960799137
0.7521522746924576
0.6743899688119002
0.6928742907603594
0.6602955560947218
0.3965308447620922
0.7159949238894472
0.7913506343001746
0.39064653198619353
0.31072510546403126
0.6237302452996343
0.6237302452996343
0.3906914661546062
0.40501058335045925
0.33570290904769506
0.2390454175376457
0.3533738056029795
0.6407937982662096
0.5769468668716466
0.5670549679828636
0.7079965676779801
0.6582345709135764
0.48478638898399473
0.7798698814698501
0.6307957871098449
0.3252248434997873
0.7323034737999137
0.5481520396489836
0.6527268651958981
0.7650142936789617
0.6686880443412266
0.5086643450665871
0.4134926238338479
0.3045018914727977
0.41264156814677344
0.4429517333432218
0.4472726587136889
0.5034026440690531
0.6275996531947697
0.3785436078608068
0.3366403879247168
0.11560088119282486
0.26969896524474923
0.3185431303103975
0.5884147107190751
0.4787485409191816
0.5302703567945775
0.6693481909889328
0.5852118525885611
0.7394897717265043
0.40850966428962154
0.46968021104463886
0.8326217031699549
0.2476385114297432
0.6827952318799766
0.5193175366494893
0.4926436919761852
0.320555488026809
0.29093141288161084
0.8201157516590107
0.5513478709215839
0.5204212245803874
0.30139556662556255
0.391652092818809
0.46569763000754794
0.5362606746743961
0.514204738439336
0.3743282348973369
0.2395797001558746
0.25297495833838857
0.5117544905268847
0.8072693525873907
0.5841003959555384
0.65801820827239
0.6360486897813002
0.4841832050539068
0.35524324617752784
0.21159715049433275
0.8026536155017177
0.34829243627579143
0.4492704621932276
0.24470843129315173
0.6748204698429747
0.7674794287593141
0.5988734872311923
0.587462381884355
0.50114913639149
0.6043233564842936
0.4205444225675824
0.8641146576459365
0.4967077385705564
0.23303167292346194
0.49816829733197765
0.7107657915503218
0.8723810643854518
0.46370891718060947
0.5317644280090883
0.501426025631442
0.6752944979299527
0.6385937504407864
0.5684191587436109
0.6858092310239516
0.36129514499019244
0.7540334799110218
0.7022382507906867
0.7981846277893379
0.37385431776095224
0.33324081140681133
0.4890404665091559
0.23904569533027423
0.48045020948723993
0.32648162076951276
0.21033437148351616
0.27209554356436627
0.721321282030402
0.8312456787114798
0.6254005168554952
0.7738602897348623
0.45172592950184587
0.45481339905490065
0.6033520530836424
0.8439277183224765
0.7587310161712679
0.6658285188835953
0.35788980666023107
0.6860598998088439
0.2061920384850801
0.21217714310735586
0.3116139381213013
0.6706876138763627
0.45470616838062894
0.5614327195111488
0.20298259417993525
0.4266577065148317
0.3021035211654805
0.5384195781382393
0.6957867098295503
0.30018345992172035
0.2525212489519724
0.4201547902139274
0.8810462736226349
0.5795787829619377
0.4877112628867546
0.822992328455489
0.8059883568978252
0.5318334096996857
0.5073308286582079
0.5119210088016727
0.24009937343127524
0.43385873751165394
0.3292511473570978
0.6009572052712102
0.3743428036510464
0.5042557856005156
0.4314206471448311
0.6101091587356122
0.3075796078490827
0.2959044462958289
0.5402580092429462
0.3390137131367266
0.6167794312163258
0.31232378691476537
0.5172500082635427
0.30663423595324824
0.19835823889907978
0.5979387513967228
0.48625462517741264
0.2676934527543656
0.28432993277054275
0.7280388929191415
0.3755717044576097
0.5297223793147011
0.8024654759481404
0.38996954110923376
0.38047744444783915
0.30084863817762225
0.1802532130596245
0.6976840031449738
0.29204730230123166
0.38667588867203023
0.3752669245779532
0.492223455129929
0.689761805817272
0.5638394416307335
0.6462210593518157
0.3489923624968942
0.42478914664205025
0.6390752443141596
0.4579123635477756
0.7571101742492935
0.29641960561814557
0.18800778908438265
0.631921355859647
0.5233845242546014
0.4191912848032686
0.3206084844407352
0.4378427777005236
0.5935004824318451
0.5699007241320011
0.8737153686894206
0.28624404292113237
0.7432798895505573
0.18094672611459492
0.24173477634889684
0.4575021303710309
0.40828126495456796
0.3566911087037693
0.35494909122526586
0.19671869823375424
0.46864889096704604
0.6656449239732747
0.35575007580877704
0.545180031842612
0.6263635631797282
0.6692967486208843
0.5371923154439551
0.46214792533532156
0.46897708261816873
0.30725891615899004
0.36398418787486597
0.19096201375419458
0.4588468844888305
0.3252032004030828
0.47448619487142285
0.6599652503950537
0.2865027589497089
0.27483130262841704
0.4219168161057286
0.3342499597211319
0.5137980521342509
0.3796136325678874
0.49252292673531084
0.42387436996551753
0.538919592853287
0.5536063884895073
0.28951373234822797
0.4604184817070882
0.4912877840124633
0.21156081960710915
0.6330467798121927
0.6988217158989276
0.4124386803059874
0.411846751648968
0.36079135512034377
0.3475385027828035
0.37833782603295096
0.6107899867326831
0.5529899447582604
0.7557498207379691
0.2556537821092102
0.5425788028386314
0.4517963728264607
0.4327922098717387
0.47910647501705306
0.3281151833100099
0.9359921257829074
0.40280410227207575
0.4465488170019988
0.4362407900020571
0.9016426556660861
0.45415528980067665
0.7564762364725017
0.7284049508589514
0.7063014587961859
0.5053734757045192
0.4279686542620236
0.3567874762877511
0.49540232615927815
0.3328606118854456
0.7774303459969489
0.7349937463481572
0.5621362545529304
0.35210795183514454
0.23848013923745842
0.4422605241068104
0.2843163412439739
0.5035810295537065
0.6411314105246432
0.41817007133812667
0.23424612827281038
0.4612551289680197
0.28053546862234324
0.4537507025666279
0.39484384588058075
0.6381819179846768
0.2670118667634166
0.5565892632805953
0.3101923573414682
0.21876003652401052
0.6177628946374185
0.5315198885408502
0.19338230777591373
0.38254465070639065
0.49041150859493404
0.22248302998765102
0.3083955354055655
0.6485110353024393
0.3079828448874767
0.23777840204485384
0.3949987820209355
0.3443006920411292
0.4259323622111086
0.24799236757986065
0.38618103254790537
0.6257197493254093
0.38712156499936756
0.6488264258437579
0.3508244989147507
0.27589285917156475
0.2575073798098191
0.48449625630364357
0.2342278102469118
0.5128777680590242
0.29632172424413367
0.44768679644423615
0.33640240309726555
0.5153866475618827
0.5768057856073228
0.20073860190954934
0.3682900993267528
0.2480943341157633
0.5513556984325012
0.22361180386459817
0.17913990857899814
0.3737602128995341
0.2711498921597645
0.5529690664421603
0.5885203144306377
0.20159916199231345
0.31287405314559336
0.34508729754393297
0.31607486219291103
0.6174887775056295
0.3876773366755247
0.4543515386156199
0.2509273218381968
0.2199036593140803
0.17262208483301678
0.4324483958671804
0.45563159329929626
0.7127874819783047
0.26407297243272243
0.26433885025546877
0.33562067166859844
0.358296428061446
0.665510133578513
0.48098248255937803
0.25078112269068076
0.6582473820651515
0.7189498730188872
0.23004045250422528
0.6105521272413585
0.3769319793185383
0.4413107430280191
0.41070083592914286
0.883047143648052
0.6598618708728337
0.29407748745382956
0.4962632731658886
0.5250463822417839
0.70881077918668
0.24100996330511743
0.35727693659881166
0.5942602975759759
0.3194324442853558
0.2935716730718053
0.34226970959784175
0.4789073189549695
0.4332976165593777
0.2496237235667657
0.4072162992115601
0.2121426112598704
0.1555613985094803
0.4428013072917869
0.26956573606162604
0.23820604428517236
0.8114178025209245
0.39484085283840287
0.7620169951596911
0.5701962264886818
0.1647516453986595
0.3628788846302645
0.5724322222458578
0.7982977704137472
0.40777883871971754
0.6177941154137684
0.4557306499563428
0.6082421838669879
0.48727801572444673
0.11592244711754608
0.42588730658571333
0.5273683417763692
0.619305811886743
0.47522363480108143
0.4727761771188502
0.6351835947314984
0.4711899969032677
0.2715639546327541
0.21421131459816634
0.24192728328142818
0.4694205409623365
0.27145098118412825
0.486613722631975
0.28528303756470985
0.2463096925166887
0.26198855020637063
0.4207669516872679
0.5222952884097787
0.2712621105744269
0.3489460072254076
0.5243310717644748
0.2583721426834391
0.4462103911924092
0.37553656882421216
0.3788397261076021
0.2922844003666662
0.2752604554089556
0.38473913436924223
0.2962493462643003
0.281817072313715
0.23844736662789567
0.6755119280033872
0.5268107875162206
0.9021892446781647
0.7254206959157632
0.4009785186853907
0.2561216189446866
0.4014643997309347
0.3384888784069324
0.34967622200577386
0.29022329210449926
0.27898503935416497
0.20395161832975675
0.3869214545251328
0.5487776544907729
0.62912033722141
0.6963389000812872
0.5884575155485934
0.7591815318173287
0.6734522687970517
0.6829294339178085
0.5177771042937576
0.6433168509414338
0.6706788855239447
0.6471665468143486
0.7813407792346543
0.6898024832626971
0.7708445162904278
0.8039905465331668
0.8014071852816801
0.7656888144261489
0.5675823712264418
0.7924789994636445
0.6912788600760552
0.4276337839297072
0.5630552859750853
0.49837595824226255
0.6376463054117608
0.7170267804825687
0.8932670394370805
0.6031486987837509
0.3039872540724263
0.5624538237709232
0.8312117394621581
0.49371673359290347
0.7393962114024283
0.7208803572598823
0.6207731502924809
0.4398005625967406
0.5868312493774868
0.6347215705342414
0.5364845381961463
0.8222548226047856
0.48628595601482943
0.7156265732579511
0.5113269815977982
0.7158627907654838
0.8900247521052611
0.5291723511594106
0.6932102501020905
0.5160535363887563
0.9897847467359863
0.6469553120244471
0.6481028147411381
0.7028270139298416
0.6802522660411003
0.8696989269980926
0.6916993332843084
0.508066011629187
0.4396227531763474
0.6300280466617714
0.8224684860122116
0.21972167731234574
0.5289635039098648
0.6326546204514711
0.472332571160632
0.737706967918259
0.7416619529407923
0.6598831368322949
0.9218932882781838
0.6774467297543216
0.7154159630330672
0.6192996780524935
0.611246552186492
0.7167925990218377
0.7785652373949075
0.6804025541924941
0.7387835433811014
0.5366514435302161
0.6400282550404239
0.6591099665916103
0.6127833741443708
0.5419084553811064
0.5012074581470912
0.9074244682670289
0.5796313222166738
0.6096673304499001
0.6426292616675094
0.6887341209159938
0.645062046094492
0.896614535835571
0.7664947353457365
0.6055417685766197
0.6404031681110761
0.8237028665560996
0.5804808868671938
0.7331691862864722
0.41492037110490493
0.6347455925583482
0.607408292405269
0.7163488149630864
0.6311014368193737
0.6270659384670276
0.9902479859060486
0.6228234376342329
0.6279646294352794
0.5947238954663129
0.5886872579836211
0.6400730293357452
0.9171209886311382
0.985575184513536
0.6766304182085308
0.48508452194248913
0.6923431314157913
0.7349312557029123
0.7381543819706233
0.38221812896930696
0.6270800470745697
0.7816818639974077
0.7274956451048613
0.6172786305898197
0.6563579185583928
0.513208901093412
0.6249657058717513
0.3134073727064931
0.253086403671475
0.6065029167903788
0.4541870347564234
0.5214593898420636
0.7967593994146377
0.5410088527290708
0.745168743645523
0.689301842264781
0.5718337437480433
0.6332084254009966
0.6965668948037681
0.6644139850428192
0.5841639131540083
0.638095759979268
0.6731116394020604
0.6423739569156316
0.44108475625272847
0.6333327698937552
0.4684871468636568
0.6586858499332864
0.7916348400251849
0.5976304199921368
0.6455330053660978
0.7485321780603438
0.7042061630077754
0.8633800046332423
0.6074901022953292
0.8182599245420092
0.7284101527621343
0.6140148893897012
0.7129421736626542
0.1887138156634417
0.729215368156515
0.8125786774836925
0.6046711477198058
0.719062925148535
0.6901868438896761
0.9902479859060486
0.6890057956350076
0.5486952726597156
0.6710163176839483
0.6259333940603107
0.6762768511885189
0.7836355373553281
0.4007738087565035
0.7490838083794571
0.3432652321561356
0.733848304361117
0.7628478732750796
0.5568389386203996
0.5047876579481089
0.12457098328601388
0.6562157081515706
0.7408975443083616
0.7676129587956192
0.6866790110437158
0.6160875360976978
0.41194050606893784
0.7977991563432887
0.6617719598799805
0.4950932234027885
0.7288396370163377
0.4812243451826363
0.7522454982873746
0.4507234869815485
0.400142720396583
0.637361896673304
0.7429164362818179
0.6070679847585868
0.4892725331740344
0.4461421707939084
0.5716947859313721
0.5525186451187748
0.5778593799624906
0.7090821486260517
0.706243131335138
0.6730725991432046
0.6897121315135759
0.6152990051734744
0.7317061643385048
0.557317070387285
0.6223455853019438
0.23235906624203442
0.7196977505096207
0.40325980781792814
0.5873292103638424
0.7246718955179139
0.6348677740537427
0.5993010940568844
0.5379438727830218
0.3167828879633572
0.9369724543043865
0.6238553089091301
0.6305267446615234
0.6814453327989307
0.8972583428828079
0.6598533130140374
0.6393212949162789
0.6356602066912964
0.6369010886480341
0.3265088540527783
0.6407220986660436
0.5666658905779696
0.6273045816700934
0.637569961801763
0.789345750911129
0.8108161845681641
0.9467362405626588
0.8479216496505819
0.700376763063247
0.7017739909928113
0.7625167429747681
0.5531565016640989
0.6655937730647792
0.3354517506606056
0.5666379960957312
0.19018584577726771
0.6326294200649816
0.7152200164360154
0.675687877286847
0.6781679868194248
0.6472083024231914
0.6493333440524842
0.6151828205129362
0.5479364039807012
0.6253861652750574
0.8749221194721967
0.8017345341667503
0.541484720554597
0.57027809503907
0.6083060876965449
0.7162334970188959
0.7003598829378017
0.6404488017386256
0.6943661917039994
0.9897847467359863
0.7127095357763651
0.626633051340063
0.4163112431164316
0.8682526740012215
0.5374492774528913
0.6392034123581061
0.6027101218113452
0.6192672757321487
0.5801463642722695
0.6001322754739282
0.8111708282414739
0.6470897374014384
0.5446877565126358
0.5181671008986604
0.5493695681406828
0.44579018344644245
0.5751333179453993
0.6542193284916451
0.6415478197268535
0.6721105661006909
0.6795076426785329
0.6154878050768595
0.6398792750137164
0.946703325489639
0.6874617316229285
0.6666927170099829
0.646570168948386
0.8870668271523843
0.5230090687434389
0.8417010046290294
0.4895694557072923
0.7119980218171633
0.6762768511885189
0.5519218056214112
0.8976248718557414
0.35606893436765286
0.7034037355567714
0.6295852387681276
0.6891557023337873
0.12389321440147588
0.7512429931890524
0.7073741828505109
0.6471658259562896
0.6263323812171575
0.5802567762710038
0.31497568726128644
0.5101563876325821
0.7035505532585236
0.48928240458580186
0.8532984871524396
0.46906801378327423
0.6195083739390621
0.8117734847405637
0.8177770427733683
0.6809415320534011
0.6481678137897817
0.6206015895564703
0.5627994346223787
0.8820430653804406
0.7196691015287467
0.7452974216878953
0.7860002888817013
0.6498005206957034
0.41344817468352735
0.65194677763987
0.4274585231001894
0.5741030036608328
0.7264391323738597
0.5330788101963645
0.563712018451245
0.589822865638653
0.6827871768619915
0.4933657501983757
0.5775139125141917
0.487106166427499
0.6646584411341101
0.6610597445417213
0.7483968933384986
0.12411122489048151
0.30496942720871056
0.7549166458230688
0.6156867480308417
0.6156690668328316
0.3500964813248416
0.661500010681374
0.6067258467727479
0.6694480928441258
0.6893363595615405
0.6969492982913658
0.7898941032329717
0.7326558079004348
0.7084333056796859
0.4677177263911984
0.7627817966155214
0.6544585094160309
0.7118585831893358
0.6038951423357828
0.6219827439024761
0.5567815444078825
0.7198829410572165
0.5849108778132113
0.6977039538527967
0.47149444589818124
0.7122355530516464
0.6083779112484877
0.5300316340190383
0.5109282271677684
0.5991791390375605
0.6601245530191391
0.6525171021313236
0.7725673813102905
0.7472616421851503
0.28287026312297403
0.6864580194731055
0.7711599773042709
0.7481645274691683
0.5179847141059448
0.5751329658755251
0.7082489593899901
0.6759253558603187
0.5905290152927793
0.6332813501883334
0.6918160340396042
0.5767125280596728
0.5640205215144332
0.6802636282126453
0.5530606169483778
0.5832364604768021
0.48315533649077025
0.5992875653593763
0.5848284253246702
0.5404385947728259
0.6499959100187005
0.5861678586857776
0.6381648984170161
0.6340718863744677
0.6601751400208528
0.6642350865020766
0.6749537796554521
0.5435360633791485
0.38473398359506733
0.8107115287414605
0.6518166526568825
0.6919210714742166
0.34964226024447226
0.5635507735594961
0.6015817522987347
0.5572914621097422
0.6492619587024242
0.6397519169056887
0.5746960631623996
0.7511100727688979
0.5917233122205927
0.6350049923245848
0.6250786194325992
0.7163488149630864
0.6719203946381112
0.5638610067974037
0.6200097714820262
0.7179088304258836
0.7287677470510662
0.5693675575828474
0.6842024890692741
0.6437066179952887
0.2471877128289055
0.5873440776580289
0.5887896508637459
0.7648390218418184
0.5575108561536066
0.7832412356291965
0.7388824576313349
0.7905031926863924
0.7406332035922925
0.5998349814878643
0.45232642259210626
0.6268325739564705
0.4839700915987858
0.7130657630486419
0.4970581876691025
0.6592242170214121
0.5426205676092171
0.621576210450097
0.6544507216852113
0.7106225571246882
0.3384221362367623
0.6487399776934897
0.6733382049030883
0.35711443196396697
0.6425592973384129
0.6381560472536455
0.669197125444459
0.5941300931553462
0.7046302403060463
0.5937782243788866
0.6444249064431926
0.7060699270665598
0.6618657776681605
0.5889876660014185
0.8478693918735278
0.5685533783483648
0.6312595312394556
0.7677909697639755
0.46859200451633526
0.4017250126752632
0.7221540286544874
0.6318352880700895
0.4036567347565673
0.7370560856817159
0.6903541990753678
0.6653021811581392
0.38272597405096376
0.6667299981218393
0.6942337064041906
0.5759359324794193
0.6931721198994931
0.4479179853942235
0.5750143441900069
0.5634554978566966
0.7252773344805785
0.6900608875962178
0.4876666334668861
0.7355155485164064
0.7686347663915005
0.7399624636722368
0.627759768480098
0.8464071939561022
0.626931948463938
0.5438440275676857
0.725132986015016
0.39339009250658963
0.6664729004995882
0.6925687327229899
0.4459014364619203
0.6349801168653775
0.6266444879745295
0.608730355713448
0.5230509121915218
0.6609684667985807
0.5977945439097136
0.4898377040000564
0.46903025673244714
0.4455353492453233
0.6084192739673377
0.6137775126194572
0.6218342329095607
0.7148659143691174
0.6621633029677638
0.7168818623837887
0.6610261044122131
0.5639613573280629
0.5902520025537683
0.7124313278924084
0.6052058318386715
0.5125325527439658
0.7623030461889426
0.6186103115867503
0.7149920422099507
0.5079185877742727
0.4227595981357597
0.6121465559231605
0.49961865860851773
0.626818236734012
0.5291408142363732
0.4373778928884734
0.8174926969085126
0.6713293949598446
0.5090192307874486
0.7460520662963703
0.41139184091484426
0.5159895044842737
0.7667446624357221
0.6762322207117594
0.6499925208887705
0.5854239762942504
0.5298261654964632
0.6624883329683784
0.6648992143405781
0.4259544835595031
0.6634794470060319
0.6407398417526937
0.6127313218844248
0.6665839298744682
0.5419682942799421
0.6686158509902298
0.12402803684850079
0.5121003873235045
0.5212518204305243
0.6305950792208885
0.5127858996510071
0.6835408123186093
0.6953209567497827
0.7161771271997421
0.7687133001705098
0.4229449779883998
0.8357689603034706
0.6161970093472361
0.6273968178991531
0.6653193369384167
0.6157901910236655
0.7904740228956635
0.6818239577658944
0.6723506334417154
0.6957199118452959
0.6012526055774583
0.5074659515774208
0.3591913642768319
0.7461235292810577
0.6902869191403564
0.4481005987664265
0.49927908443998503
0.43734750665831723
0.4862349143015777
0.6751028469403821
0.9074244682670289
0.5837737128221654
0.6569715526584292
0.5297643122301079
0.5141180694424634
0.7731308697707511
0.6555584006480473
0.37796601705732735
0.5637044762406856
0.5837532942226575
0.9452197279197154
0.45007812006647097
0.5496921381314424
0.5841369414761851
0.6025178720971713
0.4578025829090394
0.9428127980219976
0.6295852387681276
0.4140674455220396
0.6580853600890711
0.4120132963876043
0.6833480638166864
0.6591256430154928
0.6640665863377482
0.7438077583396765
0.6447941840182165
0.6377676737321387
0.7642355342642512
0.7551505490490671
0.5958184568699734
0.5415074309870097
0.445573773037471
0.9902479859060486
0.7202318663255332
0.4227569572111909
0.6613292960577015
0.3750224670450222
0.676672717711056
0.6650757935480105
0.5810822526082715
0.5434825480413248
0.565817583626586
0.7745952576307003
0.6846473803337554
0.32196966277192685
0.5468844980763313
0.8791226195903346
0.631181218900871
0.7331691862864722
0.6053992399064164
0.3771553364711945
0.4770606961772223
0.6685174355097208
0.7383573191192832
0.6648151321264042
0.3473218462451223
0.5845088126950369
0.6388307002942845
0.7374060127634441
0.571022826389137
0.734085004770423
0.9183566197892136
0.5867018085318532
0.6966578754842361
0.5004133039408313
0.6796723967649123
0.7018898553226842
0.7174925927944289
0.40436577822341535
0.4141188041279781
0.7388065587241839
0.49836078349780655
0.8517462514160294
0.3838873380840777
0.6472029289863775
0.6168774576652201
0.8178365545141657
0.6618293016778093
0.7172631020184557
0.6033556452685714
0.6869672504836256
0.35393654220699
0.6464246773162139
0.6834650496536411
0.5898096645399604
0.4547883175698404
0.5790812085639896
0.7498760753536198
0.5599750426192281
0.6149252686251557
0.5670097687092192
0.5748689095659931
0.6902450875540316
0.6502480760214935
0.7655527973522369
0.675114935973331
0.6149386352785775
0.61631375026675
0.7219043357180465
0.745724779818331
0.6787574311053812
0.6688792461368831
0.41716309222806724
0.5508887769486324
0.6492880777335757
0.49629887895803043
0.6028579425994705
0.4995970544583819
0.6132814111459219
0.5391994108943527
0.9745813701871593
0.45793879982046504
0.5172958346928123
0.6477818378173933
0.46608590477859085
0.6219827439024761
0.7499703572081668
0.6465069474068774
0.7625167429747681
0.5954690987230958
0.6340840519834807
0.48485753971405904
0.5566355712366307
0.5502331185551821
0.6354795621874737
0.6798950955285188
0.5390233629948383
0.6157962058856388
0.5746064626571854
0.5813102831808619
0.17741239620717206
0.7708445162904278
0.5430344991385757
0.6093405003659567
0.3956985337574336
0.7913878902515352
0.43591626407652406
0.6212144478214228
0.8084577826105703
0.7702070668600589
0.40325980781792814
0.6132905522347798
0.37496344993686925
0.7180043829364787
0.985575184513536
0.6761627478464929
0.5981249515360014
0.7329798566999057
0.568535709291178
0.5118659502746598
0.7259312927352194
0.4164827976479268
0.6822963665892883
0.5951880321614867
0.9451443786812042
0.6739449838911908
0.6116482777387957
0.6659188755521872
0.7144624289339201
0.9118913595299094
0.5929185141861446
0.6510058768490191
0.7163488149630864
0.7300662102332947
0.6563358046267713
