0.375
0.0
0.0
0.875
0.0
0.0
0.0
0.2
0.0
0.0
0.0
0.5217391304347826
0.35
0.03571428571428571
0.0
0.35714285714285715
0.0
0.0
0.0
0.23076923076923078
0.0
0.0
0.0
0.0
0.0
0.5882352941176471
0.15384615384615385
0.0
0.3
0.14814814814814814
0.0
0.1
0.0
0.05555555555555555
0.07142857142857142
0.0
0.0
0.0
0.4166666666666667
0.0
0.0
0.0
0.1875
0.0
0.06666666666666667
0.0
0.5454545454545454
0.08333333333333333
0.5
0.3103448275862069
0.0
0.08
0.4166666666666667
0.0
0.0
0.0
0.0
0.0
0.25
0.0
0.0
0.3333333333333333
0.14285714285714285
0.0
0.16666666666666666
0.6875
0.125
0.0
0.34782608695652173
0.21052631578947367
0.0
0.0
0.08333333333333333
0.0
0.0
0.0
0.2727272727272727
0.0
0.0
0.21428571428571427
0.037037037037037035
0.375
0.0
0.0
0.6666666666666666
0.0
0.0
0.0
0.0
0.08333333333333333
0.2631578947368421
0.08
0.1
0.047619047619047616
0.0
0.0625
0.3
0.25
0.0
0.3
0.0
0.0
0.0
0.07692307692307693
0.3
0.125
0.0
0.3333333333333333
0.0
0.2
0.043478260869565216
0.06666666666666667
0.0
0.0
0.0
0.14285714285714285
0.4090909090909091
0.0
0.1111111111111111
0.0
0.0
0.4666666666666667
0.0
0.0
0.07692307692307693
0.0
0.5882352941176471
0.0
0.0
0.0
0.15384615384615385
0.058823529411764705
0.06666666666666667
0.4782608695652174
0.07142857142857142
0.0
0.05263157894736842
0.1
0.38461538461538464
0.19047619047619047
0.0
0.0
0.038461538461538464
0.22727272727272727
0.3157894736842105
0.0
0.2
0.0625
0.043478260869565216
0.1875
0.09090909090909091
0.038461538461538464
0.20833333333333334
0.36363636363636365
0.13043478260869565
0.15384615384615385
0.0
0.0
0.11764705882352941
0.0
0.3333333333333333
0.375
0.0
0.23809523809523808
0.25
0.038461538461538464
0.0
0.48
0.038461538461538464
0.058823529411764705
0.1
0.0625
0.25
0.041666666666666664
0.0
0.0
0.0
0.2692307692307692
0.0
0.0
0.2
0.3181818181818182
0.0
0.09090909090909091
0.0
0.36363636363636365
0.5357142857142857
0.05555555555555555
0.0
0.047619047619047616
0.0
0.0
0.125
0.0
0.3
0.11764705882352941
0.35
0.0
0.23809523809523808
0.13636363636363635
0.2857142857142857
0.43478260869565216
0.0
0.0
0.0
0.0
0.47619047619047616
0.3888888888888889
0.0
0.13333333333333333
0.0
0.0
0.6190476190476191
0.0
0.0
0.6428571428571429
0.0
0.2
0.47058823529411764
0.1111111111111111
0.0
0.68
0.5
0.16666666666666666
0.25
0.0
0.5833333333333334
0.21739130434782608
0.0
0.0
0.2777777777777778
0.5
0.0
0.19230769230769232
0.0
0.0
0.0
0.2857142857142857
0.0
0.0
0.0
0.058823529411764705
0.2692307692307692
0.14285714285714285
0.17647058823529413
0.0
0.23529411764705882
0.0
0.1
0.11764705882352941
0.6190476190476191
0.46153846153846156
0.0625
0.0
0.6470588235294118
0.1
0.0
0.2222222222222222
0.047619047619047616
0.0
0.0
0.42857142857142855
0.3333333333333333
0.14285714285714285
0.0
0.55
0.15789473684210525
0.15789473684210525
0.0
0.18181818181818182
0.0
0.22580645161290322
0.0
0.0
0.5263157894736842
0.0
0.2857142857142857
0.0
0.17647058823529413
0.0
0.2222222222222222
0.058823529411764705
0.0
0.0
0.14285714285714285
0.0
0.0
0.17647058823529413
0.038461538461538464
0.19047619047619047
0.06666666666666667
0.0
0.125
0.0
0.06666666666666667
0.5882352941176471
0.0
0.625
0.058823529411764705
0.0
0.2727272727272727
0.0
0.0
0.0
0.16666666666666666
0.6
0.15384615384615385
0.15384615384615385
0.36363636363636365
0.2222222222222222
0.0
0.3333333333333333
0.043478260869565216
0.0
0.3125
0.21052631578947367
0.0
0.6
0.07692307692307693
0.19230769230769232
0.0
0.3157894736842105
0.75
0.0
0.35714285714285715
0.0
0.0
0.05555555555555555
0.0
0.0
0.21052631578947367
0.36
0.3181818181818182
0.14285714285714285
0.0
0.0
0.0
0.25
0.16666666666666666
0.0
0.0
0.0
0.0
0.0
0.0
0.0
0.0
0.0
0.3333333333333333
0.5
0.0
0.0
0.0
0.0
0.3333333333333333
0.2222222222222222
0.0
0.36363636363636365
0.28
0.13043478260869565
0.0
0.23076923076923078
0.0
0.07407407407407407
0.0
0.0
0.46153846153846156
0.21428571428571427
0.375
0.3333333333333333
0.6
0.0
0.0
0.52
0.0
0.75
0.0
0.5
0.0
0.04
0.3333333333333333
0.0
0.0
0.0
0.5294117647058824
0.0
0.11538461538461539
0.3333333333333333
0.64
0.0
0.0
0.14285714285714285
0.0
0.21428571428571427
0.17391304347826086
0.35714285714285715
0.2777777777777778
0.0
0.34782608695652173
0.0
0.2
0.0
0.0
0.0
0.0
0.0
0.09090909090909091
0.0
0.0
0.0
0.45
0.25
0.2
0.5789473684210527
0.0
0.0
0.0
0.6666666666666666
0.13333333333333333
0.13636363636363635
0.08695652173913043
0.0
0.0
0.0
0.32
0.4375
0.0
0.2
0.0
0.13333333333333333
0.25
0.16666666666666666
0.0
0.14814814814814814
0.0
0.0
0.0
0.0
0.0
0.0
0.0
0.35714285714285715
0.375
0.0
0.25
0.0
0.0
0.0
0.25925925925925924
0.375
0.21052631578947367
0.45454545454545453
0.0
0.041666666666666664
0.2222222222222222
0.4375
0.1875
0.3888888888888889
0.0
0.16666666666666666
0.0
0.0
0.1111111111111111
0.2727272727272727
0.0
0.06896551724137931
0.0
0.2777777777777778
0.3333333333333333
0.0
0.038461538461538464
0.0
0.0
0.3333333333333333
0.0
0.0
0.6153846153846154
0.0
0.10526315789473684
0.0
0.0
0.0
0.07692307692307693
0.0
0.0
0.0
0.4444444444444444
0.17391304347826086
0.05555555555555555
0.0
0.2727272727272727
0.2916666666666667
0.0
0.08
0.0
0.0
0.0
0.35294117647058826
0.0
0.0
0.4
0.058823529411764705
0.3
0.0
0.2777777777777778
0.631578947368421
0.0
0.23076923076923078
0.058823529411764705
0.0
0.0
0.1111111111111111
0.0
0.0
0.14285714285714285
0.0
0.0
0.4
0.26666666666666666
0.05
0.0
0.0
0.06666666666666667
0.0
0.13333333333333333
0.0
0.3333333333333333
0.3181818181818182
0.0
0.0
0.0
0.0
0.6111111111111112
0.2692307692307692
0.0
0.0
0.08333333333333333
0.10714285714285714
0.19047619047619047
0.34615384615384615
0.0
0.0
0.0
0.375
0.0
0.0
0.3076923076923077
0.0
0.0
0.125
0.09090909090909091
0.42105263157894735
0.2727272727272727
0.0
0.08333333333333333
0.0
0.0
0.3333333333333333
0.13793103448275862
0.25
0.2
0.38461538461538464
0.0
0.0
0.3
0.0
0.1
0.17391304347826086
0.18518518518518517
0.0
0.2
0.047619047619047616
0.4
0.0
0.0
0.0
0.0
0.0
0.0
0.0
0.0
0.0
0.0
0.0
0.041666666666666664
0.5416666666666666
0.30434782608695654
0.47368421052631576
0.21052631578947367
0.0
0.0625
0.0
0.047619047619047616
0.15789473684210525
0.18181818181818182
0.07692307692307693
0.0
0.07692307692307693
0.0
0.2777777777777778
0.3333333333333333
0.0
0.0
0.14285714285714285
0.45454545454545453
0.13636363636363635
0.13333333333333333
0.0
0.5833333333333334
0.0
0.0
0.0
0.5238095238095238
0.0
0.3333333333333333
0.0
0.16666666666666666
0.0
0.13333333333333333
0.0
0.0
0.46153846153846156
0.0
0.375
0.4782608695652174
0.0
0.0
0.0
0.15384615384615385
0.5714285714285714
0.0
0.0
0.0
0.3684210526315789
0.4090909090909091
0.0
0.0
0.0
0.08695652173913043
0.0
0.12
0.0
0.0
0.15384615384615385
0.5294117647058824
0.1111111111111111
0.25
0.1
0.13636363636363635
0.0
0.125
0.0
0.0
0.35294117647058826
0.0
0.5714285714285714
0.45
0.35714285714285715
0.2727272727272727
0.08333333333333333
0.0
0.45454545454545453
0.0
0.0
0.5
0.11764705882352941
0.06666666666666667
0.36
0.19047619047619047
0.05
0.4
0.0
0.3684210526315789
0.0
0.2727272727272727
0.16666666666666666
0.0
0.25
0.12
0.5555555555555556
0.0
0.0
0.0
0.0
0.5555555555555556
0.0
0.38095238095238093
0.10526315789473684
0.0
0.0
0.46153846153846156
0.0
0.0
0.2727272727272727
0.125
0.0
0.2608695652173913
0.0
0.0
0.15384615384615385
0.0
0.0
0.3888888888888889
0.07142857142857142
0.05555555555555555
0.43478260869565216
0.2631578947368421
0.0
0.19047619047619047
0.0
0.1724137931034483
0.0
0.0
0.037037037037037035
0.5555555555555556
0.0
0.0
0.45454545454545453
0.15384615384615385
0.0
0.0
0.2631578947368421
0.08333333333333333
0.30434782608695654
0.6363636363636364
0.1875
0.21428571428571427
0.16666666666666666
0.0
0.0
0.0
0.0
0.38461538461538464
0.0
0.0
0.0
0.0
0.0
0.0
0.5263157894736842
0.05555555555555555
0.0
0.0
0.0
0.1111111111111111
0.07692307692307693
0.0
0.0
0.0
0.08695652173913043
0.0
0.0
0.0
0.2
0.0
0.0
0.0
0.0
0.0
0.25
0.0
0.0
0.0
0.0
0.0
0.0
0.0
0.0
0.0
0.0
0.2
0.0
0.0
0.0
0.0
0.0
0.0
0.0
0.0
0.0
0.0
0.0
0.0
0.0
0.0
0.6666666666666666
0.0
0.0
0.0
0.0
0.0
0.0
0.0
0.0
0.0
0.0
0.0
0.0
0.0
0.0
0.0
0.0
0.2
0.5714285714285714
0.0
0.0
0.0
0.0
0.0
0.0
0.0
0.0
0.0
0.0
0.0
0.0
0.0
0.0
0.0
0.2
0.0
0.0
0.0
0.0
0.0
0.0
0.0
0.0
0.0
0.0
0.0
0.0
0.0
0.0
0.0
0.0
0.0
0.0
0.0
0.0
0.0
0.0
0.0
0.0
0.0
0.0
0.0
0.0
0.0
0.0
0.0
0.0
0.0
0.0
0.0
0.0
0.0
0.0
0.0
0.0
0.0
0.0
0.0
0.25
0.0
0.0
0.0
0.0
0.0
0.0
0.0
0.0
0.0
0.0
0.0
0.0
0.0
0.0
0.0
0.0
0.0
0.0
0.0
0.0
0.0
0.0
0.0
0.0
0.0
0.0
0.0
0.0
0.0
0.0
0.2
0.0
0.5
0.0
0.0
0.25
0.0
0.0
0.0
0.0
0.0
0.16666666666666666
0.0
0.0
0.0
0.0
0.0
0.0
0.0
0.0
0.0
0.0
0.0
0.0
0.0
0.0
0.0
0.0
0.0
0.0
0.125
0.0
0.0
0.0
0.0
0.0
0.0
0.0
0.0
0.0
0.0
0.0
0.0
0.0
0.0
0.0
0.0
0.5
0.2
0.0
0.0
0.0
0.0
0.0
0.0
0.0
0.0
0.0
0.0
0.0
0.0
0.0
0.0
0.0
0.0
0.0
0.0
0.3333333333333333
0.0
0.0
0.0
0.0
0.0
0.0
0.0
0.0
0.0
0.0
0.0
0.0
0.0
0.0
0.0
0.0
0.0
0.0
0.0
0.0
0.0
0.0
0.0
0.0
0.0
0.0
0.0
0.0
0.0
0.0
0.0
0.2
0.0
0.0
0.0
0.0
0.0
0.0
0.0
0.0
0.0
0.0
0.0
0.0
0.0
0.0
0.0
0.0
0.0
0.0
0.0
0.0
0.0
0.0
0.0
0.0
0.0
0.0
0.0
0.0
0.0
0.0
0.0
0.0
0.0
0.0
0.0
0.0
0.0
0.0
0.0
0.0
0.0
0.0
0.0
0.0
0.0
0.0
0.0
0.0
0.0
0.0
0.0
0.0
0.0
0.0
0.0
0.0
0.0
0.0
0.0
0.0
0.0
0.0
0.0
0.0
0.0
0.0
0.0
0.0
0.0
0.0
0.0
0.0
0.0
0.0
0.0
0.0
0.0
0.0
0.0
0.0
0.0
0.0
0.0
0.0
0.0
0.0
0.0
0.0
0.0
0.0
0.0
0.0
0.0
0.0
0.0
0.0
0.0
0.0
0.0
0.0
0.5
0.0
0.0
0.0
0.0
0.0
0.0
0.0
0.0
0.0
0.0
0.0
0.0
0.0
0.0
0.0
0.0
0.0
0.0
0.0
0.0
0.0
0.0
0.0
0.0
0.0
0.0
0.0
0.0
0.0
0.0
0.0
0.0
0.0
0.0
0.0
0.0
0.0
0.0
0.0
0.0
0.0
0.0
0.0
0.0
0.0
0.0
0.0
0.0
0.0
0.0
0.0
0.0
0.0
0.0
0.0
0.0
0.0
0.0
0.0
0.0
0.0
0.0
0.0
0.0
0.0
0.0
0.0
0.0
0.0
0.0
0.0
0.0
0.0
0.0
0.0
0.0
0.0
0.0
0.0
0.0
0.0
0.0
0.0
0.0
0.0
0.0
0.0
0.0
0.0
0.0
0.0
0.0
0.0
0.0
0.0
0.0
0.0
0.0
0.0
0.0
0.0
0.0
0.0
0.0
0.0
0.0
0.0
0.0
0.0
0.0
0.0
0.0
0.0
0.0
0.0
0.0
0.0
0.0
0.0
0.0
0.0
0.0
0.0
0.0
0.0
0.0
0.0
0.0
0.0
0.0
0.0
0.0
0.0
0.0
0.0
0.0
0.0
0.0
0.0
0.0
0.0
0.0
0.0
0.0
0.0
0.0
0.0
0.0
0.0
0.0
0.0
0.0
0.1
0.0
0.0
0.0
0.0
0.0
0.0
0.0
0.0
0.0
0.0
0.0
0.0
0.0
0.0
0.0
0.0
0.0
0.0
0.0
0.0
0.0
0.0
0.0
0.0
0.0
0.0
0.0
0.0
0.0
0.0
0.0
0.0
0.0
0.0
0.0
0.0
0.0
0.0
0.0
0.0
0.0
0.0
0.0
0.0
0.0
0.0
0.0
0.0
0.0
0.0
0.0
0.0
0.0
0.0
0.0
0.0
0.0
0.0
0.0
0.0
0.0
0.0
0.0
0.0
0.0
0.0
0.0
0.0
0.0
0.0
0.0
0.0
0.0
0.0
0.0
0.0
0.0
0.0
0.0
0.0
0.0
0.0
0.0
0.0
0.0
0.0
0.0
0.0
0.0
0.0
0.0
0.0
0.0
0.0
0.0
0.0
0.0
0.0
0.0
0.0
0.0
0.0
0.0
0.0
0.0
0.0
0.0
0.0
0.0
0.0
0.0
0.0
0.0
0.0
0.0
0.0
0.0
0.0
0.0
0.0
0.0
0.0
0.0
0.0
0.0
0.0
0.0
0.0
0.0
0.0
0.0
0.0
0.0
0.0
0.0
0.0
0.0
0.0
0.0
0.0
0.0
0.0
0.0
0.0
0.0
0.0
0.0
0.0
0.0
0.0
0.0
0.0
0.0
0.0
0.0
0.0
0.0
0.0
0.0
0.0
0.0
0.0
0.0
0.0
0.0
0.0
0.0
0.0
0.0
0.0
0.0
0.0
0.0
0.0
0.0
0.0
0.0
0.0
0.0
0.0
0.0
0.0
0.0
0.0
0.0
0.0
0.0
0.0
0.0
0.0
0.0
0.0
0.0
0.0
0.0
0.0
0.0
0.0
0.0
0.0
0.0
0.0
0.0
0.0
0.0
0.0
0.0
0.0
0.0
0.0
0.0
0.0
0.0
0.0
0.0
0.0
0.0
0.0
0.0
0.0
0.0
0.0
0.0
0.0
0.0
0.0
0.0
0.0
0.0
0.0
0.0
0.0
0.0
0.0
0.0
0.0
0.0
0.0
0.0
0.0
0.0
0.0
0.0
0.0
0.0
0.0
0.0
0.0
0.0
0.0
0.0
0.0
0.0
0.0
0.09090909090909091
0.0
0.0
0.0
0.0
0.0
0.17647058823529413
0.14814814814814814
0.0
0.0
0.0
0.14814814814814814
0.0
0.0
0.0
0.5555555555555556
0.0
0.1
0.0
0.0
0.15789473684210525
0.0
0.0
0.022222222222222223
0.0
0.0
0.07407407407407407
0.0625
0.10638297872340426
0.0
0.0
0.05
0.0
0.125
0.0
0.29411764705882354
0.05970149253731343
0.0
0.0
0.08695652173913043
0.5
0.05970149253731343
0.05263157894736842
0.0
1.0
0.0
0.07142857142857142
0.15789473684210525
0.0
0.5555555555555556
0.2
0.11764705882352941
0.0
0.07142857142857142
0.0
0.0
0.0
0.12121212121212122
0.11538461538461539
0.0
0.16666666666666666
0.0
0.06666666666666667
0.13043478260869565
0.0
0.0
0.0
0.16326530612244897
0.5555555555555556
0.21052631578947367
0.0851063829787234
0.0
0.023809523809523808
0.0
0.0
0.0
0.0
0.125
0.10344827586206896
0.025
0.02040816326530612
0.0
0.0
0.36363636363636365
0.0
0.0
0.0
0.29411764705882354
0.0
0.07692307692307693
0.0
0.0
0.0
1.0
0.25
0.02631578947368421
0.0
0.3076923076923077
0.0
0.0
0.0
0.09090909090909091
0.3333333333333333
0.0
0.0
0.0
0.0
0.0
0.0
0.0
0.0
0.05
0.2857142857142857
0.0
0.0
0.0
0.18181818181818182
0.0
0.0
0.0
0.0
0.0
0.029411764705882353
0.0
0.0
0.02040816326530612
0.06666666666666667
0.0
0.022222222222222223
0.0
0.0
0.0
0.16
0.022222222222222223
0.15
0.02631578947368421
0.07692307692307693
0.0
0.4666666666666667
0.0
0.0
0.022222222222222223
0.07692307692307693
0.36363636363636365
0.0
0.3076923076923077
0.2
0.06
0.1111111111111111
0.0
0.0
0.6153846153846154
0.1
0.125
0.0
0.0
0.0
0.0
0.16666666666666666
0.07692307692307693
0.6
0.07407407407407407
0.0
0.0
0.0
0.0
0.0
0.0
0.0
0.0
0.16666666666666666
0.17391304347826086
0.5
0.16326530612244897
0.0
0.0
0.0
0.6153846153846154
0.35
0.07692307692307693
0.0
0.9375
0.0
0.0
0.0
0.13333333333333333
0.125
0.0
0.0
0.0
0.11764705882352941
0.017543859649122806
0.0
0.0
0.6666666666666666
0.0
0.11764705882352941
0.022222222222222223
0.0
0.0
0.0
0.0
1.0
0.16666666666666666
0.0
0.2631578947368421
0.0
0.0
0.0
0.13333333333333333
0.07142857142857142
0.038461538461538464
0.04838709677419355
0.5454545454545454
0.07142857142857142
0.0
0.07692307692307693
0.041666666666666664
0.0
0.0
0.10526315789473684
0.0
0.0
0.0
0.2647058823529412
1.0
0.07407407407407407
0.05
0.0
0.6153846153846154
0.0
0.0
0.0
0.0
0.0
0.16666666666666666
0.24
0.0
0.6875
0.0
0.16666666666666666
0.0
0.017543859649122806
0.2692307692307692
0.5
0.2647058823529412
0.0
0.625
0.0
0.16666666666666666
0.022727272727272728
0.0
0.0
1.0
0.0
0.07142857142857142
0.14285714285714285
0.375
0.23076923076923078
0.0
0.07142857142857142
0.047619047619047616
0.15
0.0
0.0
0.29411764705882354
0.0
0.014925373134328358
0.2727272727272727
0.0
0.15
0.125
0.0
0.0
0.0
0.0
0.0
0.0
0.0
0.0
0.3888888888888889
0.3333333333333333
0.11764705882352941
0.4
0.1
0.15384615384615385
0.4
0.0
0.2727272727272727
0.0
0.06666666666666667
0.10714285714285714
0.16
0.0
0.75
0.14285714285714285
0.17857142857142858
0.21212121212121213
0.0
0.0
0.0
0.16129032258064516
0.0
0.5
0.0
0.46153846153846156
0.0
1.0
0.061224489795918366
0.0
0.0
0.0
0.15
0.0
0.0
0.06666666666666667
0.0
0.0
0.043478260869565216
0.0
0.725
0.0
0.0
0.3076923076923077
0.0
0.0
0.0
0.0
0.0
0.023809523809523808
0.0
0.19148936170212766
0.0
0.0
0.03225806451612903
0.2
0.07462686567164178
0.0
0.0
0.0
0.12
0.0
0.18181818181818182
0.13636363636363635
0.0
0.15384615384615385
0.0
0.05
0.0
0.21212121212121213
0.0
0.0
0.014925373134328358
0.0
0.11428571428571428
0.75
0.0
0.14285714285714285
0.02631578947368421
0.0
0.0
0.0
0.08333333333333333
0.0
0.0
0.2857142857142857
0.0
0.0
0.4
0.13333333333333333
0.0
0.0
0.02127659574468085
0.0
0.0
0.038461538461538464
0.14814814814814814
0.15
0.0
0.13793103448275862
0.07462686567164178
0.0
0.0
0.625
0.025
0.0
0.0
0.24
0.32142857142857145
0.15
0.0
0.0
0.08571428571428572
0.0
0.0
0.0967741935483871
0.15
0.0
0.0
0.017543859649122806
0.15384615384615385
0.2692307692307692
0.07407407407407407
0.0
0.0
0.2222222222222222
0.09090909090909091
0.08333333333333333
0.12121212121212122
0.0
0.2
0.0
0.17142857142857143
0.14285714285714285
0.022222222222222223
0.24
0.06896551724137931
0.0
0.0
0.0
0.12121212121212122
0.2
0.0
0.5555555555555556
0.0
0.4
0.16666666666666666
0.18181818181818182
0.0
0.15789473684210525
0.0
0.0
0.07142857142857142
0.0
0.2
0.022222222222222223
0.0
0.0
0.0
0.038461538461538464
0.0
0.0
0.038461538461538464
0.0
0.0
0.0
0.16326530612244897
0.2
0.1111111111111111
0.2222222222222222
0.0
0.09090909090909091
0.07407407407407407
0.0
0.0
0.4
0.0
0.0
0.06666666666666667
0.0
0.0
0.07692307692307693
0.3333333333333333
0.0
0.0
0.13793103448275862
0.02040816326530612
0.0
0.10256410256410256
0.0
0.023809523809523808
0.07692307692307693
0.0
0.14814814814814814
0.0
0.0
0.0
0.0
0.675
0.25
0.0
0.0
0.06666666666666667
0.0
0.023809523809523808
0.0
0.0
0.12857142857142856
0.1
0.0
0.0
0.0
0.0
0.0
0.0
0.0
0.0
0.0
0.1
0.0
0.1282051282051282
0.0
0.0
0.02857142857142857
0.0
0.0
0.26666666666666666
0.0
0.14285714285714285
0.0
0.0
0.0
0.0
0.0
0.0
0.0
0.07692307692307693
0.0
0.0
0.0
0.0
0.13043478260869565
0.0
0.0
0.0
0.0
0.0
0.02564102564102564
0.0
0.20588235294117646
0.0
0.0
0.0
0.20588235294117646
0.0
0.0
0.0
0.030303030303030304
0.0
0.0
0.07692307692307693
0.0
0.0
0.13793103448275862
0.11428571428571428
0.06666666666666667
0.058823529411764705
0.0
0.0
0.022222222222222223
0.2727272727272727
0.1282051282051282
0.0
0.26666666666666666
0.2631578947368421
0.0
0.0
0.0
0.14705882352941177
0.0
0.13043478260869565
0.037037037037037035
0.0
0.0
0.0
0.0
0.03333333333333333
0.0
0.05263157894736842
0.6842105263157895
0.0
0.0
0.3225806451612903
0.0
0.0
0.0
0.0
0.8064516129032258
0.0
0.0
0.0
0.017543859649122806
0.0
0.0
0.10714285714285714
0.25
0.0
0.05263157894736842
0.08695652173913043
0.08695652173913043
0.047619047619047616
0.0
0.09090909090909091
0.20588235294117646
0.05
0.7857142857142857
0.11764705882352941
0.0
0.0
0.0
0.04838709677419355
0.0
0.0
0.0
0.0
0.10256410256410256
0.07142857142857142
0.022222222222222223
0.017543859649122806
0.0
0.0
0.42857142857142855
0.0
0.5
0.2
0.07692307692307693
0.0
0.15
0.0
0.3157894736842105
0.07407407407407407
0.125
0.42857142857142855
0.05263157894736842
0.038461538461538464
0.0851063829787234
0.017543859649122806
0.21428571428571427
0.5
0.0
0.09090909090909091
0.0
0.0
0.08163265306122448
0.0
0.0
0.0
0.10638297872340426
0.12121212121212122
0.0
0.0
0.041666666666666664
0.08
0.11764705882352941
0.0
0.0
0.07142857142857142
0.12962962962962962
0.0
0.16666666666666666
0.24
0.26666666666666666
0.24
0.34615384615384615
0.0
0.11764705882352941
0.022222222222222223
0.55
0.26666666666666666
0.0
0.023809523809523808
0.015151515151515152
0.0
0.0
0.0
0.2037037037037037
0.0
0.0
0.043478260869565216
0.0
0.0
0.0
0.0
0.0
0.0
0.2692307692307692
0.0
0.0
0.0
0.45454545454545453
0.0
0.038461538461538464
0.0
0.4
0.0
0.6153846153846154
0.0
0.0
0.0
0.0
0.0
0.25
0.08333333333333333
0.0
0.0
0.0
0.0
0.0
0.0
0.0
0.0
0.0
0.06666666666666667
0.0
0.0
0.0
0.3076923076923077
1.0
0.23333333333333334
0.0
0.24
0.0
0.631578947368421
0.08695652173913043
0.10638297872340426
0.0
0.0
0.75
0.0
0.0
0.0
1.0
0.022222222222222223
0.0
0.0
0.031746031746031744
0.125
0.07692307692307693
0.0
1.0
0.13043478260869565
0.0
