4.140884	0.000000
4.340759	0.000000
4.161161	0.000000
4.489090	0.000000
4.193564	0.000000
4.731297	0.000000
4.844219	0.000000
4.740323	0.000000
4.121939	0.000000
4.066608	0.000000
4.735003	0.000000
4.425205	0.000000
4.356257	0.000000
4.063500	0.000000
4.192594	0.000000
4.526450	0.000000
3.683989	0.000000
4.263181	0.000000
4.322066	0.000000
3.942796	0.000000
4.879883	0.000000
4.373355	0.000000
4.304354	0.000000
4.515268	0.000000
4.874896	0.000000
4.233624	0.000000
4.238489	0.000000
4.358861	0.000000
3.939683	0.000000
4.298829	0.000000
4.092134	0.000000
4.219515	0.000000
4.303299	0.000000
4.099319	0.000000
4.649189	0.000000
4.204895	0.000000
4.840134	0.000000
4.846889	0.000000
4.226228	0.000000
4.216875	0.000000
3.735448	0.000000
4.316235	0.000000
4.414976	0.000000
4.687600	0.000000
3.943697	0.000000
4.365850	0.000000
4.652536	0.000000
4.289886	0.000000
4.146232	0.000000
4.480694	0.000000
4.830855	0.000000
3.712580	0.000000
4.221017	0.000000
4.843841	0.000000
4.383207	0.000000
4.431715	0.000000
4.256189	0.000000
3.725057	0.000000
5.000000	0.000000
4.910830	0.000000
4.100658	0.000000
4.189040	0.000000
4.868605	0.000000
4.831137	0.000000
3.474650	0.000000
4.242210	0.000000
4.304325	0.000000
4.804359	0.000000
4.220543	0.000000
4.226327	0.000000
3.974437	0.000000
4.100600	0.000000
4.072511	0.000000
4.417463	0.000000
4.272321	0.000000
4.335609	0.000000
4.030644	0.000000
4.023048	0.000000
3.944873	0.000000
3.930179	0.000000
4.876629	0.000000
4.216066	0.000000
4.680164	0.000000
4.150838	0.000000
4.169378	0.000000
4.825874	0.000000
3.973269	0.000000
4.265962	0.000000
4.327460	0.000000
3.541957	0.000000
3.845551	0.000000
4.069319	0.000000
4.098938	0.000000
4.266650	0.000000
4.446825	0.000000
4.466225	0.000000
4.814118	0.000000
3.950889	0.000000
4.469096	0.000000
4.209572	0.000000
4.889821	0.000000
4.442295	0.000000
4.665750	0.000000
4.792709	0.000000
4.063669	0.000000
4.317843	0.000000
4.282762	0.000000
4.848520	0.000000
4.059755	0.000000
4.799348	0.000000
4.411582	0.000000
4.540361	0.000000
4.056658	0.000000
4.509778	0.000000
3.970927	0.000000
4.447169	0.000000
4.316087	0.000000
4.249002	0.000000
4.865264	0.000000
4.367850	0.000000
3.921667	0.000000
3.714357	0.000000
4.593567	0.000000
4.323230	0.000000
4.446176	0.000000
5.000000	0.000000
4.806014	0.000000
4.732872	0.000000
4.639524	0.000000
4.311082	0.000000
3.818175	0.000000
4.236418	0.000000
4.595248	0.000000
4.143817	0.000000
4.129455	0.000000
3.892295	0.000000
4.723933	0.000000
4.839600	0.000000
4.325302	0.000000
4.117059	0.000000
3.757470	0.000000
4.214530	0.000000
4.013169	0.000000
4.360250	0.000000
4.368324	0.000000
4.753124	0.000000
4.662932	0.000000
4.205625	0.000000
4.234130	0.000000
3.957002	0.000000
4.254426	0.000000
4.048670	0.000000
4.203219	0.000000
3.951738	0.000000
4.384068	0.000000
3.555664	0.000000
4.033249	0.000000
4.089076	0.000000
3.871739	0.000000
4.947730	0.000000
4.493224	0.000000
4.324505	0.000000
4.299183	0.000000
4.112912	0.000000
4.557368	0.000000
4.198831	0.000000
4.060301	0.000000
4.268865	0.000000
4.036127	0.000000
4.386646	0.000000
4.189907	0.000000
4.492049	0.000000
4.595112	0.000000
4.548231	0.000000
4.430904	0.000000
3.800077	0.000000
4.133875	0.000000
4.491359	0.000000
4.183773	0.000000
4.432256	0.000000
4.378094	0.000000
4.260039	0.000000
4.763882	0.000000
4.481770	0.000000
4.666200	0.000000
4.719119	0.000000
4.846020	0.000000
4.466626	0.000000
4.452420	0.000000
4.270122	0.000000
4.446940	0.000000
4.248250	0.000000
4.339422	0.000000
4.364968	0.000000
4.029467	0.000000
4.378411	0.000000
4.240615	0.000000
3.790036	0.000000
4.148724	0.000000
4.066729	0.000000
4.013084	0.000000
4.694579	0.000000
4.386507	0.000000
3.657740	0.000000
4.919417	0.000000
3.928525	0.000000
4.390425	0.000000
4.413686	0.000000
4.756761	0.000000
4.351917	0.000000
4.905393	0.000000
4.301305	0.000000
4.121514	0.000000
3.981567	0.000000
4.188853	0.000000
4.257453	0.000000
4.838469	0.000000
5.000000	0.000000
4.498934	0.000000
4.192304	0.000000
4.696461	0.000000
4.121322	0.000000
4.875031	0.000000
4.033681	0.000000
4.320224	0.000000
4.742737	0.000000
4.735563	0.000000
4.412719	0.000000
4.228346	0.000000
4.727476	0.000000
4.178309	0.000000
4.473671	0.000000
4.264465	0.000000
4.753974	0.000000
4.093467	0.000000
4.862807	0.000000
4.385513	0.000000
3.879916	0.000000
4.232013	0.000000
4.256877	0.000000
4.209401	0.000000
4.361881	0.000000
4.368079	0.000000
4.204100	0.000000
4.447018	0.000000
3.947719	0.000000
4.841289	0.000000
4.503599	0.000000
3.765743	0.000000
4.167627	0.000000
4.377725	0.000000
4.210070	0.000000
4.105409	0.000000
4.695116	0.000000
4.386026	0.000000
4.486636	0.000000
4.458310	0.000000
4.470190	0.000000
4.931470	0.000000
4.770126	0.000000
4.182725	0.000000
4.359471	0.000000
4.362863	0.000000
4.625509	0.000000
4.041634	0.000000
4.061521	0.000000
5.000000	0.000000
4.093567	0.000000
4.193315	0.000000
4.400553	0.000000
4.113281	0.000000
4.468012	0.000000
4.437977	0.000000
4.412035	0.000000
4.077526	0.000000
4.103502	0.000000
4.806834	0.000000
4.300240	0.000000
4.310895	0.000000
4.125049	0.000000
4.242947	0.000000
4.234822	0.000000
4.503397	0.000000
4.873616	0.000000
4.247154	0.000000
5.000000	0.000000
4.165006	0.000000
4.625719	0.000000
4.244555	0.000000
4.022035	0.000000
4.073547	0.000000
4.039019	0.000000
3.996648	0.000000
4.269963	0.000000
4.463568	0.000000
4.510183	0.000000
4.570638	0.000000
4.888120	0.000000
4.162805	0.000000
4.734143	0.000000
4.349182	0.000000
4.591975	0.000000
4.567407	0.000000
4.243434	0.000000
4.510513	0.000000
4.643031	0.000000
4.235589	0.000000
4.862328	0.000000
4.745443	0.000000
3.886017	0.000000
4.192754	0.000000
4.109892	0.000000
3.609916	0.000000
4.365596	0.000000
4.953591	0.000000
4.387830	0.000000
3.737481	0.000000
4.356004	0.000000
4.348909	0.000000
4.940172	0.000000
4.570633	0.000000
4.617208	0.000000
3.633444	0.000000
5.000000	0.000000
4.232353	0.000000
4.788178	0.000000
4.806823	0.000000
4.822173	0.000000
4.207234	0.000000
4.359788	0.000000
4.139649	0.000000
3.807017	0.000000
4.830982	0.000000
4.027317	0.000000
4.194047	0.000000
4.906718	0.000000
4.027426	0.000000
4.089932	0.000000
4.247703	0.000000
4.769039	0.000000
4.529233	0.000000
4.526543	0.000000
4.192856	0.000000
4.304253	0.000000
4.033493	0.000000
4.082847	0.000000
4.173482	0.000000
4.592678	0.000000
4.064990	0.000000
4.743728	0.000000
4.324423	0.000000
4.317560	0.000000
4.384213	0.000000
4.913367	0.000000
4.394560	0.000000
3.978716	0.000000
3.746306	0.000000
3.983916	0.000000
4.309558	0.000000
3.938118	0.000000
4.827678	0.000000
4.251011	0.000000
4.623955	0.000000
4.298813	0.000000
4.498480	0.000000
4.881444	0.000000
4.315925	0.000000
3.871113	0.000000
4.333396	0.000000
4.242683	0.000000
5.000000	0.000000
4.255118	0.000000
4.419069	0.000000
4.369839	0.000000
4.267667	0.000000
4.201600	0.000000
3.873107	0.000000
4.255254	0.000000
4.215726	0.000000
4.163666	0.000000
4.214366	0.000000
4.458227	0.000000
4.330166	0.000000
4.399059	0.000000
5.000000	0.000000
4.491556	0.000000
4.032788	0.000000
4.201519	0.000000
4.818606	0.000000
4.520280	0.000000
4.201929	0.000000
4.872020	0.000000
4.321772	0.000000
4.204025	0.000000
4.035583	0.000000
4.762261	0.000000
4.332459	0.000000
4.854943	0.000000
3.708911	0.000000
4.371476	0.000000
4.676883	0.000000
4.204428	0.000000
4.865512	0.000000
4.213313	0.000000
4.801058	0.000000
4.650303	0.000000
4.105260	0.000000
3.990055	0.000000
4.366896	0.000000
4.517715	0.000000
4.053373	0.000000
4.257042	0.000000
4.238985	0.000000
4.475133	0.000000
4.456629	0.000000
4.451316	0.000000
3.942865	0.000000
5.000000	0.000000
4.175742	0.000000
5.000000	0.000000
4.308337	0.000000
4.582506	0.000000
4.392574	0.000000
4.420026	0.000000
4.786135	0.000000
4.253377	0.000000
4.165360	0.000000
4.142566	0.000000
4.546730	0.000000
4.525778	0.000000
4.368052	0.000000
4.173097	0.000000
4.305342	0.000000
4.862476	0.000000
3.971187	0.000000
4.454081	0.000000
4.260173	0.000000
3.814567	0.000000
4.541275	0.000000
4.604210	0.000000
4.701688	0.000000
3.975003	0.000000
4.516267	0.000000
4.322252	0.000000
4.130050	0.000000
3.990867	0.000000
3.826362	0.000000
4.454521	0.000000
4.549863	0.000000
4.150784	0.000000
3.938798	0.000000
4.239387	0.000000
4.411309	0.000000
4.581867	0.000000
4.258607	0.000000
4.414691	0.000000
4.440600	0.000000
5.000000	0.000000
4.194192	0.000000
4.952918	0.000000
4.252034	0.000000
4.529337	0.000000
4.673828	0.000000
4.528100	0.000000
4.330602	0.000000
4.398535	0.000000
4.087134	0.000000
4.225231	0.000000
4.140576	0.000000
5.000000	0.000000
4.204716	0.000000
4.559239	0.000000
4.090727	0.000000
5.000000	0.000000
4.857544	0.000000
4.163515	0.000000
4.268309	0.000000
4.438035	0.000000
4.123444	0.000000
4.399633	0.000000
4.170162	0.000000
4.101616	0.000000
4.613574	0.000000
5.000000	0.000000
4.499716	0.000000
4.165403	0.000000
4.222810	0.000000
4.427932	0.000000
4.132835	0.000000
4.213907	0.000000
4.068824	0.000000
4.173597	0.000000
3.858500	0.000000
4.139640	0.000000
4.050473	0.000000
4.438379	0.000000
4.331506	0.000000
4.058415	0.000000
4.218399	0.000000
4.434514	0.000000
4.411290	0.000000
3.692548	0.000000
4.446793	0.000000
4.297216	0.000000
3.997809	0.000000
4.349509	0.000000
4.808491	0.000000
4.324880	0.000000
4.904913	0.000000
4.203448	0.000000
4.462684	0.000000
4.348665	0.000000
4.439092	0.000000
4.640509	0.000000
4.524315	0.000000
3.992001	0.000000
4.796926	0.000000
3.794842	0.000000
4.301755	0.000000
4.374859	0.000000
4.457055	0.000000
4.784689	0.000000
4.220994	0.000000
3.501263	0.000000
4.100297	0.000000
4.198303	0.000000
3.537187	0.000000
4.422087	0.000000
4.548430	0.000000
4.328043	0.000000
4.791624	0.000000
4.075818	0.000000
4.934692	0.000000
4.243436	0.000000
3.936045	0.000000
5.000000	0.000000
3.755845	0.000000
4.074397	0.000000
5.000000	0.000000
4.202115	0.000000
4.214318	0.000000
4.451578	0.000000
4.531561	0.000000
4.323714	0.000000
4.217657	0.000000
4.679816	0.000000
4.451053	0.000000
4.937783	0.000000
4.559843	0.000000
4.393423	0.000000
3.949787	0.000000
4.063886	0.000000
4.424572	0.000000
4.716638	0.000000
4.100273	0.000000
4.478155	0.000000
4.183371	0.000000
4.147040	0.000000
4.322947	0.000000
4.487657	0.000000
4.262745	0.000000
4.101615	0.000000
4.442650	0.000000
4.802043	0.000000
4.127411	0.000000
4.744632	0.000000
4.309585	0.000000
5.000000	0.000000
4.211958	0.000000
4.155480	0.000000
4.338035	0.000000
4.114150	0.000000
4.748684	0.000000
4.556092	0.000000
3.916981	0.000000
4.939623	0.000000
4.449199	0.000000
4.147644	0.000000
4.192219	0.000000
4.230386	0.000000
4.655737	0.000000
4.531430	0.000000
4.911482	0.000000
4.838324	0.000000
4.286733	0.000000
4.459049	0.000000
4.222399	0.000000
4.299643	0.000000
4.393466	0.000000
4.305504	0.000000
4.549839	0.000000
3.910774	0.000000
4.301576	0.000000
4.673746	0.000000
4.336158	0.000000
3.862840	0.000000
5.000000	0.000000
4.821290	0.000000
4.722759	0.000000
3.864834	0.000000
3.771944	0.000000
4.528661	0.000000
3.754684	0.000000
4.882445	0.000000
4.094182	0.000000
4.137576	0.000000
4.248549	0.000000
4.272572	0.000000
4.345355	0.000000
3.993521	0.000000
4.668203	0.000000
4.890683	0.000000
4.338376	0.000000
4.441095	0.000000
4.779650	0.000000
4.580364	0.000000
4.180369	0.000000
4.473967	0.000000
4.026432	0.000000
4.727242	0.000000
4.303574	0.000000
4.415528	0.000000
4.190588	0.000000
4.368386	0.000000
4.064819	0.000000
5.000000	0.000000
4.308498	0.000000
4.900607	0.000000
4.348413	0.000000
4.332998	0.000000
4.423987	0.000000
4.121329	0.000000
4.763481	0.000000
4.353084	0.000000
4.247567	0.000000
3.996014	0.000000
4.397657	0.000000
4.072134	0.000000
3.918138	0.000000
4.847977	0.000000
4.304067	0.000000
4.936699	0.000000
4.037707	0.000000
4.354305	0.000000
4.502180	0.000000
4.337506	0.000000
4.195038	0.000000
4.429678	0.000000
4.410707	0.000000
4.389192	0.000000
4.319144	0.000000
4.232694	0.000000
4.184848	0.000000
4.065361	0.000000
4.632062	0.000000
4.488984	0.000000
4.418772	0.000000
4.489837	0.000000
4.163522	0.000000
4.117304	0.000000
4.164173	0.000000
4.133140	0.000000
4.169302	0.000000
3.652555	0.000000
4.100730	0.000000
4.240171	0.000000
5.000000	0.000000
4.372841	0.000000
4.092898	0.000000
5.000000	0.000000
4.285876	0.000000
3.773677	0.000000
4.468800	0.000000
4.360426	0.000000
4.225431	0.000000
4.002606	0.000000
3.780313	0.000000
4.385000	0.000000
4.014552	0.000000
4.433093	0.000000
4.698226	0.000000
3.962152	0.000000
4.223495	0.000000
4.158563	0.000000
4.147803	0.000000
4.509527	0.000000
4.538504	0.000000
5.000000	0.000000
4.836840	0.000000
4.353115	0.000000
4.838419	0.000000
4.032871	0.000000
4.328775	0.000000
3.891224	0.000000
3.709860	0.000000
4.406998	0.000000
4.417860	0.000000
3.929630	0.000000
4.612205	0.000000
4.864893	0.000000
3.976203	0.000000
4.748208	0.000000
4.434827	0.000000
3.775911	0.000000
3.991946	0.000000
4.415844	0.000000
4.149822	0.000000
4.274781	0.000000
4.436117	0.000000
4.212464	0.000000
4.449457	0.000000
4.444724	0.000000
3.926499	0.000000
4.397519	0.000000
4.262977	0.000000
5.000000	0.000000
4.427802	0.000000
3.656949	0.000000
4.189897	0.000000
4.011234	0.000000
4.398241	0.000000
4.331319	0.000000
4.093139	0.000000
4.884454	0.000000
4.287582	0.000000
4.242425	0.000000
4.274947	0.000000
4.300576	0.000000
4.202465	0.000000
4.985227	0.000000
4.461321	0.000000
4.121343	0.000000
3.562297	0.000000
4.871953	0.000000
4.024379	0.000000
4.206145	0.000000
4.173486	0.000000
4.390690	0.000000
4.956464	0.000000
4.316471	0.000000
3.947296	0.000000
3.520911	0.000000
4.854834	0.000000
4.462925	0.000000
4.365561	0.000000
4.647187	0.000000
4.150272	0.000000
4.538912	0.000000
4.254439	0.000000
3.988697	0.000000
