0.5904378705633582
0.27358426274948366
0.293100561620349
0.8064741263480203
0.09081626845635003
0.024368237338403754
0.12500316443394996
0.4684686796350908
0.5319934290137532
0.19628305981515595
0.21610392257841915
0.6426889902059791
0.6259623136491713
0.5818839094249091
0.4521702886953182
0.4580271655380866
0.2092424022373455
0.3003834915610084
0.28986764971275886
0.7394630095418016
0.45668132268714196
0.23110367226092157
0.17442174614239656
0.04344781223846412
0.05288131370503856
0.8158345719270309
0.3783641745659649
0.3715094227435483
0.5729885034141656
0.5617652711336596
0.30116279444380395
0.28142547083161257
0.3424887818489422
0.555795733425083
0.21125138083755235
0.14456760451640377
0.19322863068978677
0.3327813154539271
0.675124397165588
0.09702272811481268
0.2347070376220372
0.15244250666328443
0.4636820092744341
0.3053458657224799
0.3808053221466406
0.17606892239121802
0.8023429685593205
0.38282555023518633
0.7377017850723812
0.5778788578515588
0.2681169609022777
0.5608871135495205
0.6877200958698314
0.150675698458118
0.3974232289430915
0.27735636737695946
0.11802366868146791
0.238284949112954
0.5074891412003922
0.3702404952145783
0.29050580271053594
0.5324787612074289
0.6277690629034179
0.29825597794708386
0.26754465032630875
0.8162997515402146
0.373115971187795
0.28642710267203664
0.6585637900625045
0.6038480258911987
0.4861873306728465
0.2890387869993721
0.1894163351541913
0.3700255488006217
0.43710900900004657
0.5112293144649124
0.6828564965994547
0.3646152974489937
0.1927864589652033
0.42386115625307696
0.5128021772020764
0.6200461479625226
0.41071039082941563
0.1946050950285629
0.7214839827089875
0.33546812906482426
0.2858291898413835
0.08101957871626778
0.41484422199957316
0.4973964649110153
0.5079615544587011
0.4045549350100378
0.4126071033720697
0.3515760494123925
0.05336016869289745
0.685047890075787
0.524975744396832
0.35279259817431047
0.41826585650019443
0.5927819167611645
0.23750094294981644
0.29619776901491873
0.12861962626234455
0.26936276571240975
0.6398369730857547
0.4564365896600267
0.3140500303626268
0.5402322511050708
0.18779777296289876
0.6058917433645021
0.4866513514570173
0.27618210054742565
0.3151133063715725
0.13215724006964655
0.2799077054326088
0.4295000117301657
0.652515616749865
0.17362599130030837
0.3173680027682559
0.3892963587377752
0.07316193684381525
0.6435951664947469
0.11184353981081707
0.2719476826680658
0.4220908841688269
0.16720897782529073
0.6125953122299214
0.4437645697136846
0.6254317711639797
0.01757682236116496
0.5839117600539911
0.5379640670943695
0.4166009278433759
0.836091932123099
0.3353947188103083
0.2462038683515456
0.3733094605906092
0.5332668865404713
0.5816541899477976
0.39984071723444087
0.3483507705162909
0.15149753438988212
0.3792355779814819
0.5181727102971876
0.4862401361992756
0.3496972790955753
0.5170065797565543
0.2055296770669523
0.3032663964635219
0.45035561691966786
0.5102754086668211
0.5004513747864323
0.6436572966771898
0.9007261773821634
0.44242705237753793
0.46639195548375845
0.3447537342642319
0.269379890183177
0.28494132019721174
0.053142966879228655
0.6658177951848406
0.4987377264256353
0.30357656848936687
0.5224198808204015
0.5659848745324172
0.33717771021751775
0.19623792911079618
0.7019539472834976
0.33644380866634094
0.3482207255826072
0.47704749499534443
0.3291584656326765
0.39490169962723803
0.37679714318372237
0.33844417339076843
0.24105327159808013
0.2838374134305175
0.6704790910291217
0.20706201613811898
0.4326508096270214
0.7362749083064688
0.33523805583614
0.4167951923085537
0.48255004318085404
0.03869978261648278
0.5905014281348459
0.7296919431711714
0.36525125329351166
0.2765096021608159
0.141698095486763
0.27541860055272366
0.1357914801094587
0.5737291537881946
0.18540538116744026
0.5876017736636915
0.27781383748956745
0.8272596706064919
0.0030642607110675808
0.6038809657210531
0.2668000895002111
0.5592331234641718
0.7869856247614162
0.06806728038192131
0.035646711800799855
0.30732609044117926
0.021922216833582753
0.7133376739673061
0.6616832021170526
0.23505099324897052
0.5261829128938277
0.12539331158161848
0.23956614275945076
0.7197508936763044
0.45742834076479266
0.21047424286387612
0.7354456379488604
0.4473921670422738
0.43742930019070414
0.7437033729768412
0.6191210865537884
0.32271247456266633
0.7494828017520518
0.8055596715511404
0.34432654172963495
0.4959559062304431
0.1736516345380882
0.7932146050016736
0.7131756308990822
0.253908223203979
0.3318709155724703
0.3607982840783079
0.801847138029502
0.1695158485937716
0.5662431002293208
0.30400624695503425
0.2179702994073034
0.27117861897079126
0.8148707657265595
0.3116257207946613
0.489794719149531
0.44954727182994164
0.25220503583984355
0.5398827299731143
0.5778471672570089
0.4224590877016038
0.251495700907442
0.6905343853634973
0.19123594050467047
0.26390248857002185
0.3493595372288658
0.6597192601251407
0.8500580144580083
0.48849090385706295
0.0
0.7444302985883381
0.3132005353177586
0.30882981703547396
0.48869744240079116
0.47379496300244345
0.4336866660307079
0.4459386669876528
0.5036986701796242
0.5584954767723705
0.3855613677387016
0.20742457237368292
0.6250180456866482
0.5952091654752113
0.6117906626341109
0.40518684408349576
0.4758216084512488
0.17913282443548717
0.6787942856507875
0.02933940714485318
0.21027471869065598
0.7570376832567371
0.2476401160679353
0.44115359107174146
0.052212050703589634
0.5373025271529986
0.09580044879961451
0.4966141111282718
0.2424165741756889
0.3041078491220173
0.259117007346974
0.6043073243084554
0.3414978881313246
0.0938491785218311
0.47691909023098605
0.4444418828346275
0.44912011551754955
0.5876467387548814
0.30937248261445327
0.5059677129022939
0.16375410102610613
0.19179330072890588
0.7138447045224661
0.29843193324262746
0.7163495089901923
0.3875894026763174
0.4660568920056901
0.4432772997631914
0.2573864585579561
0.17358480242541582
0.41414239049254403
0.33896089755553543
0.5848578804040377
0.5019374113030336
0.5008427183311663
0.6528210917681176
0.5308975359251591
0.5673322249209042
0.7370731637433371
0.41450306328633735
0.18011261017837088
0.49909708915287526
0.41717179591310305
0.38379995085234286
0.550795284940665
0.27116733295095624
0.622988090882619
0.15773198537414115
0.44261402784684584
0.7095429811810664
0.3335716669809732
0.42042096141631113
0.10919669493095052
0.1248288711012813
0.5422422358507569
0.3507731320395136
0.19527926897419237
0.4391443314340504
0.6296690492419376
0.46811717225149696
0.3297129817584703
0.16985997620442694
0.2267217226305791
0.037449434828813744
0.459278513621333
0.4897938672393091
0.34714708060221305
0.3756940051359498
0.2936121564048142
0.1211562881779121
0.0
0.26205777383576256
0.49349287502264266
0.26211846055446103
0.3050778590925701
0.6596940781416597
0.7106217281900441
0.24789227091039448
0.32149071147625713
0.20683452328683036
0.3475976024288113
0.35254573297089786
0.4523118636458117
0.17044941290233792
0.7318450573876719
0.5722493790419925
0.6604372925689177
0.16250757818842645
0.5345406382972719
0.2589619832118649
0.8397718052911074
0.11906900318342957
0.2478916682349906
0.49560420952205436
0.4704350925106743
0.4669148771219437
0.6477915805697935
0.703267105844166
0.4325797880157096
0.3278890414886576
0.6278825181429453
0.2459468197524943
0.7741444974602341
0.23102726702629883
0.71535460961419
0.17178738935558222
0.267489545658572
0.580715134853535
0.1311822283536361
0.21295085008573697
0.05510155276124904
0.7339870973482234
0.5991633480017219
0.21701404010122216
0.48557664052818433
0.9056781786934377
0.5232027605123102
0.4659451314163664
0.5483943620270151
0.41962063703462804
0.32360958094475445
0.39608668382537643
0.532530372284318
0.657328891419874
0.16312415268415817
0.7564710458716651
0.2463574167422003
0.5401688079425362
0.09955934026006168
0.41266184449191534
0.09239311926766763
0.14919173977151062
0.16970584436506891
0.30703302015930334
0.35214910465315336
0.1039112005972723
0.19901592500254056
0.709342168842526
0.4898623411137867
0.726219391140097
0.7824481236541052
0.18772311326732444
0.1767064549553758
0.3337417488253575
0.7821230649078451
0.40728538540490283
0.4226869431619701
0.49114403014024693
0.045189820726898325
0.3035145895858147
0.323486576396877
0.6074147667349996
0.6987639472940169
0.08021192039285799
0.3533447721787393
0.10172778147755551
0.13042992039491055
0.5769924550733998
0.6039797934469924
0.2741316995518626
0.4990330768631699
0.39426613046796094
0.9999999999999998
0.15192806572151202
0.4495717270660965
0.359325810002474
0.600194761719975
0.33346652105296354
0.6217116150768786
0.7117918573047548
0.09445010071121464
0.3225352985644736
0.23135951697122725
0.0607567266540012
0.026805158430695752
0.6546307358495239
0.7191638506329361
0.5426547002648813
0.635290495260331
0.28337322347313404
0.43688151789792745
0.46644895839328154
0.65147702427715
0.38919933541277096
0.36111288398018987
0.35225139410933787
0.5710152388868405
0.3609639263759507
0.1808909773146197
0.4793084440292571
0.7411860886179025
0.16211253124144567
0.7533956381730343
0.05803044208732081
0.6196341987245138
0.5626584657774457
0.2964590116856049
0.37899982716137104
0.1574856367174574
0.03934969864271429
0.5685840130771548
0.2862272847620857
0.1217237589085712
0.858054537827184
0.43251046576787666
0.37013951857712996
0.27125633442218605
0.11913220237457184
0.3883160417921537
0.3295491973415223
0.208766349909743
0.25960913472239977
0.37801885534098695
0.6718351209851062
0.5586620155410206
0.30264954665793226
0.2198563399650172
0.6019901223698463
0.4862893491425218
0.11919150384054943
0.30843081119149734
0.0
0.3534370040820183
0.21054018088013451
0.5374449715319666
0.25319856359840615
0.16031391565594236
0.6335529786788543
0.4757344588750093
0.6787466080308019
0.18421537811417812
0.5497655052892291
0.655067388550523
0.3382183163283174
0.4697835584452306
0.3624957244973675
0.18942054998099286
0.22865573881217877
0.4397838105914754
0.16007076529620465
0.30020935609538835
0.449397018001994
0.5222544492929623
0.1522933560244669
0.44505089246201257
0.5292288048748822
0.3059876746338479
0.22586389125390768
0.2856407905446563
0.324663541653276
0.3115520228943988
0.6455565617112451
0.182692967443933
0.4376017118436153
0.4190959633110268
0.19299724477770613
0.3039138667888711
0.029297362860304266
0.3186432122232193
0.6579531344505458
0.7273310096363209
0.25601595978250874
0.2891482284400988
0.3445259924122597
0.5170871623646706
0.40314738262885436
0.6903351953799446
0.08148140199859588
0.14084974091153046
0.23327306117292437
0.6922862656212765
0.18393465557873315
0.4530119026821159
0.4867929003151774
0.14511131381432152
0.3869050088385496
0.41505243646162326
0.43586451779335605
0.7115104212987531
0.6345217191174228
0.31576170952957067
0.5075439514762803
0.3138069484810645
0.32801944627089197
0.5543639962066151
0.4655251375559546
0.5505578171029433
0.6035149654171098
0.7382481359084565
0.0502235828942863
0.290131348018394
0.6544609545069386
0.46652022856762904
0.3920992601260724
0.6165021012468807
0.5090710885928545
0.3227892948224473
0.4766672632769569
0.2749223873278206
0.45197769620105194
0.4586075827779598
0.17832290640091947
0.12514522312026655
0.21159502401814648
0.36770250935319854
0.30968069301542517
0.7167001148705725
0.061666710994268646
0.19104129434486522
0.3897777004424047
0.12275005823861547
0.2398112404656229
0.6850407416074896
0.6413293864604693
0.5911901383846253
0.4713527473409776
0.43026471449358233
0.23267846081662452
0.17789833294971633
0.28060286781594806
0.5874513213319885
0.4461968582360457
0.3701375502509371
0.25437474440126917
0.33205007289564686
0.10851616395794281
0.674351951489572
0.596093946424587
0.17552075705531728
0.2278672184469335
0.48848302071185135
0.7268926029223014
0.5007047071216851
0.42430237913861973
0.20166572791732992
0.6175256072868783
0.23752470540099807
0.21364984689317498
0.34543399656807433
0.6205067333498355
0.18873191551614357
0.5189037641682509
0.3150117090299789
0.24034204773185452
0.42075183557083173
0.35188064459050444
0.14196765792842211
0.5235958901474124
0.5271486283190604
0.025039443619641895
0.7305116819645853
0.5695941109899204
0.309002756110012
0.29928888679005516
0.2754128954935056
0.40467552159411
0.5052120733096429
0.1204397359326659
0.20367918791862763
0.19487936999488556
0.6702269923014841
0.35014789075788777
0.0315309871698427
0.19321630446467772
0.681318911119271
0.9076719356275738
0.5064012187800476
0.49923680761581557
0.07243030808549075
0.0909834056180591
0.23899375660922262
0.6581139554611285
0.38313592509647526
0.63668432138695
0.3700218653318024
0.47122086925927453
0.06730611770204376
0.2344517114635243
0.30489393615370103
0.11751821330584866
0.4359081456386724
0.2240727173608863
0.6531597710992044
0.6632292626213783
0.7277050948278736
0.5054254988173306
0.21416770901980017
0.38097585087556113
0.4929997421072034
0.1364956603285318
0.22722195340502035
0.658915214574746
0.4139984075131378
0.31441620107787743
0.5855861916597372
0.39318040463485765
0.31409018488037826
0.7089708860297306
0.11813361564946363
0.6602019445739904
0.002799890936208031
0.6714898899677634
0.43529070421553534
0.4079403220791261
0.5059941206143087
0.5286142528898251
0.5620361234031285
0.24116034949223986
0.08607034228690649
0.16982159367679625
0.030836433766221034
0.6568385763010036
0.25255738887369605
0.6125878572398961
0.6440394029805457
0.46544522703885705
0.5029683976363406
0.7403278673784178
0.12185740545816677
0.35495544914260324
0.3730360395270421
0.13232322125377313
0.3057934992797173
0.5493455136294624
0.17860101106675713
0.251790564279265
0.2999371805633373
0.3552874706661209
0.2184271741361644
0.4937464597696703
0.3096677368158662
0.19408186873191377
0.6055305960865185
0.44746904092288353
0.12019717904906176
0.544730873776529
0.19550278232894394
0.6882153191801491
0.0460129259064893
0.24210160824262436
0.5655451081178451
0.7449333173554704
0.3734790080316541
0.29880485568472404
0.60343439561251
0.4372102346580163
0.42482373478093594
0.4192039320712761
0.6012342605237041
0.24673401414975732
0.5719677711628884
0.7277068171149528
0.41288138509521094
0.3859446860449739
0.6981725101056013
0.24105203454180527
0.1477505060795613
0.4297583029660323
0.0908443601186247
0.6193757202428593
0.2589495345021188
0.24153030671241885
0.23461069020663256
0.4348193994252652
0.0921714757942865
0.14456930261322898
0.5426324171899628
0.31570676502645667
0.4105978532705644
0.3105722855272638
0.26504828335697733
0.4716886233173744
0.2833728944322887
0.30287472795155823
0.3308943978858782
0.22419141703850945
0.3711811769986738
