0.5934286435138982
0.32094903042033307
0.33702403373932194
0.8064850402439891
0.11381918930159415
0.04183095595014948
0.15666373370832123
0.4881532200979327
0.5708288126260136
0.24281471738087723
0.26094353945940524
0.682705579380764
0.6547545896060545
0.6404869240654041
0.5006235457289867
0.48979025639016316
0.2966977221574459
0.315769499827156
0.3148392032476443
0.745086402612288
0.5054691795752373
0.24929171492282515
0.19763238296096336
0.0558778855488301
0.09158313817930683
0.8230116507295346
0.3973349089716372
0.3922363386100189
0.6000240563702822
0.5794165799559852
0.33511433560408477
0.32283040415893294
0.3933495809808464
0.6036738596167134
0.23427524996234383
0.1879351435364759
0.23542187697218442
0.35999085713629175
0.6959139965138118
0.14853315787305196
0.29408047657759656
0.18898266526500918
0.49043473734167037
0.338202913050044
0.4169182480003985
0.2091191083681903
0.8029304282537835
0.38988366256528634
0.7552357753914399
0.6051975123396856
0.3236665365911335
0.6022697608782451
0.6997697721730595
0.19552233754419054
0.44400317937296224
0.32090016287861806
0.15492524948712957
0.2661600329530748
0.5263589452378475
0.3937606950351967
0.3316321792270249
0.5434237740858184
0.6607720009294309
0.31519752477264984
0.28754996306527586
0.82156982059784
0.42178932541011643
0.33061567962309213
0.6629150999606788
0.6245012921170996
0.5378700089848952
0.2949074146686704
0.2334150420556706
0.38525204901769294
0.4864159047540521
0.5697347557126339
0.7020267765874356
0.3887242291963866
0.23828849395107757
0.4551564690499534
0.5596723948344021
0.6240047982976781
0.43474618801338855
0.25979155772406765
0.7337053932357919
0.3561075626610138
0.32049154075728137
0.129087648430294
0.4594677124331383
0.508911640454051
0.5345890672575456
0.44279278422499657
0.4289629161306208
0.3850918336833562
0.12288956413628019
0.710725891191337
0.5256249146375909
0.3650043199374567
0.4572682241227432
0.6156994638383279
0.2679349554770576
0.33542337850812914
0.15461249447079917
0.29352243745562273
0.6725990583311342
0.4991277485672189
0.34614186014839193
0.5514103587418393
0.22047101126275906
0.6446586336849603
0.5379032606846406
0.30954404679233344
0.35696120973214773
0.1797305055491636
0.3145594515325816
0.47557445445193924
0.6515032188481352
0.24124391150205626
0.3276212863663465
0.4121569293540919
0.10228901950390203
0.6594657968393274
0.15513767218261418
0.31104010572028207
0.43071268889623615
0.22162635699741368
0.6191147811961143
0.4829470033703241
0.6463534524662976
0.06871853396872263
0.611691550398923
0.5494814834689316
0.4684960573085597
0.8534697448345674
0.3559328711829415
0.26800175598214165
0.3903273900317991
0.548621970509147
0.6100105088316408
0.42566494793047893
0.375792115297939
0.22454806839098898
0.4055294923466635
0.5466722588383127
0.49123142278605736
0.3756908863578108
0.542080796718052
0.25605308743334254
0.35875178800187424
0.4701977228846403
0.5365282751514625
0.5316124861738466
0.6777709139205403
0.9092284784380804
0.4803447243577758
0.46298158467855
0.3838150278264653
0.3329264097665177
0.3222729038447631
0.0862390821522297
0.6582704717266564
0.5093346521724914
0.334498660085275
0.5149631829733662
0.5743952481975196
0.3786686757340953
0.21329739603588838
0.7010439770534604
0.37520781454836
0.38873196362439166
0.5196701407739619
0.3495427648601013
0.4014337961143013
0.40261317430621674
0.376790506735311
0.2612204175653306
0.323659418760385
0.7069522171867066
0.23202873693870363
0.47186662858194744
0.7557616354739249
0.34021764962681683
0.4594318712836836
0.5140804890420283
0.05113643408738531
0.6019340804680047
0.7351489150536521
0.3928710652178601
0.31273372996821697
0.16017080894616184
0.3170111608330554
0.2114033801984608
0.5897133118785547
0.2190346402774119
0.6055198570278454
0.28169910341551413
0.8440772339073376
0.04836611640493595
0.629268588252336
0.2962122778575991
0.5755051869551611
0.8070839432356742
0.09931056911930973
0.06886250649337203
0.31981875614315874
0.07815708620406006
0.7446501300660581
0.6803367676951313
0.2475899186018763
0.562512158367768
0.15820149569793124
0.28325467516097946
0.7247506923046312
0.4960715174341966
0.23059851600530967
0.7416959305120447
0.47588469005365014
0.47892268128793164
0.744702793846351
0.6254703492716215
0.39353536256510796
0.7529185652225742
0.8073624216079789
0.37090966273526704
0.5269668816946701
0.18962027216554808
0.8002209054222827
0.7227580277130136
0.27280380944029525
0.34828765866483624
0.370283382490823
0.8140106526200299
0.24790646147618423
0.5916972947238646
0.33225418679389723
0.2523923987592821
0.2843556864754759
0.8430205750249283
0.35512161518828
0.5375386144865831
0.4618380350654006
0.2869895447702213
0.5668464104762971
0.5991929527642117
0.4469254148268733
0.2799743833694018
0.7025428483769185
0.2337482106794668
0.31161500981757545
0.3817466861981615
0.6740401386027114
0.8656338495426666
0.4987969176371365
0.010420059255409213
0.7501178492762532
0.3404694160004623
0.3369104172940521
0.49426796425255687
0.502439929829738
0.48321772636033333
0.47316549007673026
0.5119487847085229
0.5558314653422878
0.43928116826772784
0.24694753300359792
0.6534411937200683
0.6154616358581882
0.6257664182266293
0.45639529875357665
0.5171413480852848
0.2184926183112502
0.7001799624243115
0.039320267188552735
0.282898255341822
0.7603037798477115
0.2647431072741279
0.46853516651811955
0.07976523196207597
0.5553415596639213
0.1251978010101548
0.5258707211033737
0.2843429509481309
0.32608846780846146
0.2939892828385727
0.6359449897240347
0.39447642528989413
0.13021420928856006
0.4966184458208879
0.4709282681277373
0.46265100812105137
0.5895388803842053
0.33586978882135365
0.5221730508552758
0.22203932189027317
0.2628295475632948
0.7447382636938052
0.3268304485070794
0.7263240838499838
0.41664547628134785
0.501792326221676
0.4885874023864058
0.2968598947372187
0.23557449008607642
0.42828973739985376
0.35002022523395243
0.5876648668424709
0.5232156732792345
0.5233991564572179
0.6745289116131726
0.5401754923730689
0.6165465650827504
0.7492446485346409
0.44300874648878213
0.2712748563215495
0.5146164367127535
0.45364595033670524
0.408658152532879
0.5618683006150779
0.27671323654147745
0.6351591386072689
0.20281289451691764
0.4725644352970186
0.7250285426575798
0.3632910737330435
0.4358113922418966
0.1467906478288026
0.1471650722833028
0.5600388788966264
0.3769468080640219
0.2385482398067547
0.4562102236240249
0.6391582951684069
0.4821321864991598
0.3509964827630764
0.21695943977163118
0.23297517610552895
0.0498864154602342
0.4487434657204974
0.5153249992339326
0.3682944420507375
0.4223244779592475
0.3292225171796467
0.1549217322702853
0.024951189403256135
0.2895495464238409
0.5053820108101752
0.2827847085221467
0.33480860426810666
0.6472643364635371
0.7235395650459182
0.2973621663076997
0.3490495634850767
0.23652497983482845
0.36223711590160856
0.35610605395182593
0.47671400695485994
0.22004962583903614
0.7471203257038667
0.5906884834640174
0.6922400597619253
0.21246704309104267
0.5594895297557931
0.2990935556968602
0.8468659600743611
0.13458177073955999
0.2835611443350299
0.5316427659746206
0.49165179974970713
0.4937862408304593
0.6744989632870388
0.6892157863854935
0.47777077478413627
0.3516186666264607
0.6578976315980527
0.2768802303457305
0.7830319171921959
0.2728192269153562
0.7220299814224062
0.20486409731442146
0.3169272197465854
0.6068901348610521
0.17820920407696414
0.24071768678187924
0.06955054889997155
0.7275974973424917
0.6160474726775587
0.2385462927697933
0.5017550309815886
0.9139599963669093
0.5476925052909054
0.5066505810245955
0.5778645502373314
0.4507941973482622
0.3546125989657531
0.421323256101977
0.5441725039701113
0.6588794220515232
0.1902043210710516
0.7683970952465026
0.276890980226127
0.5336768795175978
0.1189772947548871
0.44402576998942234
0.13409379462894883
0.19702082280984407
0.220572529696972
0.3631101527213525
0.39396734875569134
0.1406228238331376
0.2784659364371573
0.7258854316610076
0.506969483241742
0.7617717829878847
0.7877913516047546
0.21231563277036064
0.2111913178006374
0.36482548922389235
0.8057019401705603
0.4444240056574366
0.4545979922124959
0.5291011740617714
0.055409946987525376
0.30317767160299075
0.3516912307939356
0.6463266048922555
0.7342942990662514
0.15476002617777715
0.3468342997130505
0.1377449195804861
0.14706991187695823
0.5805122740215826
0.6382955747921115
0.3082970741687027
0.5318912873700982
0.4479507994059971
1.0
0.20578873679039802
0.4755363090364249
0.41153286759167895
0.6216015110325329
0.3728110653780305
0.6527475809976986
0.7324129036646091
0.12334450389013267
0.34623103653510756
0.2614002683538423
0.09625309521491464
0.03741247100257332
0.6507160940724624
0.7332435450492688
0.5827779444411554
0.6378528715574073
0.306650470545666
0.4857126984261885
0.4688558271583984
0.6546876621499725
0.4395692342179079
0.3782072633091468
0.38699961614621403
0.5997857517337474
0.41195186087738894
0.2120459873153402
0.47976925764904105
0.7702317228847146
0.19412604351955923
0.7639308862261962
0.08445099123009495
0.640974437652091
0.5946912569503721
0.34038160359778935
0.401457852950237
0.1746169321600001
0.061445849115937805
0.5789233245732974
0.3549515742480491
0.1329871700806162
0.8579975074809604
0.45293489675578885
0.41013086307763025
0.3074395940567768
0.1643322523938154
0.4014188114112196
0.355026344652732
0.23034739868198717
0.28990580243146663
0.41257179484389506
0.6856802259020525
0.5903003277044142
0.32962978759912637
0.268795841406134
0.617076024372865
0.4987186385076351
0.15710386846617852
0.34440383449157547
0.03405420865893994
0.3927356409632793
0.2711905632944771
0.5701666357463469
0.25973183505435127
0.1676690572397628
0.6754690286424561
0.49099493929731297
0.7037824503349773
0.2153880921856909
0.571416137748495
0.6720905325551058
0.35529309096769096
0.511671217623202
0.411616380679433
0.24988584250628576
0.2543152468976809
0.46180545750510393
0.18624292826854583
0.3443619361469364
0.4831699635041655
0.5898368581216423
0.1947540405902064
0.46046916404849586
0.5520966212241222
0.3227241152535236
0.23395531888899537
0.3025166901137804
0.35430833883824336
0.34667914046694637
0.6690406440064663
0.22455667522339987
0.44520276035473416
0.4248820351690762
0.22690251147592047
0.3500942347525085
0.038921925993018885
0.3622622065597805
0.6664876462319261
0.7301473125537041
0.30133465696737827
0.3097054224449432
0.38825822587946623
0.5492656136892229
0.43934922072785326
0.712756664028439
0.09355568244175169
0.1921779400548043
0.26107736002529164
0.7099961279452396
0.19291570916268064
0.4893937077598539
0.4935568651750501
0.17891743662169032
0.42957528284371055
0.43292644930792645
0.4809965879019373
0.7320414204598832
0.6604306150450692
0.34440639857498434
0.5589782494307359
0.37156575562220046
0.38475236488683606
0.5626386609592349
0.48172199206526295
0.557730615492264
0.6267947106778698
0.7520729946051454
0.058291783118112256
0.32231392849476853
0.6617591700311752
0.5178954003647761
0.41490338771486485
0.6609714650727606
0.5177002080370346
0.3662545429633749
0.5090063059267708
0.31330033781612987
0.4749159185543
0.4936964341610895
0.2422190047564259
0.1703233766996148
0.24388122620282837
0.40248681527964375
0.3598710127589217
0.7404823927273245
0.0758618984136598
0.23871712263811753
0.4183850648326835
0.1460556869287853
0.266345911980717
0.681136325629308
0.6679931198647224
0.6055224464602045
0.4972288691642863
0.45934494717008845
0.24868056623925822
0.21519210483690912
0.31075654555893034
0.6403808564734916
0.4690974214421732
0.4067575515926506
0.3006431594672214
0.3593363041747821
0.1681744965728657
0.6883265902739282
0.6049923095605745
0.23353630566948644
0.2637166552674024
0.5288353981364834
0.7365798054806015
0.5446804711380298
0.4686987998970729
0.2381343261366829
0.608922237354042
0.2833222855895975
0.23910825638685404
0.36002200694016656
0.6309537496528916
0.24319783588594387
0.5401084057602901
0.3593988763182208
0.2525020965219396
0.45293159376261954
0.3687618792284001
0.19723535121522212
0.5560483603243941
0.5436896131623257
0.036241174425741596
0.7429008667980191
0.573095728670525
0.3532386305807627
0.34139217009283784
0.3140260379277343
0.41276682703584383
0.5027486100904872
0.16389570114155036
0.2405945881278438
0.21889945821404194
0.6831772046008597
0.36897041708303324
0.07584907438801536
0.21509118952012488
0.688553381781482
0.9049451956956536
0.5370571322620908
0.5383662357575743
0.10967375683031363
0.11348445942604993
0.23127287912905345
0.687168350300254
0.4384035121093948
0.6817926071104151
0.42061461647989784
0.49685123390826386
0.10021090606292744
0.2529260555719641
0.34715794779685316
0.14545442318747104
0.44055573004437115
0.25528067166863755
0.644840458052947
0.6983219855509283
0.7367231640846348
0.4937168748022547
0.29021024103466475
0.4230792670945663
0.5073453918916195
0.15331080578884812
0.2621587942620474
0.6720897111581189
0.40812271805000927
0.31636102238764247
0.6013944501004661
0.4364387576797478
0.33516480706246005
0.7417088340488859
0.16911797616504973
0.6931774890909249
0.01270035523383511
0.6737056346966246
0.45972730201096607
0.45431557669015915
0.4906952216646597
0.5642177246890316
0.5794250286315146
0.28306720276144226
0.1356677558830621
0.20992106959015397
0.08421703032256365
0.6694704216395984
0.30439232738523075
0.6325118541049205
0.6601152764198321
0.47155459604988575
0.5134180163467839
0.749397425693909
0.12709726081940795
0.3970736190244428
0.4027035331665889
0.1685786233984312
0.33471889971781327
0.5600142649355672
0.22217086212565604
0.28548384546432753
0.31536237912586307
0.3776715403639735
0.2626247445902276
0.5481348294837877
0.35441159423271806
0.21403087550041916
0.6142962950724553
0.4672908942071629
0.14733012852648425
0.562769675577032
0.26176487385290254
0.7025790718335037
0.056183852777008
0.3180269046788521
0.5879075069974516
0.7521716329204613
0.4086843945474074
0.33125106903221235
0.6217708947211246
0.450370916691148
0.4538203312492857
0.4288481238819496
0.6296590690121567
0.2793556954080582
0.5721122048840592
0.7482993565521192
0.456414604200815
0.4082687969981776
0.729657180988544
0.28963028961872295
0.1945772732577102
0.45911436578642806
0.12223533137236627
0.631105228718603
0.265176791394112
0.2960167552259567
0.2590741064397647
0.5039142350996972
0.13055183586920485
0.15542260005785188
0.568529616158859
0.341581103630602
0.4503001137063006
0.35465456116424204
0.31907479104147723
0.5050476328873118
0.3067424682285638
0.3998530190786947
0.37068365645717555
0.275924364519749
0.4104193210292463
