0.5997372436066855
0.3688228170678566
0.3794629309543889
0.8197555155322214
0.13937007054632097
0.0638823455832281
0.1943046119723095
0.5090816456225794
0.6086604148364533
0.3056375701670886
0.3096703334586476
0.7380380652041292
0.6806916301544683
0.7025252349731855
0.5704281722777753
0.516174067373201
0.36768049574990364
0.32280599109985764
0.3473293415203087
0.7545249901412826
0.564881653474228
0.266249946164299
0.22172033383216264
0.07392171079989804
0.13870096468507861
0.8261514847680581
0.43295827578696366
0.4208501687987444
0.6253565477475294
0.5995370737825308
0.3696245971999196
0.36444613381556235
0.4535628533175225
0.655999762191966
0.26103943436371746
0.23547748504943333
0.2849440009605057
0.3770801270307412
0.7036676985311815
0.20586904727551145
0.35694965472075046
0.2299122345830217
0.5268200519688865
0.35907050492159187
0.47222795598730727
0.24616728491707707
0.8097716580680481
0.4056480073797742
0.7734458140438466
0.6316949258653013
0.41972888520317025
0.6421753415100141
0.7077036561360497
0.23088537807790413
0.5051980481888325
0.36612186221057064
0.20372605213074046
0.29093128629871334
0.5444459904546469
0.4134931253560139
0.37899372286368976
0.5563348964670461
0.6950896802391925
0.31597283836911
0.3171213746230116
0.8258733401794142
0.4788995384576974
0.38569152289253944
0.6699439120380212
0.6512263579047255
0.5960669444459159
0.30813418556796607
0.2865910210813141
0.41425209082657855
0.5165238577401409
0.6104189285605623
0.7141777421993534
0.4203162163839167
0.30269527027388954
0.4857095815027735
0.6270452317817988
0.6384393319666702
0.4547715467318958
0.3301368773358469
0.7515690384752921
0.3827449529918075
0.3700170820159173
0.18107163165512155
0.5047751841515664
0.5160909223743408
0.5807073522395
0.47668384532731684
0.43303621968215883
0.42317409378219994
0.20720963426609804
0.733828982882235
0.5298719492077493
0.39608837859542895
0.5071259839042878
0.6442365476899566
0.3003760922881834
0.3624100731844229
0.22652351199744764
0.3429410806176214
0.7190513750966387
0.5363256180000064
0.40111944484033013
0.5766575056420226
0.27174125696954543
0.6942282921401517
0.6007706355482189
0.3514512146833229
0.38813958155862394
0.23071861509154495
0.3589863435789426
0.5268822244336381
0.657467054637114
0.28490736831273733
0.3666837744038769
0.44790057450191617
0.12534873789383988
0.6661933919601664
0.18755575489775145
0.3573099011310733
0.452529896709601
0.2803966234050475
0.6184356851695801
0.5398085998598809
0.6561453678892294
0.1029400899554282
0.643781912285179
0.5615223303436782
0.510719046903793
0.8712701946378946
0.37786039830813756
0.30099709805186675
0.4046788854486652
0.5657595629619333
0.627219765601712
0.4448190987530705
0.40269636936168346
0.29586300631926465
0.4309537088336867
0.5888837364145804
0.4858952969873702
0.41135547815443596
0.5723216533397877
0.3125814198363023
0.4118984427848533
0.5163668370877239
0.5848215022337018
0.5671736961729816
0.7145217148854511
0.9177722761801064
0.5258939076969049
0.44418182901498066
0.42013868376240526
0.40901965071052787
0.36537651846418384
0.11484922258599992
0.658531421921998
0.5263301158944751
0.3763605017522128
0.5130167937035071
0.5773453126085644
0.40854455067370143
0.23994864622669684
0.6937025683884118
0.41244120003364976
0.4412295013040493
0.5662306526631287
0.37239724040080374
0.40925245781391034
0.42979846829918295
0.40711270460448085
0.2802021264765254
0.370219039989172
0.747082777308328
0.264145772003753
0.5205476550655992
0.7665780439676875
0.3521660170971917
0.49830708496686493
0.5545340082149838
0.0710816780338698
0.6154257462562237
0.7387204801603221
0.42185666865848487
0.3861916578274314
0.18891771711529426
0.35898234768804177
0.29223246173337375
0.617572039974259
0.2581449759509657
0.6190642044539925
0.28065871207286003
0.858734872664548
0.09317499249439311
0.6615762800691383
0.33056501694130264
0.5965437342109042
0.8380719872273514
0.15828073479841892
0.10617392701680825
0.3456971098368637
0.12889796265256198
0.773475960068793
0.7137082823482699
0.2586456233089836
0.6024179601522991
0.1877032074577715
0.3465007955058478
0.7321049246096192
0.5323731795097528
0.254780605606584
0.745791666275163
0.5151533602667183
0.5393124405031445
0.737200880700596
0.6437360121040477
0.4558304194990756
0.7529826199614538
0.8033247522108531
0.3996426981095251
0.5576908878857121
0.20794777264062902
0.8026151281742774
0.7416564900772982
0.2933488954744693
0.38333018885960124
0.37968777023064537
0.8359688158975922
0.34087242953734337
0.6246906759649604
0.35826035499369485
0.26286315508729713
0.3056471539689153
0.8662837416899852
0.4025203642893311
0.5963240372937331
0.47872685913023044
0.3241180343837907
0.6142964524307565
0.6203714557170563
0.49354080414893786
0.31190693388089175
0.7123933121407529
0.29522327220463784
0.37727541044055285
0.4344318292112564
0.692831866211316
0.8845250468957859
0.5267200374470898
0.05107339842062521
0.7565467683265282
0.3754250533213248
0.36527470401607204
0.502744915257456
0.5344014319701912
0.543579480602901
0.5123850495099602
0.5216266384340636
0.5593309550730018
0.4990819582719822
0.29212606368000854
0.6838394178558838
0.6324299246996609
0.649044383392725
0.5013606973961452
0.5549625164673027
0.2530969610824074
0.7233305575185517
0.055460799056315534
0.35651830345263175
0.7710476328106419
0.29709691891020723
0.5237122290737056
0.12051236319329155
0.5866419384421463
0.17812511411131957
0.5533794573662736
0.33375519142595367
0.3611385072483134
0.32169204226753895
0.6754669398615166
0.4440476814740898
0.17654325512492341
0.5369339318821437
0.5116528399913316
0.47575576866200436
0.605129976270214
0.33950695468535536
0.5588446404652474
0.2897732667634633
0.3366297424755551
0.7660377782924457
0.35273153848435107
0.7470870649533886
0.4396807871739315
0.5376948567849437
0.5296832182008926
0.32736304419557893
0.31299258265601
0.43843866996704567
0.3521550884993781
0.5842723062935078
0.5281528221188355
0.5397287763514929
0.6960951804779364
0.5382511608187595
0.678005409165198
0.7678327578581985
0.47734456911226986
0.36904212852363005
0.5305378008749867
0.4921798635472252
0.43228547551805235
0.5881234366157788
0.2868088887253198
0.6427952524935889
0.24490693618067208
0.4993228514600924
0.7431423453608391
0.39889646304223425
0.4736762555614358
0.2200064198025876
0.16678416200228674
0.5693091488032681
0.40400964174866144
0.2817307397295565
0.4842093570421189
0.6525350982645437
0.49012367921451044
0.3790883003500573
0.2745793311606836
0.21919727668582104
0.06922333197506195
0.44030660041333985
0.5662664555587368
0.3947158032188008
0.46147948243642783
0.370824032881446
0.19569095641008316
0.04766674224456608
0.3245217772575065
0.5136805580080561
0.3095356666040419
0.38329305911561484
0.6356756033748109
0.7442554912184692
0.36630064198192464
0.3700009863543192
0.2449374841213576
0.377938380125934
0.3639033782206553
0.5331810722740568
0.26548938627148033
0.7611121473848758
0.6133763541062672
0.729028386998503
0.28496967815266677
0.5928915129385269
0.35459687297875425
0.8492060486268314
0.1368014004035624
0.3000916853462409
0.5747569013381083
0.5217062498096858
0.5312568780653576
0.7047477764974003
0.677537293625321
0.5212471764825719
0.3615346290180207
0.6924560184551443
0.3210745193074555
0.7932846467871927
0.3155914226711599
0.7373880906416879
0.2514179102879725
0.35387261571690803
0.6368218140741398
0.2359056975804691
0.26535959185858565
0.08963770782656683
0.7163694246186626
0.6227132215740093
0.27480315045819026
0.5145605463989904
0.9268037377164158
0.5561281328077822
0.5586893591227479
0.6111461911163674
0.48632312424925517
0.3864534221068281
0.4552663504031007
0.5559051932005287
0.6603074401550948
0.22173927919445893
0.7685795937856548
0.30943769870452964
0.5369466284720948
0.13680127343021398
0.47660383636758996
0.18300816786569765
0.2483349415044363
0.2747203603408288
0.43059243614623016
0.4363950510375958
0.21382904152252702
0.35164436934352783
0.7401977342540571
0.52100480201576
0.7995347790961358
0.7900826754822972
0.22448664885472902
0.2551622860728456
0.381592023648009
0.8331240194283906
0.464600273003567
0.49155126432505414
0.5770081522994744
0.07284047559852443
0.3179553745666239
0.3850398793122015
0.6754167011966825
0.7633211664803371
0.24268677087881307
0.3380236368988841
0.19578707807545917
0.16500130615841033
0.5786031227100964
0.6760179325199138
0.34349270959254247
0.5713478547493084
0.5013597576842067
0.9999999999999999
0.2992623361868518
0.49892605186951766
0.467854619851617
0.6486880577795769
0.41029308935520586
0.6896525390269317
0.7633178819101636
0.17156710041915757
0.3579472237541589
0.29690104879134155
0.14001897932528576
0.053942462986108865
0.6535074304570846
0.7540558172980376
0.6303175863475867
0.6513997909134042
0.3368667796152946
0.5513533789535179
0.4703793812251421
0.6444406982914875
0.49417776601914704
0.4085549101072091
0.40589972113236455
0.6480311777198713
0.46865628828845307
0.24015182815391267
0.48839844794228726
0.7967480701286618
0.227722597092648
0.7801017180251648
0.102200883439407
0.6580172632201996
0.6260423442299341
0.39265492312757905
0.43694161889637334
0.1923411655341625
0.08700221338046042
0.5800109683929638
0.41847221912150856
0.13036234166091196
0.8516012566140316
0.47484139687719285
0.45416736889587744
0.3453411965367958
0.21068411343250593
0.4012284348504843
0.38489288668715266
0.2554236924826619
0.32112783674148854
0.45193002706363594
0.6995984086936362
0.6217933052951694
0.35414566485162363
0.32496881434856634
0.625879251168994
0.5157952155081754
0.18885752571096934
0.38765343345015285
0.10373403525177131
0.4309690184829382
0.3456750162001344
0.6102110001273331
0.2566176183726934
0.21088945305337967
0.7222397375536189
0.5140001415794934
0.7273029747239932
0.2549007910194022
0.6013278437180685
0.6764021333915347
0.38277597615325765
0.5513711544423254
0.4820430358488741
0.304503689018867
0.28283475554500775
0.4804632456046522
0.2022286634917965
0.4014039024472163
0.5081395708732518
0.6656480135174025
0.24158671714725002
0.4783876737944805
0.573313049700737
0.3458853055686347
0.2932554119068917
0.3372867298189068
0.38962230910023793
0.3939635212239988
0.7014348325634516
0.2721511792129167
0.44743596147630577
0.4386764602439497
0.2686220483660736
0.40452480804833757
0.057299661927172105
0.42363726407385327
0.6866705573466615
0.7475872801420417
0.35099029124906467
0.3338823021331008
0.431965992648221
0.5937865092931978
0.4869909935652062
0.7363627798534402
0.1084356856296796
0.2495952258515381
0.2822270851682054
0.7248642971348108
0.21487448656188188
0.5254010698664419
0.4979831442067987
0.22822991684220514
0.4748488418200708
0.46054557482575736
0.5485698877416628
0.7459161585753596
0.6775288902827469
0.375291761220604
0.6098136576032083
0.4106623479550548
0.4541491706801683
0.5824943949882939
0.4933006537295892
0.5782234831491018
0.6518626194929232
0.7567882970751248
0.0783255396948574
0.35722293274144656
0.6666094777871358
0.5730803942821334
0.4449335990073035
0.6967035106616468
0.5285269058986106
0.41846627238280465
0.5431009064107775
0.363662928671284
0.5130922384302243
0.5322286278012669
0.32404735162108755
0.22954745484650121
0.27021827370988094
0.42971060892191
0.41484060512087734
0.7582037059379337
0.09802024400805792
0.29224460559645377
0.4471307414897202
0.18963482884786612
0.291544827185625
0.7071278092970893
0.6838512668205166
0.6256204511985488
0.5233438527619795
0.48324203916656827
0.28699001206251756
0.24848866730182143
0.34375160508592767
0.6955375023991643
0.5014038533836718
0.4621320088120959
0.3486172308155002
0.39256926409855625
0.21722233318541798
0.6905367538617255
0.613435138330321
0.32109115225519075
0.27811949980818373
0.57909125484533
0.7489197435894763
0.5883959653555988
0.5107684576947722
0.28954206704033403
0.6025550037190475
0.3258927999819729
0.25296241862121094
0.3769432337374898
0.6384409603954181
0.3070278373978793
0.5590986589239592
0.40206914972299435
0.2592922077464238
0.5012229908908705
0.3965387898354293
0.2400462483830335
0.6045184228244622
0.572087176653649
0.05481571666290975
0.7590265148553329
0.5722816031219673
0.3918704196346327
0.39768375544493534
0.37295806992771346
0.42711211579279457
0.4873041801655686
0.21398558211105947
0.2896376580407452
0.22911415391050302
0.6951214692539684
0.39657520069835706
0.10678629667665798
0.23730395307279384
0.7070076347655241
0.898797763648268
0.5811351168992712
0.5849995900986802
0.13205845900795563
0.137598809494742
0.23198925738419238
0.7127843448361473
0.48835884711767497
0.7410041941192418
0.461610071967157
0.534215259351998
0.14427517405100304
0.2684232104546887
0.4008378843809467
0.16028597551281054
0.46346995834114907
0.29412974438788514
0.6514873347911062
0.7332466906702633
0.7461667184742294
0.4877881491807111
0.38008993929901985
0.46814493704551247
0.5196084310271532
0.1920482446800306
0.29640136761759706
0.6842546412906165
0.4233545994674678
0.3134855820643135
0.6045550217786065
0.4952193285039406
0.3713063544424531
0.7695179819561
0.22239188209693692
0.7257677959874206
0.030211356382139818
0.6860630259832685
0.49230601653060124
0.49674841611744597
0.47699555002417876
0.6015321403026221
0.6081718584679494
0.3249986743785772
0.18814212835318309
0.27160268059562
0.1445278586620535
0.6834101851559169
0.3664576390112836
0.645853364590415
0.6759481843027542
0.4634807463487713
0.5159157740352797
0.7741856713678215
0.13854167168363118
0.44918377521713904
0.4462812789628961
0.21390542375521043
0.36937660961652863
0.5723900655706667
0.27600189925462826
0.33176790825604796
0.3365403670085106
0.3846220334419311
0.32587316851022374
0.6113733165201113
0.39794570823725806
0.2379000555166392
0.6264589062450496
0.49158476682868213
0.17020574288216564
0.5865049636629898
0.3344240085548045
0.7342801905035901
0.07370251691174008
0.4073449063433384
0.6183387538056158
0.7641961903536417
0.454502514116577
0.38601821518067453
0.6413428720046939
0.4701613997080068
0.4904292580547683
0.4614053481053135
0.6627225980655548
0.31636757097780044
0.5881158873740087
0.7688675552001027
0.5063411305114692
0.42104934575197567
0.762833418132387
0.33673010910693985
0.24773703369598105
0.49019774146198025
0.17115141505738277
0.6403633735930616
0.2591926187869523
0.3564975226088003
0.28114812875538947
0.5693339280070229
0.17711746144139343
0.17137090267755706
0.5933712002999105
0.3747354132629198
0.49632217753533725
0.42390679524932573
0.3664576224719267
0.544327081563537
0.33739748711148126
0.5017097214908436
0.4184147003089092
0.33050308741648476
0.46467454061181623
