0.6088736186842751
0.43008610110451084
0.4135755709267135
0.8373116540186365
0.18336101110321457
0.0763551054561727
0.25739799285148757
0.5345614759750726
0.633904683564399
0.3646809516659414
0.3687691889309515
0.8026797491437733
0.7096462484678142
0.7793217101289691
0.6576565087602823
0.5439150593866067
0.4820650179070579
0.3381958123551022
0.410932390151206
0.7694571647495967
0.619117213039825
0.27859810742088975
0.25446328294078163
0.09152827631523872
0.20306615635217276
0.8197425334546422
0.4851835922124998
0.456795119445537
0.6465012062938056
0.609129629270896
0.41448812873671476
0.4514036874265498
0.5289215271001305
0.717687780352972
0.28201937321341447
0.29998513330253884
0.34534658759263376
0.38833204204663074
0.7207872992761702
0.26268147196704217
0.46057935583487924
0.2636103373915715
0.5783545226406754
0.38037877466777203
0.5386113544886183
0.30489503526991446
0.812103088847948
0.4202535899745124
0.789532619128949
0.6823957071907663
0.526163889264541
0.6794398284676665
0.7215563905076807
0.31051289497687856
0.546376448607621
0.39651583246303335
0.2727451570718169
0.34084361897068594
0.553245912350066
0.4249226079038526
0.45747335129636946
0.5805015829990628
0.7154098700460156
0.3025990520705152
0.3654252990772981
0.8376216122446654
0.553930707586172
0.4193801459407583
0.6716425530014907
0.6840260896999597
0.6401225044638976
0.31992951108008494
0.312159917358839
0.4500595627198314
0.5328339152296797
0.6495426835261768
0.7273213816017893
0.4075778538175045
0.38521708411499855
0.5416026636579133
0.689106887994102
0.6373760785966056
0.5005413756875307
0.3875242839404811
0.7770266665054917
0.395180754907053
0.38195289092556534
0.24265538141758236
0.5313898091959393
0.5361203784041871
0.6518770763902474
0.5125655294940902
0.43224036702618135
0.4772342080327801
0.28686620385011424
0.7526881356551434
0.5286417708267052
0.44707280876589944
0.5647669934100044
0.6781245122557644
0.3081346787128656
0.3746930359331718
0.3371147175260063
0.3914711893895118
0.7754745782953492
0.5854411078965581
0.4668039671073166
0.5940774006012494
0.33457240347643147
0.7391431250610625
0.6491261061670841
0.4108779006309564
0.4207662873982072
0.2903553669171483
0.3881170495230276
0.58229452847159
0.6846327906907882
0.3484809949279443
0.39684733137756234
0.4886992829091319
0.14630205672976385
0.6745474031220128
0.2469074081799758
0.39670999798540485
0.4976618465026558
0.36110670244234544
0.5973685977934015
0.6065956965846558
0.6690577024329613
0.1420894554125844
0.7084445431407956
0.5721030605175783
0.5629271855687706
0.8801284618138967
0.4064246590779073
0.33783654015960174
0.43005156861358446
0.6075100412547598
0.6324052149132796
0.4602041302341
0.4315039987039408
0.3546095782935991
0.46215990818400643
0.6335189556012855
0.5042521139979849
0.459041931289301
0.6223168226469219
0.3912337834868928
0.4614355854954101
0.5707009884259635
0.6348906486622539
0.5950869841171711
0.76460299425784
0.9187697500061773
0.5798979730375621
0.42485747094464854
0.4836371049173319
0.5034378206377478
0.42250517889847733
0.17732173303242513
0.6793919518138418
0.5329370198959155
0.39904675294371206
0.5090839862616691
0.571015600606323
0.4666787998098875
0.2646757106483955
0.6985731187603985
0.4543151966026578
0.4970723527676644
0.6167138792024262
0.42287063679853243
0.44090132909757174
0.45644185146737015
0.4318182912269912
0.2822799074670129
0.41108358757068725
0.7835855207633154
0.3079635791983316
0.5844795863375095
0.7913307294212744
0.38024729075868874
0.5411393302971742
0.6080507698297217
0.09369609963176767
0.6422768307324012
0.7405675963543746
0.4791390884568799
0.4704865115159429
0.20954772408674735
0.37551685339780505
0.4141795226766291
0.6594456568545298
0.2788083236111584
0.6432618161535391
0.29614048106918056
0.8803985396908973
0.1004644437880226
0.7007153514600084
0.3748602676810625
0.6469521304256962
0.8781428027941034
0.21787992993367475
0.18158544906702426
0.35833518866602315
0.20316534503106495
0.791431112313029
0.7485736364765794
0.27444423573287574
0.6466329705315623
0.22964062722510814
0.4285673973554794
0.7289566165649287
0.5640937749777553
0.300967767479859
0.750743357109803
0.558973443565525
0.6081033655988033
0.7474483628235631
0.6716514772484137
0.5158591290563144
0.7695989738301707
0.7874695188918638
0.41663757833215087
0.6067529343741548
0.22882702153694667
0.817547178416746
0.7508472733864977
0.31205125221466196
0.4591670767052716
0.3979517759581251
0.8662198434496601
0.4654237013867932
0.6733069731696467
0.36739958666002287
0.27837007502726574
0.3350822101707961
0.8822870664593007
0.47114026851789287
0.6412566486008419
0.49399976946994023
0.3620333095768418
0.6564861630635155
0.6439284157294229
0.5494427661597352
0.3525051953166392
0.6981015426104004
0.3799390407571108
0.46940257607140645
0.46202891005683866
0.7077916911106243
0.896719695374279
0.5484122717741094
0.12606283331641535
0.7788459976701197
0.42776351564827725
0.40084075595717283
0.5029049482607578
0.5678765030633041
0.5963510821164003
0.5667151220082245
0.5591782985903233
0.566961896192767
0.5698101723974228
0.3370189079824405
0.702406294689029
0.6332378382258355
0.6768803457656547
0.5426334838111463
0.5939072192441908
0.3159144391867943
0.7379634970969209
0.07439783341269102
0.43790133041005075
0.7780895129429721
0.3152237343651753
0.5782737404772678
0.1705915336574323
0.6124710389845704
0.24445099877158064
0.5853604744336491
0.41554686800436214
0.4066249732915503
0.3484947561141326
0.7098746158196014
0.499047732255171
0.2371157337562946
0.5865453930599064
0.5714490404658331
0.5003895980053675
0.6463682839047898
0.3507057514549117
0.6133929478181105
0.36021833218815036
0.4165029015148093
0.7964958729332483
0.3591541863628094
0.757611817434854
0.45510155423261045
0.5528295721536743
0.5431235433784314
0.34411131634150116
0.38347246772998594
0.4660688796584351
0.33659677729993975
0.5924915061350915
0.5578293149549941
0.5129916249128904
0.7183222661216777
0.5333502586288291
0.7341458947074665
0.791823116858357
0.5309659054340594
0.4451668692562796
0.5421782595725243
0.5204978279754457
0.4757234201574428
0.6182268357464585
0.3118891183203924
0.6387795500335297
0.25476710344662895
0.5551639950404241
0.7691610582332923
0.4440539805982911
0.5155280219439494
0.29263283862054457
0.2111848248315819
0.5939407448809357
0.42039624144620624
0.31005210456397003
0.5164786742620533
0.6662673629864037
0.5141429822652064
0.40381346275028135
0.3220679127685354
0.1862560562936953
0.09093572183744073
0.4156942902389955
0.6430141785463013
0.42530313965035765
0.5041294269008236
0.4470115876679627
0.26624942227047715
0.06997189887483297
0.37709184963248854
0.527472457346321
0.3554598787967279
0.4887682411424909
0.6370590884395432
0.7497809774631903
0.4628064979428079
0.3542840483931593
0.2659916076357827
0.41477280742429606
0.3855744223934387
0.577740872513471
0.3129471056523162
0.7868522609600703
0.6457281365364568
0.7621628405092481
0.3781527760784511
0.6047711747054724
0.40245609739194094
0.8540659598949004
0.13956772927387467
0.32803528315678543
0.6135818208643306
0.5313353288620261
0.5827047346530014
0.727750337466324
0.6684023703596431
0.5676324052544338
0.375814158158925
0.7259137155786007
0.3743417225081572
0.8004476432429619
0.3735683509535298
0.7539467686565856
0.3224824359915813
0.38469656140469993
0.6409446026037102
0.3010124142241441
0.29643522335291383
0.11980601090411931
0.6999629676523478
0.6464671625240827
0.3084115327081853
0.518935205557151
0.9405966545218502
0.542989776996201
0.5916812535626038
0.6562672948051772
0.5253622402624434
0.40228636111575383
0.49346818613727267
0.5632594484965758
0.668021877502505
0.21280204169832842
0.752148062453737
0.3527747649951565
0.5580334802414622
0.1520918483922993
0.5035391581527369
0.2649428975793871
0.31362092381036266
0.3527087085845094
0.5082891414723899
0.45422658961000045
0.3036482337310456
0.4462160459229148
0.7498929181496159
0.5446873142353219
0.8223436266574619
0.7888682904448748
0.23010820664573955
0.28783819990465553
0.4179093128899892
0.8625943850081755
0.48877965492228215
0.5405424517677034
0.6152154910986901
0.08872833825897948
0.33601902204899914
0.406011890186654
0.7131068503660314
0.7979226549286206
0.3488327899216954
0.33234265817949865
0.26396692828446383
0.18861924967775962
0.5875285040492798
0.7039024903138671
0.3963475359011907
0.611172276757819
0.5359391787695025
1.0
0.38730287210874736
0.5354138551049379
0.5172906383723435
0.7014824349912897
0.43558153729717813
0.7182811118228023
0.8230249563606422
0.25091576366108026
0.41116706260379077
0.32954335980872923
0.19012358335528545
0.06951214650544275
0.6500195219590466
0.789225785553706
0.7082258057291171
0.6732722068290472
0.3835099344823095
0.6413584746890416
0.47660658618488366
0.6612925695921191
0.5401843609649837
0.4622442505525051
0.45733286859630645
0.7133051423264549
0.574025727580511
0.27805820979995777
0.5346044795654821
0.819710460125934
0.24447470963321832
0.7978103020282133
0.11917441025902441
0.688306118403341
0.6670862086080612
0.4321999524484544
0.4614666020201781
0.21124533113092908
0.11689050332552539
0.5819396925840994
0.46057998268760475
0.12353900033083011
0.835552069131865
0.4832424863585462
0.527775921735895
0.3905073039097698
0.2596366243448414
0.3646170548603862
0.43843159757556016
0.2934703801827097
0.35647842191184304
0.4797977213647656
0.7195599218643051
0.64473193836311
0.3904341613616271
0.3659374735708395
0.6119182304023488
0.5650899280828022
0.23300008644104936
0.4387213109087016
0.17309131551286253
0.45603061175600923
0.409281417018492
0.6526665396638427
0.23551890715228196
0.2596747327245088
0.754468581110971
0.5463246648104796
0.7547873549251856
0.2884983638960311
0.6350432742630834
0.6690592127726112
0.41290602969517237
0.5903419389603469
0.5602140266864377
0.34509814531873356
0.31473462988885803
0.5263390102872276
0.23739383239918788
0.47300329012151393
0.5240053595504967
0.705180038328015
0.274087082098922
0.5231863683842783
0.6053275023155615
0.38697977035371467
0.3426050566427916
0.3398283544103903
0.44318197488901145
0.4455414536824501
0.7298699882064146
0.3114412901797816
0.40906187777336966
0.44646143999930094
0.3589432822324344
0.44066159915031455
0.07537544840688876
0.5186352624616968
0.6939437025298628
0.7806938299276018
0.4174452046320979
0.3719838747352661
0.5047238730730181
0.6539740871677627
0.5580960538388706
0.7469007139309428
0.12159197732310342
0.3272761018531979
0.33114128167027634
0.7393319260875238
0.22966187865551574
0.5629623007125751
0.4992465371652791
0.290544368609073
0.47359782838600933
0.4901077710579656
0.6390326006828275
0.7583043068478373
0.7274187967274887
0.40765461698693595
0.6669726448948103
0.42343000613625104
0.5360170592998724
0.5970058739162488
0.4990251052246093
0.5987522360050538
0.6889347172979844
0.7590770606243721
0.13041222932072744
0.3925232805441151
0.6647725010326083
0.6253062766299841
0.4615296723175502
0.7392578398925553
0.5444275828010441
0.454473302676145
0.5703335003583723
0.43016107325584074
0.5681772754380219
0.5689723662326095
0.40464462623264624
0.31440469073943417
0.3360883995690262
0.44092649253066235
0.4871796907007628
0.785089686346854
0.13089647892548348
0.3484852384438281
0.49439516634912295
0.24651984944341512
0.3527243179707314
0.7478018610004186
0.6842166059555878
0.6297338565983225
0.5381725037697577
0.4942609055991106
0.31544178525175626
0.2813703105077248
0.3849248865487285
0.7303351352900925
0.5104223926588202
0.4965778751706741
0.36097368079809244
0.43389608249260303
0.3120782659149927
0.6829369426252676
0.6087629799259001
0.4291940215049491
0.2687406182270682
0.6289631261392057
0.7474594070286764
0.6305937393708809
0.555982395727261
0.4065278787904194
0.6256560451509512
0.36228057723403434
0.28361931190537043
0.3899903279622916
0.6439440300001763
0.39377800853330547
0.5619516738657303
0.4321119236171914
0.31389577460643875
0.5522085096550545
0.4340311413418461
0.29833302741306167
0.6684358072255808
0.6217629350880624
0.07355235421122856
0.772131898376786
0.5940341358756575
0.4444130888598341
0.4632266836991709
0.4305731597363582
0.45513642258051973
0.4839435431646533
0.2825667668276873
0.33180174266737733
0.2557600192664834
0.7136075831715568
0.4519799960445379
0.14916568775945463
0.2792303231956166
0.7133866395815798
0.8920337081511504
0.6459715862368457
0.6431134100266608
0.13696448258812283
0.1793484473938131
0.23872995055021512
0.72322608189864
0.531586915581138
0.7750132268172438
0.49812370276544565
0.5751975784623883
0.23034322553288392
0.3033981411040657
0.47367064583623936
0.18968326389099383
0.4901821243965049
0.3272437012211248
0.6575409240468301
0.7552216990867291
0.7539894228408631
0.4557083477611512
0.4560299300605144
0.520395200950502
0.5481146540644353
0.23896830619062143
0.36037844096551297
0.7140112953635147
0.4598071340072971
0.3348616100133615
0.6109131266910747
0.5440030030577242
0.4178619715497371
0.7995806422837257
0.3155794784174759
0.7797445037109078
0.048836819835757384
0.6948567956468836
0.5244922500557075
0.5648716163309018
0.48237408525889297
0.6600144665405778
0.6072392034836145
0.3699339600104611
0.22941234103215713
0.31570400567706486
0.20182760845940328
0.6926079578041916
0.4357353784111142
0.6519595458178056
0.6812464856633151
0.4385005843834945
0.5083581296358997
0.7911961859941683
0.15262485963938613
0.5108983121605204
0.4810575304835115
0.2727186931350366
0.41723277641171425
0.5714081741679022
0.3216679225394552
0.3884558409327299
0.36783468637273214
0.41819074396029304
0.41520478115129045
0.661704974565645
0.4268895520508481
0.27276782110071107
0.6462118507213779
0.4988379013813293
0.188373664079264
0.5934862529802502
0.39192227832697174
0.7586937108557725
0.08905082131817557
0.5207042511219329
0.6532374746645959
0.7711982598089615
0.5031416780469268
0.4253166441269934
0.6581593513656749
0.49931845593984425
0.547717736624229
0.5012148422670079
0.7124566550567126
0.3685741592053383
0.6200570178017747
0.8104091972809506
0.5835274080099613
0.43586153817201156
0.7919464844505295
0.3729320728950526
0.2768442662919982
0.5260482699187385
0.24817438720780835
0.651364934819418
0.254783948921928
0.4119077449560884
0.29952585312892366
0.6420277503757073
0.2554324466345838
0.1967029224248626
0.615266933038711
0.395983736880928
0.5532903328144052
0.5197008607086823
0.4031724285382362
0.6081042624171564
0.36952883674539916
0.5830365425133961
0.46873869381526456
0.3922400600547986
0.5126997337949007
