0.9050901620578874
0.8874726035264038
0.8545438315961718
0.9444729463678627
0.638613888746161
0.4759988624174144
0.7621383577165312
0.9022235412470857
0.8149494390075513
0.9041071332339095
0.8599488070887631
0.9754282388950151
0.964085713933417
0.9442417678423771
0.9545844830412634
0.8627029629545966
0.7936481995893052
0.7269950965303675
0.5639266475902062
0.9136657768647888
0.7064207232567875
0.7133771302556037
0.7196492243959605
0.7104739217706302
0.7111241843862934
0.8592859431448852
0.7994587717783754
0.6519395062773026
0.9787124584270597
0.8069637406537541
0.7660562456887219
0.8051237973183096
0.6309833427352619
0.8784947459542615
0.8959188881324596
0.6041356468171591
0.7424357458681277
0.8625365355654725
0.808724304023436
0.7899451428861808
0.7130904264300705
0.7476195809531943
0.8734102171703851
0.871097792357011
0.8389495505999466
0.725897871042338
0.8964025296846542
0.7613409685450532
0.913460647577131
0.9248291756750782
0.9087084741555054
0.9871111022371885
0.9002070726435591
0.7925875714338734
0.742739580425508
0.7847879148767685
0.6629210794045617
0.7679583217146262
0.8594280574790248
0.7823136244968608
0.9087697865971357
0.8423455938457072
0.9172059360262447
0.7336067752387755
0.6833017578600511
0.9658743486024729
0.9228880209268171
0.8872791362058821
0.8739270107099356
0.8543299390514482
0.8945978996966092
0.7581879843565387
0.7664004115820565
0.7224607246925312
0.7362775384548628
0.8914201987540962
0.90460247911493
0.7350731155791818
0.7823320059485472
0.8087633493836958
0.9589369720578121
0.8150437005436393
0.7575551582952833
0.6993993268235831
0.9343485528315829
0.800566404350444
0.7798570793430644
0.7120395635566853
0.9362055638069462
0.7623403909470278
0.8794452385947713
0.9027654669488385
0.9415654064617899
0.8801565825094596
0.7096986622612216
0.8493109043229621
0.748947210575477
0.7764287518508651
0.9165607655839262
0.9435146990325888
0.5264629358318763
0.660625207832195
0.8328357803444355
0.8156887198727157
0.8920332902683998
0.8596154272804573
0.6908475651168478
0.8047964188415109
0.8232449209012246
0.8228684782050265
0.9369150554246627
0.7863410946185289
0.7857725484834953
0.6982823817239181
0.7525960634224961
0.9057393553135475
0.9396973150976673
0.792042966243376
0.6508063382440082
0.7990648636638717
0.5809935383872442
0.7593500039141533
0.6945640022269945
0.6829097245540712
0.841126350717471
0.7229058482351995
0.9175203157814612
0.8112431637107946
0.8310299999041445
0.7063970027349042
0.8831261439997888
0.9431210915953886
0.869030059902811
0.993796992217413
0.7958350095293735
0.7176183213573494
0.6956847612710191
0.802181142598882
0.8993682216545533
0.9349918185375452
0.7692529451469313
0.7324086482825023
0.7873133228674934
0.9421037576113885
0.8663573069696401
0.7737193683658536
0.9085497033280721
0.8283743931415407
0.8505216780677856
0.8332649894936214
0.9204571470079614
0.8963124796903575
0.9649956012212138
0.9789197356549948
0.8690851442409346
0.6443018994538959
0.6382111574336004
0.7555184710453168
0.8091767157484276
0.6278241005660723
0.8813404473013309
0.7466378438807474
0.8562387914415547
0.8506038192655199
0.7092989792919876
0.8801082205897117
0.7776829606506426
0.8262683723576495
0.8787242367639966
0.777217490315567
0.9491372091239872
0.7627250719193339
0.8405612832543853
0.8735517593174966
0.7885127642497463
0.6657054421485131
0.7726995140020928
0.9260749461942044
0.7060664600512209
0.893559690077007
0.7833339091749195
0.6385675702018604
0.8218734242855564
0.9056343854499106
0.6873655449182828
0.9148657879287869
0.8860210584799083
0.8056682375286952
0.7145590144078386
0.6887994036853017
0.8137994609006007
0.6081943246011977
0.7809641057255402
0.5587581548373503
0.8310696703173824
0.7749028598113238
0.9744435021437012
0.6374306230034785
0.9503196656518119
0.7813816926489497
0.8783705719774821
0.9784765930460722
0.83021041069214
0.6248569824816774
0.806492036557125
0.784152935961942
0.9638713398274651
0.8655227884051607
0.6574892214122775
0.8869531004274227
0.6175079744926516
0.8836880093941141
0.8940042830644266
0.9246193390542877
0.7484710176333497
0.8662394895922573
0.8988743085663038
0.9245604164763639
0.8992705649957811
0.8442318558410926
0.8733095998468935
0.9262119537474809
0.8679051693372509
0.8302581552409672
0.7960372534483788
0.7213312495570497
0.8864173322835748
0.9108300424519126
0.6729711416607471
0.7659743378668195
0.7184869260986327
0.9465018255066192
0.8302238760039935
0.8830609934603838
0.9638070822269651
0.6446452759047469
0.6637508582067877
0.9819978637160789
0.790164355024077
0.9671553111704241
0.8048214008742459
0.7652997455712067
0.900332629457362
0.8928556623993222
0.9144270479995041
0.8934990545784048
0.7785991081354688
0.7726688653102133
0.8316182387785792
0.9155917669945359
0.7501584570203398
0.9703492767593398
0.8433524374929167
0.713514247533994
0.9071504073194191
0.811008920977849
0.5966426868491955
0.7444487540321679
0.9091987651502454
0.6826465377770402
0.7474266264821755
0.9223882277654701
0.8090452776658885
0.8386206997997564
0.7886798670266182
0.9287025359106977
0.8858768471051508
0.8294970318463727
0.7839253513931014
0.9446731963175234
0.885351004788719
0.9351196690221997
0.7045906635727586
0.835370833126587
0.8883104935493937
0.7533277472572313
0.8318461160472103
0.5298718087483503
0.92507724770578
0.6699749295383709
0.8604712176054833
0.7939425495249076
0.7227162918164213
0.6985276579919104
0.9006519542487029
0.8627311226212923
0.5612316044282548
0.7154879641492194
0.6669132257079664
0.7070965237863596
0.7478044255700368
0.788109578564408
0.8339701736407794
0.5592555438835813
0.7706933702714593
0.9435505035353398
0.9380174439858469
0.9029164718565329
0.7817103390536396
0.7771758852480631
0.925101967528935
0.6456768071894177
0.6690268216683185
0.8032144940829908
0.775372779309795
0.77073926277023
0.8852350375381166
0.8733050066198064
0.9484402041006827
0.866823582870972
0.9900592656284215
0.8752460404864534
0.8068255781331153
0.7925170675706484
0.9238276849080639
0.950708771564024
0.7482912643971512
0.9197401958879929
0.6663080208336599
0.8813094003180797
0.8352695731455586
0.7755118487856693
0.8506017336262036
0.7842717495777783
0.8019243483279146
0.862776707243903
0.6227671323687065
0.864620393865016
0.8643620733240545
0.6565154960524522
0.8973394760868876
0.8832525087142434
0.8185817335062572
0.8363481587413234
0.8694216526037705
0.5214996744536223
0.6988851002231532
0.8318434884169685
0.8657809002138445
0.7355145214965666
0.7895914651964298
0.8985248826016049
0.6439165145382497
0.5045706689928396
0.8608319533746566
0.8089251953053728
0.7660604280714719
0.6211294722684237
0.7813833710985497
0.9571274852249433
0.7948065863756556
0.6643541608125338
0.8190896418612109
0.7924255099109395
0.6183827466903172
0.8563681966044282
0.865372997295134
0.9154017588033172
0.8930006727683703
0.8336625073298175
0.7999104583613035
0.830033719048561
0.8011837449673468
0.9414802828828565
0.7817487393838857
0.7548001664808262
0.9461130999987835
0.7739729581699756
0.9153074331592221
0.9104842275765633
0.8853251863010286
0.8845257181721754
0.6573435623638302
0.9416157746749666
0.5677171752792117
0.9287084032614911
0.7820301530709785
0.8932702288246632
0.6915547501857292
0.7340564624276114
0.6937871066400046
0.7346425693684634
0.7168748187088859
0.6740845587461199
0.7792688516329023
0.7851029258032994
0.8624503719725347
0.8015800151717666
1.0000000000008087
0.8041416403296351
0.8657976482488065
0.852508764599304
0.875827718136651
0.8181204603603103
0.8777854721370627
0.8464953332279105
0.73759275420884
0.7317562709395652
0.9175884235046666
0.8946013465515157
0.8091555884391678
0.41376058519532305
0.7128546243401395
0.7435669639080612
0.8170253323839299
0.8390635012160377
0.7384982362001228
0.5175215321048511
0.8259659647814693
0.865790213471051
0.8956018629884427
0.8400905145547648
0.9650791895672068
0.841394577224071
0.8106271194943888
0.8093309375863794
0.8668869898088092
0.9410904099874524
0.8644902186232243
0.8169817508227235
0.8884736610111558
0.7332100404646094
0.6653077864533617
0.8005412375643609
0.9577951446773639
0.9792470769038427
0.7871120443146391
0.6427042975230054
0.7619780057980019
0.7036741603004237
0.8888281203255456
0.8000035242367924
0.7425143331954798
0.8318014054935855
0.8263886986443705
0.9274667411478827
0.744537103171475
0.8784119176570642
0.7400539818495203
0.9550331601980248
0.8348662346867061
0.8749307607743044
0.9576145874404809
0.7186196577099161
0.8088143978782685
0.8013325058187761
0.47849569154619925
0.7169532594879916
0.9193437677540283
0.9207809382482152
0.9382961789514562
0.9467910546017037
0.7857594562931157
0.8977256878849605
0.6958819417389388
0.8996794532315183
0.9122606851437928
0.869032701596818
0.1696612077291681
0.9442577314291385
0.869124314296418
0.6203229956650753
0.8902505806442889
0.9466959970288011
0.684197611235125
0.9613122572791114
0.36683035832443195
0.8749291694500072
0.876582746662485
0.872251087058462
0.8404305907777577
0.6731838268161507
0.6205756215227999
0.8640780378241094
0.6609186230031114
0.7345306818788585
0.9311004955578481
0.7255605334820832
0.8747951114656056
0.7414895467064916
0.7164526415548085
0.7709493904346328
0.817928712870565
0.8698720638581072
0.7143644731270519
0.8399968460635838
0.8578106971376868
0.9012750680937848
0.8320302320736855
0.8349619171963465
0.8381387768260045
0.9443440715525205
0.8568081982311926
0.8308987937712548
0.5821504849360658
0.8191970268743379
0.8089041197463085
0.8643439480836006
0.7390051382792286
0.5719263122229877
0.9347193909450954
0.8342330971236417
0.9290613705588818
0.7499760903469715
0.8701675711932197
0.9528384825880466
0.6552354335840443
0.8580125921674155
0.7274066865028174
0.8675224809221542
0.8423687103804138
0.8757116660721331
0.8590895085691537
0.7890237761841112
0.8398417104456644
0.9113107475718726
0.4758127585177985
0.800111296922359
0.8216980126684589
0.7803728824230359
0.8288354824114857
0.8211652114569438
0.8359388142208943
0.631721820847189
0.9565059807373566
0.5193485594888375
0.8237180147898224
0.7220546796662506
0.7831560952224255
0.5733861756589658
0.7543548715942198
0.850066740762322
0.8690704046926852
0.9498284410911849
0.753826565874558
0.6806329839986611
0.8702220279074433
0.8604829312863672
0.8371246604823998
0.9327918881107011
0.7306058197005635
0.7427679533475642
0.725897871042338
0.8158069846893525
0.7795375593922937
0.6952133143742877
0.8911661359405377
0.7533142722221411
0.8457914624332868
0.8151442211272846
0.8939990804574629
0.9440615010337762
0.9615625699772715
0.8539915876101359
0.8584934078313883
0.8222054244119861
0.853890771855311
0.8233907374935416
0.7973990723952189
0.7531735118727421
0.8950951111161134
0.9519251368411715
0.7703870847256056
0.6658252042854451
0.8934159612225125
0.9122085071065622
0.7644493381112288
0.962637702770172
0.8848819514643687
0.7048796098598659
0.7457675634974659
0.8303743127355071
0.6837254164066143
0.9135876825209123
0.7897704939971609
0.7219756510007861
0.8354517504258682
0.8945869330828123
0.8472601107726865
0.9761003401907979
0.6002716233253056
0.746626171899587
0.7740178584743519
0.8218488927634641
0.7537026073598213
0.9233629096017358
0.904043798501492
0.782795504382696
0.7212095902652139
0.4588174449059156
0.8956785248290189
0.7698083805546221
0.7817655055278738
0.9524458023787692
0.8069251695345996
0.8329586475897547
0.7215022864518612
0.7825950098335455
0.6227615601333573
0.8482749781983836
0.96865189146484
0.6291231318779281
0.8080193891817569
0.8901371980220755
0.9256391108268898
0.9171601262931901
0.8690846111148656
0.7742874628876767
0.8503022928129026
0.8031739973254586
0.6973610886036816
0.6765293601451807
0.9461422059316936
0.9596894422816418
0.7871144097933216
0.9063662964149808
0.7517775376578274
0.9061243258766842
0.7953348266779344
0.7663968465880293
0.6657970114402635
0.7600317669042997
0.76579392142157
0.8658623783244146
0.8791210890869917
0.8009495443322576
0.8654509048680026
0.8460610032512024
0.8685258095155812
0.8108017186410132
0.8233212889900328
0.5981876510001134
0.7223564833334508
0.8784426700776113
0.7452148125954225
0.8143531254977011
0.7110694454863258
0.7501436357900112
0.8811309252246072
0.8293832821815788
0.9588138967735322
0.586118676373963
0.638613888746161
0.6862001393321703
0.967874042922662
0.8803136855315544
0.9494229577722475
0.8807482221836072
0.9069905890288122
0.868944159719567
0.8153972654130687
0.75067657137335
0.8257390068974849
0.8958797595260575
0.8665330470615421
0.8468237597445033
0.8749014609964931
0.9418226144336326
0.8763564923415236
0.875351876189562
0.756667853920535
0.8015307030521793
0.6107799321339371
0.7429922565996021
0.8904375870871085
0.7895653064276119
0.7988907108424361
0.8552441846644461
0.814171183062537
0.8159089191228998
0.922002950939617
0.6968809233918435
0.9368320066727962
0.7475357184554867
0.8278469700798555
0.7930124782565074
0.8945457899876663
0.8403611106675354
0.8626148400574248
0.8161542315352708
0.7087195231849737
0.6758249951680595
0.7413005406566017
0.8122926124391463
0.8322792207646226
0.8425183346748601
0.9571583877523583
0.9085603331774129
0.7869900393527318
0.7787144971541082
0.9754120153098139
0.7077611557750757
0.7385019875597444
0.7448963100287642
0.6005209794678106
0.69450913906262
0.7915770362756637
0.7254719434374584
0.7384763408039133
0.6259115566362041
0.7439173939154746
0.8629812860874841
0.9540410255541169
0.8426792630979381
0.8317420997274566
0.8964854585770649
0.8266947597242371
0.6262513970336183
0.8796381313897542
0.7795321122785192
0.8833581465256635
0.7405705867220146
0.9410658122343752
0.8531577175167304
0.9259911946132938
0.8457188009234696
0.6006301679541489
0.9315224731120234
0.862718572565548
0.8476125774264263
0.8422245179218762
0.92069728662256
0.7705446433939181
0.8899493358782263
0.9067567782297375
0.8959731245895884
0.8392546186532409
0.9884857738822561
0.7417692274717654
0.7224252341178612
0.8714068983239099
0.8014955937626711
0.9104989369762188
0.8340391612882656
0.822546554305665
0.7889903966555458
0.9089610106543597
0.7553161355137329
0.6695559507037924
0.938241971062055
0.7986515037029871
0.8947886003435895
0.7490947344376733
0.7654551990249449
0.8101770636535672
0.6054442220885613
0.8851359232325078
0.7039097305346275
0.6233730572334757
0.8699425244429263
