0.8219663216738284
0.6805913081714415
0.6925048696446456
0.7922348743554841
0.24529944787187774
0.4813434088030182
0.6224444828215026
0.8248297439018596
0.7393352532997469
0.7223938981590514
0.6646608458554009
0.9611830482273247
0.9436426978831449
0.9939003797483054
0.9164615489790583
0.807461295667554
0.7701711245886087
0.7342350069895568
0.5648641173173757
0.878906518527954
0.7165230856904938
0.34508518599445337
0.6766529359785072
0.8172907199512462
0.42711403189745445
0.9126442640472957
0.8069233537338655
0.6948788055138513
0.9083775955833234
0.7673553736646935
0.6133356218567279
0.6058766587233494
0.309551280112698
0.8696135818370058
0.6377807826909975
0.14246541960335146
0.5219921882700517
0.7229525492979517
1.0000000000002651
0.6292438720161704
0.6895289467831625
0.5554360742647252
0.7346153358237083
0.7969493329735441
0.6627310401842119
0.6659673751520191
0.8897521468920331
0.4470819810653344
0.6834812098956294
0.7728156001958713
0.7174045745275377
0.9144037748612152
0.935160450990419
0.6106107144211289
0.6327084916285864
0.6305366985228239
0.5230973002006039
0.7114356035588828
0.803623713204001
0.654849299613802
0.6597053227980196
0.643451552536086
0.832640401880062
0.712818793278738
0.5280351654753772
0.9680033163694135
0.7822870980859346
0.721796623899385
0.7838906149454653
0.8162637132763986
0.854293169806369
0.7677143749846108
0.6464261842400945
0.6555378795487632
0.7546513103507826
0.7623722021739324
0.901339665207625
0.6391219028448397
0.6641172018901633
0.7318953170890234
0.9267086453847547
0.7347796757232442
0.6484354405417506
0.6366238710335088
0.9092076836228933
0.693396395464998
0.8164965809277163
0.6435284722499994
0.6931293757909867
0.7378107487431002
0.9198296307779412
0.8002340335564313
0.7453601340037732
0.7618211085885586
0.6539666997223891
0.82880006156356
0.676633583278042
0.7679155571643147
0.6045945978558224
0.9046207647067193
0.30860842568929386
0.6337445489977839
0.5984313211610306
0.7058365363196417
0.717007399934602
0.6426424707436504
0.5904863260029277
0.6574148229269056
0.30850995041412665
0.907607881620175
0.8250637291691411
0.6499443247303185
0.5654730757478259
0.5242508237616431
0.5137831424555074
0.7474995726336399
0.6753925809497165
0.5732070420562922
0.3994135805714473
0.7171882396840729
0.5826513997505492
0.7965446107935547
0.5807036408682636
0.7245450530071937
0.27933634442341543
0.6915860998267453
0.7883161293861009
0.8174018579404033
0.8505627960663075
0.44213851499172313
0.7698246281131449
0.7689889932436247
0.7349875794085756
0.9828659596653931
0.7913144486374548
0.5440673600379348
0.5977616331932815
0.700924378158044
0.8776076823803721
0.8703868923030251
0.4778595004727958
0.49850702367940053
0.7646888429806237
0.8814766643353981
0.6912631734480639
0.519801855399949
0.8866457929669657
0.521857515916025
0.7963253522411925
0.7682101912981553
0.9432073427358776
0.7648433391505015
0.9235796030592692
0.9759602730343393
0.790189948945058
0.4419904750092056
0.6344006977371662
0.7445187725914276
0.5839604595215285
0.4629473235061476
0.8239840924918771
0.761408617585443
0.8378781958294927
0.6186474259009005
0.6936925723264757
0.7317858549813179
0.7966238528181044
0.8734166086282638
0.7251794011466514
0.6490394346311101
0.8403818908009543
0.36303999708952334
0.7891861801518933
0.7031118360949398
0.5580719380679252
0.7036865399226061
0.7076803570054444
0.8812888314312871
0.46846743149722647
0.8681417364291013
0.7575433022787871
0.6448233171716589
0.7355833773790125
0.8597911680737799
0.5854013935499836
0.731688307139043
0.8912258289946979
0.7408511441273753
0.198012947268146
0.5026232180245608
0.7685113149868897
0.4144142520731962
0.6874108399973458
0.4075096740610151
0.8387530101655756
0.5907411560711696
0.8856750427923069
0.44981928796815995
0.8434649713194341
0.5785367279461191
0.9294218331003622
0.9682041001299431
0.5969203787162078
0.1748029742607878
0.4622385519864823
0.5868409132876093
0.8727641007350566
0.9063649405391214
0.5139388745932033
0.8262240116665722
0.680586254809989
0.7609842450631568
0.7999543669551373
0.8166913817993035
0.31016359613889594
0.8288047846676895
0.7047950506583617
0.871500585836155
0.8833149209657174
0.7832007704699647
0.6997970657885418
0.8883456795919179
0.848647837270758
0.5824826147674487
0.7690083673840922
0.3189010402616683
0.9640637121160045
0.8837926876522687
0.20815785292685454
0.6139349458478396
0.6345967278819207
0.9243841285536922
0.6945141553040328
0.8564677895677533
0.8096480702632579
0.6131337787918764
0.669870303966952
0.9874467644534037
0.5292729505730512
0.914942946554232
0.47874672325185175
0.4648034904375481
0.8083221720901799
0.7579964294449962
0.840535528699575
0.7127034452603068
0.9015339901953523
0.5436282419590909
0.7387193340618514
0.9081808723254825
0.6690440113775382
0.9751716740710519
0.9211707814437822
0.5552656652697439
0.8808429986492257
0.626818560356254
0.04695714492597593
0.7070962664777245
0.7756818399917542
0.7524962676425726
0.5952761756470607
0.891556998098869
0.7051672389170673
0.7047931777493228
0.5786888121785289
0.8779281066082615
0.9518705088987244
0.8812496078470111
0.6037258829404942
0.6975994694463886
0.7059067226465655
0.8973304709723313
0.4729126252777356
0.4839180450643999
0.8089099611127805
0.6583562833582727
0.7754711142142955
0.3733272903529089
0.8571569788149372
0.45209047719040096
0.7258068735230289
0.5073946113352645
0.5410828409146862
0.628996092183421
0.8010822429820995
0.7499908703235137
0.5432488532965563
0.6276109264608832
0.8685678955567313
0.7895783214576791
0.768857877395771
0.7682180960412495
0.6933757295832916
0.3414050745133799
0.482323751271615
0.8757292736080976
0.8174175785618564
0.9241188252146949
0.09412234349379543
0.6921551394774814
0.747163715417506
0.6334833495497764
0.5236198726075348
0.6878344170192406
0.6558804115114821
0.743410584532683
0.8136741368647169
0.871404497940766
0.746364054869667
0.8184468034654021
0.9719056507534708
0.8516470390268246
0.5668867247930403
0.587813441135995
0.740000337909291
0.839923338889849
0.314065314620796
0.8708550209977804
0.6068745294105284
0.8700592329959782
0.6573806464769346
0.6286671999221046
0.8994648440495419
0.30945275746228373
0.7859440084249705
0.6694204928761971
0.40145587499514757
0.7100772537481889
0.7108431257823847
0.507061221401944
0.8442032631728547
0.7230637283537217
0.8078639520675482
0.582135332389931
0.6179264499779223
0.6447235028733149
0.6708942766541287
0.7817921759313629
0.8479909879731647
0.5325257726654817
0.7531078175119174
0.9003044606131025
0.24879187190826335
0.568675582144965
0.5971383194486674
0.28932273949133325
0.8444365347538634
0.4903534395246193
0.9248530257474062
0.9316087788822637
0.6937453208265764
0.6883433387919649
0.5788933006783732
0.7132614302092921
0.6522965052539933
0.7303309164855657
0.5309984459758826
0.9070520118960573
0.6698060948114648
0.8381607484297903
0.6496630832000662
0.8129557646316512
0.7264982754702678
0.9205402040897437
0.5591738490453101
0.4782604070199326
0.8383119270983131
0.8218544931137545
0.5594001854844596
0.9095063640612708
0.7935261633362751
0.6486732900775962
0.4602753400580909
0.8244978565944936
0.4863186644539925
0.9421747733235011
0.7944968095995258
0.9176075114746524
0.3561956529269511
0.8558641910559481
0.001053999193597694
0.5327159657552983
0.5905128253602415
0.5013269157121739
0.9349883516663109
0.8511288207573213
0.7193033798846598
0.7015566671980445
0.9999999999994463
0.4230667754314608
0.8192724423170469
0.8393912461191061
0.718925383202335
0.748268801517305
0.7754338946559945
0.7348300500700512
0.8347932216713203
0.23958059292372488
0.8864853490320602
0.6678466943519887
0.8337045929645599
0.2515615167887562
0.545437053359316
0.4452837021596691
0.5202480402994731
0.6764637320676077
0.4551976509698112
0.2760004416990145
0.5967295916471612
0.745010633641559
0.8800837367039596
0.7230348358731951
0.9006588944709086
0.8745975336891842
0.5865211919950524
0.3260541291583812
0.7029724810075556
0.8648327058728308
0.5452511756316635
0.6237216433230162
0.8927312795891703
0.6771760289157458
0.6048386980735081
0.5531393680114134
0.9704025697637215
0.9207270309261785
0.35829523879584907
0.5975992267208905
0.5188931471479274
0.3435885478183285
0.894468541881413
0.8967482066169199
0.6612209918682527
0.6375103264329772
0.6393631014677166
0.9999999999995919
0.7491328426953368
0.5326763283145397
0.4840608583854786
0.8788144195101518
0.7520780423715127
0.827865499219786
0.8698593612988038
0.7366514880316871
0.37143980568094886
0.6819395920472567
0.5204031290277636
0.8180814297753148
0.9046318734212963
0.7590290683594404
0.8967392294126278
0.8892044129245952
0.5792750667294423
0.5110749001606246
0.5143146599857712
0.8631176479152026
0.7955521320651674
0.6423177474919715
0.03454533884701377
0.8938011212421761
0.5994502583825357
0.6927353710600161
0.823842933029571
0.7852442356541058
0.45978731544201956
0.7870445059881936
0.2634272673018508
0.784091334575871
0.8017144287865309
0.8251928461531082
0.7664842434481681
0.36307920536436544
0.46069393471212955
0.7389288170511917
0.7483013939777919
0.6876848603508466
0.9184220191097902
0.727503603829094
0.7061848390639849
0.6993873963229681
0.6375899983514426
0.5936056582704256
0.6027027418422819
0.7612180451439207
0.4537137700298413
0.8031890943701536
0.8629472595248802
0.9074043793006851
0.42320391249116357
0.5564618277893683
0.8155763565364181
0.8799048364497022
0.6917061019212305
0.6147531433545195
0.42505555783821825
0.8083456945108345
0.5832505651650037
0.7497969730897135
0.5196117241152783
0.40735348662513843
0.9207787168775857
0.69987634217109
0.8372550700977694
0.22671534119643094
0.8318080847560698
0.8796000164102912
0.25390865144397734
0.7803462521520755
0.55478096596182
0.8481922710364058
0.6978124261736752
0.7371630173428299
0.817357977964902
0.6356143713994797
0.5867342182100215
0.7173050927238551
0.6567066008048263
0.7631281548420631
0.7416603931230191
0.7052940604042308
0.5893700182831836
0.5902320203428778
0.48054382510460575
0.6898016035175714
0.8400454285564436
0.45184991094789384
0.5527985009657328
0.6614243416994202
0.4722660556737045
0.3989780597816475
0.6795234066694769
0.8829084659583722
0.6862476246276591
0.9283967010659501
0.6848647810665163
0.6312998284768447
0.8399691508538578
0.8523586631787866
0.6544410411438747
0.8627902193240888
0.6863259331044581
0.4920372819509494
0.6659673751520191
0.8982562965132376
0.5490062700091092
0.17949265002865739
0.7484274415724639
0.5809134284698572
0.6734381464578768
0.6995382117097693
0.8478821168292254
0.9459568842942163
0.9299701457476364
0.5770016014031618
0.8455733954303649
0.8143228380611761
0.5682795699264931
0.8080563707680569
0.7996038894015695
0.6881769786197911
0.8171682790685421
0.8607420074807559
0.6317010835004493
0.39869555457794004
0.7817040008950036
0.9545698970157906
0.7639606931940915
1.0000000000011726
0.7946196343511408
0.424113923118107
0.2903385355663258
0.575095135063747
0.6877690064889088
0.7474234807340222
0.34795444139480436
0.7562619211584269
0.7774281209266973
0.7462346136916431
0.7429560893359748
0.8141734492596483
0.5941924531290769
0.46256988597156257
0.462212307784262
0.5039078935964035
0.49259372616548547
0.8833296599195278
0.7401809662443353
0.870755619117523
0.8354659846067044
0.38866826219672707
0.83346342352754
0.4740272449764904
0.6215797370854533
0.9543278489548798
0.41551729232633294
0.7144472129414353
0.7803237575171836
0.705735131766125
0.746634317122718
0.861877098940165
0.9490078301121027
0.5218789233707603
0.7837626443718676
0.7867477670372172
0.8857807664216983
0.8959677270079502
0.773382849024502
0.7947525278492904
0.773183041233741
0.5766816264004911
0.775975167150742
0.2806510915083154
0.8738298104104341
0.8155493320823799
0.4625975287534223
0.8094808025893494
0.7622888300654563
0.8655403883618781
0.6908178861958129
0.49186512042231917
0.6318069909135812
0.8239594387801623
0.6801518737392053
0.8896852588152602
0.8936863538852049
0.7814304895056134
0.6183203444000485
0.7710514234359601
0.7029873933599267
0.8834869659862213
0.6060928010164188
0.5084360974457369
0.46682330401979305
0.9140870900758723
0.5182106701341026
0.7285270454475979
0.2960914787572342
0.5072811548123711
0.8333565935577327
0.7901889174025445
0.8281124347612024
0.5722887101242552
0.24529944787187774
0.5896440420970573
0.9375250606774953
0.7980705876699661
0.9178431611477482
0.8285801546298972
0.7179944393247529
0.7055164561283442
0.48995447350691845
0.7747454043959265
0.765719857223437
0.7927829746525585
0.6477081758381349
0.8440143170216503
0.7174030509967814
0.9001774473497167
0.9052473958195332
0.6899700421299788
0.7217145736647027
0.49923027402298814
0.4942863606573165
0.4238562557187696
0.8557256104025401
0.5577774018023394
0.6742144390906896
0.6801640037145386
0.7009878379644902
0.4443473701361018
0.8736444982735436
0.6026930025355787
0.7269352621415849
0.6956767850679082
0.8252092446650984
0.7583033739490967
0.8408260682127046
0.8003603856067814
0.7693519129297987
0.8036031043338254
0.33958508092270107
0.5451706571321798
0.6936992257995762
0.40998124083824933
0.9458390846652703
0.6275471467499297
0.978041299392635
0.6685702455596849
0.6948272273387441
0.7678653946110866
0.8963893959324017
0.5786074785236375
0.6054621481893623
0.4661183181511091
0.481331958848811
0.5060594298033969
0.7963368460285825
0.5916499583749143
0.5828343416633266
0.46547734985060385
0.46246398606160827
0.8112488730178521
0.8924134683678617
0.77063576662847
0.5185599072571809
0.8080447775938543
0.793403066677617
0.432550478857509
0.8081362969169266
0.690873039928759
0.8545611160479756
0.684199167459359
0.8568840559432555
0.6707428477843684
0.7999424252476711
0.755441562946058
0.6942930816988576
0.9217415700721802
0.6878280460977181
0.7068629768438752
0.8411610815946351
0.8689109297911877
0.5631388904440248
0.778128348845391
0.8830039441739685
0.8517689116708363
0.8044368564336777
0.9406126583985731
0.6871734451088802
0.5861616252263415
0.7450612313421141
0.6907723569184566
0.9450998733342058
0.8177413233904609
0.7342103177871926
0.7708701696156658
0.9034591135254058
0.5050537851982366
0.5296961840838623
0.7247108904875496
0.6264707470736496
0.8003672559259785
0.8051488304206775
0.6361192784682707
0.4058229395932579
0.4931281669568138
0.9020906068823562
0.8390505908140087
0.6063745147842856
0.745196900915404
