0.7159728917499292
0.6151828364942453
0.5927045503573981
0.7760615848930993
0.2810621843594943
0.6330265141671648
0.4373968147862071
0.809285629436941
0.926513748288392
0.7992366223391156
0.7118930164707522
0.9494840194400705
0.81381939482599
0.999999999999989
0.9999999999999967
0.6702239318359364
0.6306928873011424
0.3091791471361345
0.35578001914776386
0.921156566970283
0.5932211429717184
0.006897351382096428
0.46553413287417394
0.8173565051445117
0.5812456977337762
0.727120721246064
0.6319520714768834
0.6703642939847703
0.8839103015951633
0.6016847243561078
0.6690273547979695
0.46760926885428516
0.0
0.7633163952868097
0.8373644989632736
0.0018083261437978218
0.36302097381486986
0.5603863184479065
0.9999999999999871
0.6724638027034121
0.8164965809277273
0.6763149815354786
0.5166633495077037
0.7595171353413118
0.7267265186646568
0.47737812641638216
0.6544465781238368
0.37821452633894465
0.6794630044299819
0.690418650987581
0.6786777382894693
0.9582126290465942
0.8524958456634859
0.6060091888823197
0.041381089630644415
0.449576334330015
0.5427134442886263
0.5492792113039229
0.5151002228241732
0.5479078446509041
0.5664731129087159
0.5692181856858842
0.7712150420200171
0.45681036740105396
0.4212889571509898
0.999999999999999
0.7457770650750616
0.39006908857356243
0.462568888630931
0.800637027751287
0.8042187592487429
0.5277664284251081
0.3806029821375961
0.5294363513144515
0.6297587308444256
0.9139726027061132
0.8853027911951721
0.6760763071902567
-1.0
0.8049488990525704
0.9521866039379416
0.5858176838252734
0.6095043760464255
0.5926735705245785
0.9527918260021813
0.7323401201190275
0.7114649022679486
0.6251934867460079
0.6918474619287436
0.4848630127336582
0.8164990414636607
0.7444212365084305
0.8381825443018208
0.7103250927571699
0.4987573689532382
0.82160656424732
0.4810784716071975
0.6814046375766442
0.8348277636075869
0.7851074328362394
0.411590280296284
0.44101525291020516
0.6749861130628745
0.4602274574081267
0.8047493613404247
0.5193132394245691
0.5211848354086372
0.5300135388745632
0.3672852923935937
0.7037579683713707
0.8790320651973826
0.6370356958491381
-1.0
0.5922937301405429
0.4158168991909562
0.8952366312634864
0.8362908259054094
0.5253485704195641
0.00931042710894126
0.8751889080162826
0.51471201976811
0.7731618638907651
0.5678516688220344
0.7071067811865479
0.025298545958911758
0.6826638775943581
0.7141541850923111
0.8977431717975851
0.7966185365795755
0.38390988132425496
0.749132905283714
0.7754559187362766
0.5455058190980477
1.0000000000000133
0.5298021769443969
0.707398322348331
0.5115109837963057
0.5044108231015353
0.656171508530892
0.8497223379188389
0.3686292981737083
0.31855362166294005
0.7369872561578402
0.7775703128294518
0.5043628353882318
0.3504524694021578
0.8242568077209728
0.3086577097949242
0.9450704690397604
0.6835228880862283
0.8197423902388526
0.6799656605994782
0.9512072865355414
0.9135516816881983
0.7875798441753432
0.003261566377789597
0.43623551835868357
0.6911458308331749
0.5150174891453787
0.4138819682558492
0.7038744258229236
0.20645676157474718
0.27646964516104483
0.6443469919104479
0.4693491936366703
0.5606672230939657
0.744491578805164
0.7302283138037864
0.5208103555394734
0.6158045338217639
0.8391366465702945
0.5156161563012012
0.6959405039609999
0.7869114653694058
0.4739610149704121
0.5773502691896266
0.6759892700274253
0.8730491740902727
0.3370570901755412
0.7503375513022676
0.5794869393985997
0.0
0.5070235625576649
0.8396823943142432
0.6713614947026999
0.5669562925874592
0.8042521122287042
0.4279985883249756
0.2700198583783243
0.45644938468617147
0.8477913861708873
0.3567277105804986
0.7565679500241229
0.2765130312836871
0.8250538868382442
0.674421753943246
0.8784564974153621
0.5773502691896265
0.8372037483208306
0.39017736651035867
0.8161266523354803
1.0000000000000027
0.8485749049266303
0.19843402617502387
0.24335676153006322
0.8065407253553725
0.9234377253238482
0.8864127244529163
0.40993084277124303
0.6823244416105027
0.5015052738096801
0.8247730191497881
0.6676931461449975
0.9247494513082236
0.3399198612884066
0.6167724950980193
0.5096802119086086
0.8489425697540149
0.7475850428818704
0.8676591414180678
0.7430258411879369
0.8091038521901015
0.7084994852764492
0.745051199926338
0.6733903620554693
0.4112487671400825
0.9588604621212131
0.869506615990269
0.20086702855325256
0.6701816856605411
0.28389291408323775
0.9262010028886517
0.48496460337010555
0.7266605014861973
0.8984297375720807
0.5800587447712501
0.7584638073471143
0.9445559289366556
0.24879985129233192
0.9373772629931446
0.3662960872396928
0.22638124580097782
0.619952703063471
0.6691578529640322
0.688182999165383
0.5399614604253148
0.7446556726631883
0.5060899003520414
0.6869709003348641
0.8265445490846046
0.6712657969999564
0.949066072315659
0.9152804395659129
0.49802365820086403
0.8547160910615953
0.4588667552302596
0.01823396352714798
0.0
0.6138417922566042
0.45861435796973604
0.4272167484854971
0.8787064687598904
0.6665754351840626
0.6693589852386166
0.6615878355096085
0.9025543241361922
1.0000000000000289
0.8294283311950131
0.503168593542838
0.8181280712456177
0.8189278295730735
0.9061769302977312
0.5242485969315538
0.07578054936913897
0.7293848669882872
0.5789081990382983
0.7767842355333175
0.2608164016845474
0.8962527479066927
0.26343920663110226
0.30146997679573767
0.41106619747210144
0.01587644135397894
0.43482683926090293
0.7482330158943654
0.7203132552467074
0.45198113239570753
0.5778696009451421
0.7120339177125959
0.5326000883550546
0.603579968789851
0.777984482579116
0.8970045639335338
0.0
0.4044695693270042
0.8524763450679826
0.8976597049848951
0.9391034622076749
0.0
0.7524146127626397
0.8697672471768659
0.023758279046224372
0.5634711196218531
0.5124816033829106
0.38565184716153156
0.7064589523029541
0.6814024402924375
0.8974224185458042
0.8492222585839169
0.8412755903009436
0.999999999999977
0.7688030213933862
0.5796368162581075
0.41512198847690274
0.6784636489648156
0.9306675805676388
0.007762580337429661
0.9377084503449802
0.5264259402685533
0.8875590980825373
0.6178997888878192
0.7304955789013724
0.8772940298792331
0.011434329737484735
0.7764559275781978
0.8989387645620935
0.29972696650621383
0.5602992667836215
0.7479649998362615
0.07524517234212781
0.5842440536013579
0.9999999999999999
0.6942245873640717
0.6849653873238662
0.6491800573707135
0.8660254037844394
0.6688912683490859
0.725077681124822
0.6884179020779535
0.5935919207965039
0.6771900468453903
0.8108350187702946
0.26647707834560175
0.4107644528433704
0.5818685084544747
0.234030862014593
0.7740272514800887
0.25915351617908416
0.8668243437665406
0.8872253224170287
0.6203916332311764
0.6022702961056274
0.46579323393218885
0.4775215989914436
0.0
0.7575279105964496
0.5530150245090524
0.8129760614442203
0.6043525478528912
0.9263478935160979
0.5094458951232916
0.6556905468540187
0.7121269776374128
0.8227222256823906
0.5281059240576029
0.5874245273621828
0.7589843699677993
0.8944271909999086
0.5856375002252828
0.8767853141057386
0.6906557964269457
0.6250783598931958
0.29818788542005625
0.838512955873472
0.4416592777929785
0.9383257994206143
0.7170125371341483
0.8611492468229197
0.37664550160574095
0.6577622872358787
-1.0
0.42284989167367254
0.501434366261363
0.577350269189626
0.8956738833960255
0.5773502691896275
0.6704000028219698
0.27224029908457203
0.9999999999999977
0.29404260225280493
0.8680066143843621
0.7975404718619341
0.8126400587339901
0.5821679572813762
0.807346426096383
0.6765589260297766
0.6810343277531018
0.27085249419470614
0.7324888057650001
0.6483193649767574
0.8164965809277196
0.2945221941469501
0.5820835944492403
0.472589591630001
0.6763997807990841
0.7078498675092711
0.0
0.0011057045599832953
0.33539476407337276
0.8203421210802665
0.8129966496017135
0.5450558183505517
0.8522430728106204
0.777714025869208
0.5287065094337075
0.3442913616142403
0.6957130202853562
0.8503748626244779
0.6719148154653756
0.6127029538247684
0.7352044466022338
0.670946292720117
0.5007121964779219
0.5778051272945424
0.9379267954563443
0.9302274514405919
0.5220615256826138
0.47810659655210436
0.6676407483719558
0.40257236103775096
0.7607030886729663
0.8664459983650747
0.5867644842179156
0.5867839973388124
0.6345786045713648
0.9999999999999962
0.6778574932712277
0.4820946265488344
0.4285665503035686
0.8165928439485179
0.7120766201441883
0.7789238387503572
0.9537916412797184
0.7723839869174179
0.0
0.6335192552649834
0.4854892487692606
0.8178351497565638
0.8032678140040446
0.8469078548418947
0.8845285349907208
0.7980063307319131
0.4920215338270555
0.3639967767502922
0.5142315887925129
0.776678600880641
0.8277090040538603
0.8230546707930821
-1.0
0.7393321342154132
0.6119927057219571
0.5498008680849849
0.9156886786352074
0.8411882389071136
0.4110353436905227
0.8055815765418317
0.3193065261901927
0.7605806577314688
0.8602059817896732
0.6410421139734451
0.6724209685347854
0.39209631904845155
0.30579287825071294
0.7347644719547375
-1.0
0.3344024906523925
0.8851346259934798
0.6247688078665377
0.742066840225778
0.5352119985849942
0.5171653452299837
0.6253971734068712
0.41588659969023684
0.7954921361523912
0.26718386239410163
0.5978664312066572
0.6743335962967428
0.6765896988312486
0.2895746439278444
0.6226284955562444
0.7464455777560934
0.8137380642732464
0.5720445681182225
0.46677087668446454
0.47311972057736346
0.7138930573374278
0.6160604900233604
0.8840585659957352
0.4778214722436833
0.4364357804719861
0.8675852411853869
0.5938229388584845
0.8445838594832548
0.2796325416843605
0.8686977053173275
0.8173598688516658
0.022760570954098176
0.7071067811865454
0.34408801678599654
0.7800340039551715
0.5038776582005112
0.669608221716043
0.8752986476281288
0.678411700012936
0.47127015065332983
0.5862670376136904
-1.0
0.7493744654099884
0.6742527539033897
0.580047975067309
0.6690017462522483
0.6704636109539279
0.385281182953285
0.7071067811865465
0.8061746614584994
0.34860531547682466
0.5863005123246654
0.16072601275996748
0.5323320158410663
-1.0
0.6748803810642189
0.7948815915220417
0.6262386142110888
0.8970556725478291
0.4223973699685632
0.7346110933639775
0.8096377585723041
0.851348048846014
0.6773071895091475
0.7830460926273416
0.4669943329256564
0.4212008468220684
0.47737812641638216
0.8261022748075172
0.515706775863543
0.02567760145430841
0.7521522885432486
0.35935868760623907
0.7213249981342182
0.673733939642896
0.9002604819995385
1.0000000000000078
0.9999999999999958
0.6242806196385495
0.8064932320756817
0.6811253362952328
0.5834818045776854
0.6594662707886215
0.6795402990638896
0.6414550987137473
0.7540480570724489
0.7906610775680291
0.2870831296715276
0.5194384770001406
0.7941585273472219
0.9999999999999979
0.6735069112218667
0.9999999999999944
0.7758775920824487
0.25330715380849395
0.2961915621228052
0.5320487236259664
0.6188518406074126
0.7173633581333158
0.4721388111120449
0.5749752289002145
0.6951193191424617
0.548943105918446
0.8029807466958081
1.0000000000000226
0.4396582930503375
0.4384726429497524
0.5656630993910303
0.583093523346177
0.3668569441374316
0.8697651251194939
0.7113370400203807
0.8077389040889912
0.5097331074442516
0.0038740094102320023
0.944086018950917
0.5689027201712656
0.5084454263874629
0.9373850629377944
0.5095335706732949
0.8687307145249565
0.8982396323153344
0.6498266676872861
0.6397181491229018
0.7455473815457399
0.8975324425616835
0.411056512398775
0.6305971353967748
0.6219756739009081
0.9011194311102885
0.9450412880564675
0.6720621255429623
0.6652122763464811
0.7253335764068585
0.46896003317915164
0.5516919351671431
0.3571693122994497
0.8255896104240877
0.8286273090700983
0.30422892489474074
0.8181550415033346
0.23902050199849265
0.8734884411324889
0.5058523488821594
0.5516573920928836
0.4608045578433492
0.6762344198744903
0.8183592644568486
0.7551611876217666
0.7783714782249783
0.7144167593077698
0.50000000000001
0.686812328714925
0.7448615708530085
0.8945868960432307
0.024327453539211615
0.5069577725420237
0.6129818212004607
0.8595777288413743
0.6212027591018036
0.7277473023766746
0.34468678631447486
0.5190159126132982
0.7598509672727091
0.738092565530564
0.8470942171623991
0.538483788874411
0.2810621843594943
0.673011559493157
1.0000000000000018
0.8058553417733514
0.9141604749769814
0.8965416542724299
0.7504220093632644
0.6382245017469201
0.1880482011216208
0.5304763910714838
0.873700277073391
0.7750268057323827
0.610149112569273
0.578213946124314
0.7564006794940736
0.7277479813736639
0.7823770310344663
0.6713425183337363
0.7190069816241275
0.44998247808857006
0.41622033568428674
0.577350269189632
0.8060574545630568
0.585140418685881
0.5458260977367972
0.576609353790955
0.260357879322579
0.24561645407606886
0.8692037903416696
0.5127689690318417
0.7574866346014243
0.9999999999999901
0.7811165624105226
0.6850606035036043
0.8067828393860836
0.7442457527906903
0.7745880910991569
0.5719816967297079
0.16628750836157566
0.516994378509625
0.5472154447281242
0.24654675224199132
0.8594167073137396
0.7068626620736866
0.9386526172827397
0.7284461972180413
0.6159545029566986
0.6800303832563268
1.0000000000000004
0.6159206554484673
0.6064512312514204
0.6059710943909052
0.25911821895481507
0.5877049488150131
0.7351280852959582
0.33844053660023166
0.547579295227505
0.44412263762066945
0.5130476885002049
0.7780393429656267
0.9225538482331432
0.6832739303403552
0.3571385858712489
0.6306431800919124
0.46953840197904334
0.5783509225068596
0.9133840998520196
0.6546639764297687
0.7923306900787395
0.820873497056819
0.9999999999999964
0.6228031564080962
0.8106220895325672
0.6938634337918783
0.5249957975429692
0.9279628588112727
0.4285545816883418
0.5869851862139076
0.897231549857393
0.8736590500065992
0.4478063237888456
0.7443724517071167
0.8456772689262235
0.7610450694241065
0.9272727196543076
0.9549966957435713
0.4596268990243627
0.3671320014714702
0.674689645677942
0.895579733633711
0.9487359372879651
0.8347185586128922
0.8368457576173766
0.6980568244990859
0.7668155882268662
0.512004132413607
0.5509290252684942
0.7709560547617377
0.41419020252835803
0.8218241719266371
0.6988101913054836
0.547953822606272
0.02620892305603411
0.2995836113169882
0.8946987768153034
0.8191660924302449
0.5141792143421648
0.731447956319243
