0.7221111366392368
0.6738706176033977
0.633508585836136
0.8233211446981229
0.4763651626608767
0.2597402597402597
0.574994385407959
0.7191002781163105
0.7788890864115234
0.6127361444235594
0.7463152385144525
0.8914728682170543
0.9477288741326266
0.6009837305634022
0.7457627118644068
0.743072838478502
0.6956263432784383
0.6222495425608255
0.5704603967847123
0.8314653744361549
0.6762497860484457
0.5160180858493834
0.5447846989635104
0.25109460614459583
0.6469562539234356
0.7344715929000698
0.6791808798952794
0.5406524855696434
0.8895978636375832
0.672793408684757
0.6790500413637953
0.6206510633977631
0.6197749440513671
0.9748743718592965
0.5599999999999999
0.64
0.4807822296778657
0.6084575043245022
0.6785714285714286
0.6001424207368552
0.859068250536372
0.46643618830958433
0.6233470714198188
0.7198177145006619
0.7739895360290896
0.6774484525524568
0.842734929341522
0.5223943211336117
0.7564635563549927
0.8085332532586043
0.8456106412447694
0.8772992263021233
0.8265334834014558
0.5302651838602618
0.5983656172753586
0.6313107297941887
0.6577356322164113
0.5976017656291996
0.6957830861845056
0.6043123158564879
0.7259009075402109
0.7034067553484132
0.7281189778086906
0.532613056623204
0.6582215998083617
0.9206349206349206
0.8383561727748863
0.6322917005737979
0.6811723678207602
0.6799771288785398
0.8229665071770336
0.5454840811787929
0.5681371806891865
0.6749100428875269
0.6753074034636238
0.8876504647245322
0.7788915453429496
0.6635009530829683
0.6834360129278002
0.6609246368117903
0.8383757589043802
0.7197597111576982
0.6019839607001931
0.57314566231771
0.86880818277783
0.6067411097992907
0.42220414597506506
0.6319657524188133
0.6073335907006547
0.7514277406985044
0.7266327760299018
0.7138549852657219
0.5994304115404222
0.8143124697959261
0.6156459815378542
0.6236433481055925
0.4599944244870791
0.5539054321705997
0.8076573243105621
0.8644810148409621
0.6184982371981573
0.4616352580482195
0.7017515522083029
0.5548090738720779
0.8244127592391851
0.5968075600682472
0.5305021325795827
0.5991094023460377
0.7196699630821094
0.8073609862109403
0.8564484168766576
0.7599402204976164
0.7075465864580638
0.5840773852496967
0.6200739713613993
0.7756459090308527
0.8269318201035303
0.6697817561399539
0.28493158277800984
0.7146588081657165
0.376641324568619
0.8199589667921281
0.570664035081664
0.7072424793594861
0.6180254939063201
0.6607910029379948
0.7572252058018171
0.6767675002541707
0.7376940292751963
0.2960429862216329
0.6041711077698133
0.8800047808550604
0.7240072451400504
1.0
0.5956157900181909
0.5777503962473143
0.2873160353420691
0.6580790824694722
0.7180499818477153
0.606999447546032
0.5721811874504877
0.6532632959224051
0.6275331582000087
0.905833440759221
0.6289953049382367
0.48019574209362526
0.8954800253790978
0.7395335369111444
0.5272583274436757
0.7276417956465334
0.8881030315331608
0.8051408384563771
0.9085526126197523
0.9563489622521265
0.8547583882656921
0.48468509778086294
0.485746852540612
0.6614395751287678
0.5585745541860843
0.5579932119887314
0.7546718518192286
0.6966348823048482
0.5504042008095464
0.7530335049706584
0.548017287612875
0.7082249298724308
0.7087971133218902
0.6670401021886605
0.6616384854111369
0.6732558158326841
0.9045592115276286
0.656239963753938
0.7169519353271167
0.682927418379916
0.7033727082579336
0.704924367136634
0.33327774668662447
0.8762944505074419
0.4738143837678818
0.8663519653538566
0.637031252642354
0.48475107391563477
0.8226917291877214
0.8141845119062578
0.2539974339612964
0.7548635491083636
0.8114807580504984
0.6923507670667358
0.5163129533724979
0.4150609420843607
0.6965671151183714
0.3426007724927699
0.7043544389007673
0.30190456297314566
0.8474519498376147
0.31433079810243486
0.9662190427352553
0.4411455719407925
0.7454204945822966
0.6642205940621159
0.7761986124964121
0.9637681159420289
0.6703066830816687
0.389357982643948
0.5135025766268803
0.6002248788712607
0.9229919608775354
0.8063529884769399
0.3725885713207151
0.8508848687230853
0.2985074626865672
0.823720734121097
0.6396312011192138
0.8518848827016048
0.5514025153184701
0.6932622691680933
0.7385547432448794
0.8151320169179919
0.7245350420903585
0.8174387259827626
0.7651728931720649
0.8119741852940306
0.7280180383085474
0.7058602010656062
0.8217648196043276
0.33264964572234973
0.8245968604231078
0.8356549937693508
0.477363869846963
0.3157894736842105
0.6738968806791871
0.8116467257179925
0.7100477947318651
0.7587618473931824
0.5903614457831325
0.21212121212121213
0.5484423719502177
0.9884769693660181
0.6868024527400413
0.8504776401785601
0.546131525667347
0.6880753909284206
0.713251074690673
0.6610299309172498
0.7526517585208224
0.6367212786153732
0.7678314930175436
0.3929275711127196
0.753263295922405
0.787127988576711
0.6970837165783977
0.9685136825381465
0.8126317104022905
0.5809189650222856
0.8744758314536473
0.7037516776262026
0.5935177979548819
0.5830591338912602
0.5247058577637708
0.5977290668714422
0.571005674359486
0.6678846977271161
0.7197126767973724
0.6746716701101264
0.6518702928110187
0.8517483065494401
0.7182658371710694
0.7078034715469065
0.6922937111948284
0.7563011778863651
0.5155472565903987
0.8834121960070672
0.26929052906008816
0.6003669716792353
0.9003051904367025
0.47367487478463155
0.7572115952739106
0.5225741480319674
0.8097394797661339
0.6531031289597091
0.666929775627379
0.6328941041091336
0.38876445273869453
0.4726373391501906
0.7995668544003249
0.8541658009549346
0.6339553533937937
0.6478794321700327
0.32510258491259164
0.48923117285342044
0.5781244025443464
0.6440643652864703
0.6814814814814815
0.4383561643835617
0.6160984359052172
0.8972500497908984
0.5644623990225816
0.8144554758532748
0.6604285297129936
0.4761904761904762
0.714237347715708
0.4444749752334593
0.6064199755208155
0.6636541055766586
0.6095237374403958
0.7043084912924725
0.7642050003177377
0.5768394939801728
0.7867269111398718
0.7708001803943655
0.9137931034482759
0.8015735208162549
0.6990172586082017
0.6935344568095033
0.6117999953512868
0.8772879722429391
0.6731482647585243
0.8483989739058183
0.5235306107237655
0.7608775860377279
0.6128584865304478
0.6238591560569486
0.8438711289472299
0.5951279085356532
0.6559064197204633
0.5190839694656489
0.4931807339156153
0.7882679274940992
0.5815766592375712
0.676056338028169
0.7120191232420415
0.8222222222222223
0.4817862871787443
0.5794392523364487
0.6957853300956164
0.14014517236823312
0.24292478723898553
0.6394066907717201
0.8283459990775318
0.5343471620839673
0.7783901869221426
0.747910446444331
0.5281874817486183
0.24657534246575344
0.6259811768112824
0.5860434916777324
0.5735387089914407
0.4574202943447821
0.7058823529411765
0.8704370935599913
0.7449791239137624
0.3394411126495678
0.4834918451207272
0.601157657604752
0.4453025483808302
0.7878372576485708
0.4231861423383124
0.8249240440664292
0.7814913800883788
0.9364823863041237
0.6590787798261939
0.5707138437150688
0.6159855205608502
0.9054538075104399
0.46251870900272585
0.5847336504209695
0.7253175199114053
0.6844243390428417
0.8378229716713281
0.8552532832646051
0.7034836410314087
0.7995222806468056
0.6606275439421284
0.935581172669828
0.5126597100848803
0.8629767260734202
0.630249161246099
0.7639744923155328
0.3776155713271668
0.6796177069156054
0.5769230769230769
0.6418435092166689
0.5605017233615706
0.17533059820025712
0.7568065298096147
0.4574640908490345
0.6092615271106792
0.4320938493533314
1.0
0.3403512794182086
0.5730797621413906
0.8879899960497966
0.6184751994818476
0.6943156649914343
0.7763542265820016
0.5848690046924871
0.8351843228685205
0.21762985234012916
0.888922634760421
0.6724990056078708
0.7449073022347766
0.35634063452518017
0.6699612634426189
0.5795908131101577
0.5639846187168879
0.6846404346571843
0.7407407407407407
0.2542547994696807
0.47602273198965656
0.7715850355725208
0.7842795183613037
0.6793206339475953
0.8333852682240274
0.7475414068095595
0.6672222393954564
0.4501135428305436
0.6720116298188734
0.9346154282400149
0.7321235374423406
0.7368281331298252
0.7357497644119768
0.247015836558566
0.5517565991045607
0.5223881226990971
0.8441507243638746
0.9574551648061266
0.5041287860498161
0.6077418037162792
0.7360358313757817
0.39647361985798507
0.7739515327500364
0.5839192945913986
0.6993050516243816
0.7139631936480733
0.7366558355086018
0.8831168831168832
0.4850142099229812
0.6701296269247461
0.7580967685007511
0.6900881078213783
0.7149112997322414
0.872162974260828
0.9060270411281112
0.537263108235693
0.5093152163645299
0.7110557405108876
0.5639505577592084
0.24011779276122558
0.7511506258105358
0.8947510608880436
0.8928741918914191
0.7948371230440126
0.6440849919873576
0.6015821998062948
0.4848484848484848
0.8257787798672606
0.8496888158222389
0.7200282156410184
0.6353551834409993
0.8397441601357076
0.7983389796256285
0.5731319579510058
0.7489097010960012
0.8596225029024268
0.5403034094859865
0.8144129587892396
0.11028860209371011
0.8151812666510706
0.7865380694347929
0.6656323351682413
0.6680181962332291
0.4286409011185052
0.23049111087977778
0.8245678110789382
0.16949152542372883
0.2760188066462074
0.9206349206349206
0.6814264696256209
0.7601482443657225
0.5762190886320886
0.5598355117628473
0.4636406649906829
0.5527978705279564
0.5834423800569961
0.585491007832941
0.6946078086459446
0.8013156834478553
0.7695132931983945
0.5175631385605811
0.7090555721883904
0.7269697970407863
0.8193697366714322
0.4397670779736245
0.5768590290740859
0.3757548713652563
0.5595370069671189
0.7044086050030791
0.7508583097573409
0.6250068469907212
0.5216428569057339
0.8680444026311692
0.6295271872429928
0.865583512838591
0.37656255385712706
0.8536121281009549
0.8396924381449994
0.26832238396008806
0.7774954732863342
0.5701115975966937
0.6563500007086082
0.5408543764777541
0.7840346062040285
0.6349539503706872
0.6555743182022199
0.584394947820476
0.5680367868453072
0.5332509363793
0.7353543795401712
0.587451062238588
0.550394444575204
0.7319359171651072
0.5224165871685489
0.5401059354279572
0.4495285000049977
0.8369841908736156
0.4928012144694565
0.6558449491055113
0.5510092638015697
0.7215833926480105
0.5804484167254516
0.247015836558566
0.7543234699995233
0.7213377313263727
0.911292524852731
0.6023210411613356
0.6117936198657938
0.6733917636583707
0.8078829683637119
0.5773194262488324
0.8544906068703829
0.29943376314132975
0.4999048109821556
0.6774484525524568
0.7603632005240571
0.5576197294626275
0.3921568627450981
0.7619283326658087
0.5548963106896285
0.4994380391856179
0.64640162766673
0.8648102358833525
0.7998835211327036
0.9112226867865585
0.8020325447336779
0.7505853819011529
0.6583943683226136
0.8059577868328827
0.6777876908476528
0.6779307701842784
0.7809304053954774
0.7994506196566658
0.8437368127116173
0.672359560173599
0.674247547367561
0.8917953476533397
0.8541661737783327
0.6038274790688595
0.9013358750010445
0.7667237193351153
0.5818957586492585
0.6935179500145776
0.6757027577339226
0.44106449784510937
0.7443803577170631
0.621226500002142
0.7021417020568625
0.568820569968028
0.6297496370562047
0.7726203245546375
0.9411764705882354
0.4414503972503485
0.47529597689376973
0.6964658934623568
0.5444430333439427
0.6342396981868362
0.8882911356874575
0.8897366200909912
0.7578873613354715
0.6805798818384111
0.5853451672959977
0.6773922424726982
0.6292846445357689
0.742855158522214
0.7741884033391387
0.5031847842630389
0.756787722496665
0.5873166855242499
0.5435637288661263
0.7273563891754197
0.7634903267529844
0.9042436531934215
0.5934438191419159
0.6564325992306946
0.783810583068269
0.8054947819420811
0.8298798032477822
0.7794807662836635
0.7450944209719375
0.7681830966375844
0.6407675712509365
0.4860585966440262
0.4115896759809726
0.8184079407761643
0.7567103405433157
0.6249690569613546
0.776347825569527
0.5765061039777921
0.8205332559171005
0.39167487073843243
0.6335832274470689
0.7716697175336742
0.7032086584596063
0.327453089307246
0.7834353437490039
0.7839241499167938
0.6133899680996739
0.7844538735465509
0.7025229223644355
0.7111777832089415
0.629781000597923
0.5743525361462711
0.5807995604780355
0.5512408638973897
0.6686957874537568
0.6485848777243971
0.5074566081160604
0.45716903625077326
0.5734768800744695
0.6010944325389534
0.7431992739725253
0.826086956521739
0.4278203953474764
0.4763651626608767
0.3696043703774814
0.8815997548819816
0.8287429135709345
0.8837004865560613
0.6142235033582586
0.6358634365111635
0.8225303895643203
0.40351344088762037
0.7523338293280804
0.4997533997797302
0.7454838449824751
0.6735412156377829
0.7056357401446962
0.838193058256132
0.8805812015783088
0.4343966177973042
0.6737368242268389
0.6499156432723008
0.8372093023255814
0.4620079137851974
0.19753086419753088
0.7044437609726214
0.5145377563027574
0.6900832977116158
0.6229048800548005
0.4981025215597435
0.6035986840966615
0.8988144774096526
0.5363255468476104
0.8911917098445596
0.24825737895652134
0.738375540105455
0.5218011829355138
0.7421040292835409
0.7170535442508169
0.7046719474230722
0.7823656646488424
0.5290137220421564
0.6460984586629174
0.4550314623612549
0.6962721840334788
0.7929587918993192
0.521299983800464
0.7782029212462074
0.6643343528530035
0.37224436772497205
0.4738020867306454
0.9299065420560748
0.32727023898650565
0.737956736591602
0.6969568122984187
0.6879162307338526
0.7436341277934709
0.6537365679707703
0.43545440677281105
0.6139680759509067
0.47346875617125195
0.6129630335913429
0.7482340219800602
0.9393762233399737
0.8282426641306083
0.37575487136525637
0.6991497481243603
0.678532917809214
0.4644014361680663
0.7551481933790254
0.557048881240169
0.8069151368318517
0.23752192473137446
0.8852459016393444
0.8530244014178433
0.8197496302901545
0.732406825084024
0.5295690656926869
0.8172778320181269
0.6342101503022725
0.7021680513818984
0.7091977651441378
0.88475257311577
0.5342607941116989
0.7286311134399234
0.8994943334258754
0.6496450629769258
0.7010078200835538
0.9789029535864979
0.623433513495556
0.5949329590698824
0.7152731896738304
0.7501607036134197
0.8207446809544333
0.5923358083255691
0.7507888545113225
0.6155170360745091
0.7904656260188279
0.5929101682002162
0.31691432783473183
0.8296831445869636
0.547362902094201
0.8467225581451938
0.7144429802846264
0.6452200209980508
0.732642232482383
0.5013299163577223
0.8386985454065002
0.5881852638496251
0.629918069037016
0.7490321441602792
