0.6284555131432333
0.6288911651668616
0.6202354187744603
0.7658187872651596
0.4230246216286881
0.25152488665489925
0.5062674359478561
0.7040438071868889
0.7238007926644934
0.5527488093704219
0.6756297273455858
0.8428761485452761
0.9136481572393169
0.551631664463132
0.6968213629690853
0.7094471494144623
0.6271671164861781
0.6103183092738651
0.49788715428915753
0.8074189003058945
0.6378041377981387
0.4980803691452622
0.5331859942513489
0.22642828972816567
0.6211651624079191
0.7343607930687556
0.6092317136853895
0.5126288094404998
0.860646976580306
0.5981102552263674
0.6015686830997589
0.5817013375714856
0.6038994156124703
0.8905354785514752
0.49779181114200194
0.5800116498542041
0.43119798061796233
0.5262959559980411
0.6171910687761051
0.5517319763659256
0.8020643194913949
0.4431083065947751
0.5834688253674772
0.6971273231518162
0.7677498677333265
0.6622232750715358
0.7601828851891422
0.4938584759298078
0.6961465133522164
0.7929580171378514
0.7934955271295293
0.8414495977012815
0.7528843850941973
0.49410944170515236
0.5883597754951972
0.5719062830940163
0.636280541822503
0.5498159191168198
0.6853454131381816
0.6017142410974311
0.6656586948618092
0.6397496241202261
0.6997541945556427
0.46674395381592626
0.639050652366514
0.8719133411269455
0.8036221500241592
0.6019038324059061
0.699914624363011
0.6943766823592047
0.7614697051524686
0.49295983182290704
0.5362629649547963
0.6140877501157315
0.6461093777605411
0.8137685808166317
0.7260989862598265
0.5895376842375128
0.6518180055025578
0.6803860883872386
0.7656574061342252
0.6417887796217938
0.569116849588558
0.5319126695046106
0.805875690119226
0.5744249496780034
0.3750567405402122
0.6078595302693681
0.5792703303677016
0.6758577061622605
0.7105184233911273
0.6885311735361123
0.6015024495815767
0.7779113035470192
0.559018537383288
0.5830136039100364
0.46616052414620013
0.5175881633359468
0.7867812773419602
0.8172588049784153
0.5752325875636443
0.490117383481127
0.6582986860936554
0.5521648955937177
0.7683239352890608
0.5492756920573794
0.5048120912233565
0.5511925665493846
0.6620607715236021
0.720509985505102
0.8035090754085535
0.7036793709543332
0.6472606560752057
0.54251873528619
0.5872395799642585
0.7618336069150776
0.8141895726096628
0.6040929721710246
0.28802425476509963
0.6760086513664174
0.3623513928989649
0.8259197787483095
0.5170133416073174
0.652232657045054
0.5756970271841233
0.6550444568320193
0.6533444932887705
0.6678047161881588
0.7183643196408454
0.25895904037711487
0.5525341641640543
0.8542728160041216
0.7235890689610919
0.9414634146341463
0.5669004613807443
0.5534471904914519
0.25291413688780306
0.5721363600481609
0.678484020734904
0.5940008575241389
0.5275520485760166
0.5960067763883667
0.6246096840723822
0.8890486762813967
0.5780559584824757
0.4222876640200807
0.8260421057719268
0.6726156975734275
0.5094289481510682
0.7357120742554021
0.8470797399717822
0.7544136070675195
0.848679661914913
0.8649302810666913
0.8033842533071321
0.4564217820515103
0.4687270017680185
0.6529583359366025
0.5045445262274426
0.51990346318425
0.6847298930894178
0.6035773889757697
0.5137801681335239
0.7630393780530145
0.4681469052690847
0.6550281256234602
0.6978407714486873
0.6292651879934451
0.6428456069459839
0.658610150381166
0.8489490965996848
0.6034109552902096
0.654500897345905
0.6497465154473167
0.6463931774271093
0.6805337280864773
0.30496839000718406
0.85791811595505
0.4083751033065618
0.8037555430163411
0.6114667803678148
0.48561109403050234
0.8000715963950256
0.7429675404526043
0.2367878883014684
0.7217615555996802
0.7532040511837624
0.6470451196905224
0.4468824430039682
0.3759190941269794
0.6293896770271015
0.3494079341989492
0.6530583176196961
0.2993439972510705
0.7798308835775603
0.32277883083965614
0.8817564541677176
0.39857843657562025
0.7082628877528031
0.6393702841707956
0.6766608726572536
0.9331904668665423
0.6377124186489057
0.3995564889169904
0.46582982550256796
0.5459835618329563
0.9042882005938349
0.7729126813044878
0.3878762240527041
0.8518042293276642
0.2874079902598023
0.7768480414725683
0.5588108034640834
0.8247054472618967
0.5158667708877958
0.655675221031452
0.669103426880531
0.7165919983518848
0.6439346351125248
0.7791628376153403
0.7200740085812892
0.7280708218988238
0.6302372485963015
0.6857968441286965
0.7911602090849821
0.2946535948079322
0.7552308947650676
0.7435641084036879
0.4224561240650704
0.29336811491257553
0.6816297379765113
0.7577681293118201
0.6871247604164034
0.7204858464731055
0.5262540240489321
0.18214463194298455
0.5274512036286019
0.9723544603128959
0.6534859974487648
0.8000963568132425
0.5370644140548225
0.6361880004757474
0.670914866266506
0.6419191258084517
0.7537032042031538
0.596862547091683
0.6712811238171869
0.3812074993896276
0.6661710831254318
0.7166134186038648
0.6354057450127364
0.9010384634766806
0.7711027534907574
0.5642085327672041
0.8382120652562113
0.6870412667369916
0.6083931219483983
0.5536169175962942
0.5223053215547799
0.5943603485640472
0.5666472200621018
0.6594928557586236
0.6208508075896013
0.6881903520644072
0.6230355770382827
0.7769751184936173
0.6497970161976417
0.6427883548012406
0.6537239469023034
0.7288046923228433
0.5077336364777435
0.8490041614030359
0.24553077223004374
0.6063373589400167
0.8977233814351652
0.4423993342825629
0.7668408996513515
0.49265621635155055
0.7548350585244407
0.6518811433491425
0.6427624284781762
0.5765598937036547
0.3514667551474625
0.4022025200626934
0.7444971575710136
0.8396575397238006
0.6107719602996693
0.5958290585968673
0.2808133157968037
0.452709889226429
0.5099861107150184
0.641028975187997
0.6925800942007161
0.4048725134442534
0.5843167190558118
0.8559958309833158
0.4992278379675532
0.7703482088582265
0.678734625152986
0.4735485610745732
0.6577066292542985
0.45907796683506963
0.5607779224126037
0.586801894457312
0.575218457118078
0.6887380562702152
0.7276261021227937
0.5635851862734541
0.7031394354047473
0.7678757340217028
0.8218540470823681
0.7386109459208078
0.637405413737989
0.6656970382917503
0.544308759695852
0.860596608700967
0.6387322111963183
0.7701470088741819
0.4852182105724432
0.7329521794702253
0.5743914298809265
0.5541926212221292
0.8073479146709492
0.5130013098250323
0.6423087974071572
0.49682547675425104
0.4490950922706827
0.7864263323630498
0.5629293103830693
0.6332574708810845
0.6933475850278418
0.7553793554598345
0.4305507178294437
0.5099473560287231
0.6563219846456841
0.1588022290696685
0.22256032949702798
0.5712517828870235
0.8000775250550632
0.5197986492798526
0.6952852145421009
0.7203254030792989
0.5143110458657413
0.2116441827161243
0.5626845071346984
0.5108199688480376
0.5704003623631233
0.4861638319540791
0.7059348095601592
0.8454164445667632
0.7304490573782799
0.2808476428878008
0.4918273366612162
0.5970708919705727
0.4701037502263082
0.7805479171356628
0.38927153104183204
0.7529956380528056
0.7257851118564127
0.9020207307877885
0.6421075073731545
0.5323219790484314
0.5765312365665541
0.8258694082557496
0.42198441806362996
0.5386454303733736
0.6747216697500775
0.6961338884960961
0.776949081949742
0.8352781385678413
0.6365698936449231
0.7668386815369996
0.5985602179950177
0.9170651899815928
0.5289506981272165
0.825774141033307
0.623613240575497
0.7778882685172992
0.3889711921216017
0.6400010288197626
0.5268660962858496
0.5852164101815082
0.5477369195523131
0.16006850680918647
0.710134861112743
0.39020350275797777
0.5783644771910619
0.44368032274031877
0.9096930799671186
0.3507454752868603
0.5330138000756764
0.8179043139476722
0.617549113572897
0.6447872772696039
0.7158216098248307
0.542919015545805
0.7716328558081943
0.1775623559073052
0.8138681790795732
0.6466639262432085
0.7033438318105663
0.3443637496705005
0.6207610913152122
0.5796324130641627
0.4915281074784488
0.6642164206435969
0.7015035503191609
0.276190608711694
0.4813481310287721
0.7474729350772187
0.7427308791639287
0.6183843495072923
0.8289836423403683
0.6520558293073001
0.6492851086798331
0.4487881403328625
0.6323233033461424
0.8603003821184346
0.6785712279095013
0.6966506614825607
0.7338135779159433
0.2228916090687723
0.48234443131378996
0.4588120058493377
0.7963652342234226
0.9174570068376346
0.49168306470510403
0.5225570793366597
0.6915370988938784
0.3759379734223006
0.7661328205714762
0.5331053201904878
0.655896673544735
0.7025827268361362
0.6826912051974849
0.8505363642857657
0.4450934477362857
0.608822407924099
0.6890188005801421
0.6430025225155972
0.6581725690130836
0.8264561651419343
0.8084341427638634
0.5127693393924239
0.47760018634695195
0.6608634874489067
0.5134153296099605
0.21575655012989237
0.7245594368098048
0.8203357158318015
0.8273771159996772
0.7368024303421258
0.6715068568703509
0.5557735687984218
0.4980219799025684
0.743802397189748
0.8277244544863439
0.6417287036819
0.663930870495525
0.7916239049062559
0.7440192395246032
0.5479167556362504
0.706147964167552
0.831546710181315
0.5152226707878558
0.7844805554475446
0.09546843614656292
0.7662720074472851
0.7355261984146706
0.6665469355976348
0.6230815585270972
0.3912458726345802
0.2187095147879194
0.7774515630591086
0.16768883707630827
0.27511139255724965
0.9226736472306151
0.6710181471379355
0.736578310181711
0.5928512371297665
0.538591033503014
0.43326309167020927
0.5230396710100513
0.516473929343509
0.5543572187230886
0.6698633173010512
0.7775117895077374
0.7596255619213691
0.45936715479724194
0.6874022315429321
0.7304291213677095
0.7662521164332249
0.40841348284237305
0.5618765549842567
0.35489758617367334
0.5411380529929587
0.6469352404014466
0.7291870315694815
0.5794653824793138
0.5078239637431702
0.8521582802696916
0.5359987276449578
0.8325563003816252
0.3190856763664057
0.8123633003676118
0.8002231651278453
0.2749718480141548
0.7494083858369525
0.516474143558199
0.6400835650071661
0.4799309780170087
0.704853170570973
0.6048021122461235
0.6255101530906092
0.5806111393310326
0.5498097676920439
0.496623196449655
0.7058829078423842
0.5151578654399092
0.5513448330954666
0.6910984118197042
0.4669599694474076
0.510011160763751
0.48558868919903064
0.7542421989016718
0.4709692740372846
0.5896430365773997
0.480842875964666
0.6749850517270567
0.5039895637378546
0.2228916090687723
0.7337602743159317
0.6570836470310755
0.8677596560791125
0.5553115586061796
0.5951539917344287
0.6400958274257454
0.8235142593990419
0.548983808214742
0.8372185959202895
0.2763962157917943
0.4997798602302249
0.6622232750715358
0.7484148919913458
0.5594200063579539
0.3671864707830692
0.7133629628064994
0.5609217624044848
0.4439948757929388
0.6169342112308102
0.7667084457899305
0.7245679045686285
0.8843607759083065
0.7570326320485659
0.7065144259490214
0.5838436250195206
0.765977262703521
0.6242765877542045
0.633041963191105
0.7486110876361831
0.7476926849508914
0.8017111745945151
0.6387795620041277
0.6919022913241891
0.8673642851116732
0.8005872633238912
0.5906224493764232
0.8727860163364517
0.7086137642818869
0.559990034621125
0.656784485673103
0.6288695586012183
0.43738154443816235
0.7406339600567771
0.5936432445754801
0.6594494750037322
0.567395981107342
0.6260905745486358
0.6987316622860787
0.8664045687552067
0.37573183861887566
0.42478507725287706
0.6755669189731026
0.46910416242916175
0.6277237914840759
0.8252863951696425
0.8235741709390927
0.6942874823461365
0.6969486255972748
0.5637056047779843
0.7056884965332842
0.5395849725960218
0.713953004300709
0.7389779370169355
0.5352416576937721
0.6558129293228646
0.5534234272468748
0.4925311858707853
0.6573298276644162
0.7039796464737015
0.8299642971262633
0.5497385001184399
0.603650336127755
0.7137549006833919
0.7848576513386121
0.77215891240579
0.7630267930296102
0.7110171613232349
0.6872667254777185
0.5610902232449949
0.4434505341068806
0.3451167965713227
0.8069078495033389
0.6951764056264866
0.5297083207478684
0.7199892991285322
0.5437923670358684
0.813939209054311
0.4152115925813079
0.5999216599703046
0.6830107873973593
0.7085863072383742
0.3038579723290748
0.7133299230079595
0.7191574083770195
0.5794817133208021
0.7588823153657716
0.6448216445292144
0.6426209449491126
0.6342238618536371
0.5806009651423554
0.5863700749446862
0.46798959886210867
0.6118725099523298
0.5970640721850934
0.4556551252915587
0.43523139763923674
0.56399259233194
0.5601160447782297
0.6938949600410769
0.8070682000433839
0.3941947399856337
0.4230246216286881
0.3584347830026409
0.8565727075704291
0.7760366179405466
0.7950334734120573
0.593707164254691
0.5828509825894159
0.8034466293604747
0.40286549411683376
0.7551898827331055
0.47693037190586024
0.7334397284113195
0.6365616439485482
0.6634403125418066
0.779294903738682
0.8927846325179492
0.4210261878311082
0.6014715522380729
0.6411522105314669
0.761521556409
0.4301091645355748
0.16550399069576804
0.7250054548059031
0.5171292751374921
0.657230342243191
0.5641892893403266
0.45459484760456464
0.5488181432778937
0.8454885792321062
0.5410153468455259
0.8493292573179837
0.2298646541185938
0.680832302414474
0.535652073051233
0.6789703584363029
0.7342678738527456
0.6226280463060814
0.7597487489424593
0.5185503539309869
0.5908370086805577
0.43003727526597535
0.6387948488673787
0.8041566513439838
0.5167324857951523
0.7642207420421582
0.5911191165439291
0.3563741379426681
0.4217962097194134
0.8628047428771476
0.3307196169125582
0.67501191300555
0.6617051911848527
0.622948211578003
0.7341295810006198
0.6026294334790822
0.3911314334490337
0.5811663212280948
0.40492579744712426
0.6283530595784701
0.7457601632045108
0.8956719260480708
0.8056657244480305
0.393005870273906
0.6339631643938864
0.6397237785743843
0.385574190942555
0.7259911196762332
0.4964330614184448
0.7547835881681783
0.21562309833037438
0.8415300546448088
0.8310288511399663
0.7745835324077303
0.6821677555200376
0.479921677286084
0.7597501787761418
0.6417962187359063
0.6652211418136372
0.6606991909825864
0.8602059464992927
0.5395944768162929
0.6814774300445736
0.8482448599394327
0.6173080674994275
0.6551789610301905
0.9420929799421758
0.5813005144401537
0.581749380251985
0.6574237671641644
0.7261371947135294
0.8001702329462987
0.5965449933037944
0.6904364506051901
0.5845474530857544
0.7167344904464191
0.5987352399583276
0.2971725628198381
0.7849634321379289
0.49161883150311536
0.812354520492268
0.6609812631975899
0.6403564563367381
0.6931218651669816
0.5225132312054342
0.8101519371146942
0.5857622147404321
0.6019396984872665
0.7068886677352262
