0.7074074074074075
0.6616541353383458
0.6016614607114519
0.7952990482167169
0.5126065941340873
0.5227096273291926
0.6309377703138247
0.7792642140468228
0.7560906562171323
0.6320346320346321
0.7639414147366363
0.9230769230769231
0.8461538461538461
0.8038277511961721
0.8461538461538461
0.7100840336134454
0.6904761904761906
0.6303736527237223
0.5197528059594044
0.9066614607114518
0.6956505670775982
0.5638594215652935
0.5368480725623582
0.39075727513227515
0.6025882011420397
0.8495265881200179
0.6840985101854667
0.547992239411685
0.8703703703703703
0.5177963290080908
0.7993783993783995
0.6353383458646616
0.6730573222656483
0.9166666666666666
0.6860670194003528
0.6476190476190478
0.5832864995135223
0.6296296296296295
0.7428571428571429
0.6612274901545213
0.8633540372670808
0.44431216931216927
0.6529847252452903
0.7387647360162986
0.8526570048309179
0.6212470255679945
0.8
0.6016557089991389
0.7444444444444445
0.8273809523809523
0.8090427960180341
0.8131868131868132
0.8333333333333334
0.6129354316745544
0.7098765432098765
0.6511783185977997
0.6037176200297358
0.6862377893907564
0.6991611284948007
0.6196096815932761
0.7403642468285261
0.6759418590927327
0.798611681503229
0.48123493555895397
0.6382867132867134
0.9333333333333333
0.8235689470798375
0.7762053943577707
0.7077380952380953
0.7790752344406349
0.7815384615384615
0.5402992106439223
0.571139715937508
0.6726190476190477
0.6753093159487668
0.8333333333333334
0.8044871794871795
0.7105263157894736
0.5454545454545454
0.7763157894736842
0.8534798534798534
0.6810254126005801
0.6923076923076923
0.6944444444444445
0.8
0.6861111111111112
0.7191697191697191
0.6424827397178071
0.6640115293525698
0.7150363566506046
0.7232142857142856
0.7473505906621994
0.7142857142857143
0.7929328519779991
0.6017316017316017
0.6415343915343915
0.5773809523809523
0.6025573192239859
0.7234848484848485
0.8522952602607713
0.5925925925925927
0.6117164647661574
0.6846153846153846
0.5990635199844242
0.9209401709401709
0.5503093159487668
0.6230536659108088
0.6897673346373094
0.7256651242189628
0.7055468789635307
0.8473895627611249
0.7484093626931516
0.6468515927927588
0.6093824190933663
0.5734359668435959
0.7636363636363637
0.7957477305303392
0.6334462638810464
0.4246913580246913
0.737037037037037
0.48910036082431996
0.8497474747474747
0.5912445586761325
0.6
0.5671332231166804
0.6908050865195312
0.7069366077566801
0.7916666666666666
0.8186666666666668
0.5865557566206149
0.7270114942528736
0.8484848484848485
0.7328885599626275
1.0
0.5460853290089002
0.5876547805598037
0.4665823318574742
0.5645298174474861
0.7532322973635452
0.7301555750343577
0.5922551861316623
0.6386834339534493
0.6122766852531529
0.8771043006151911
0.6723064558938339
0.5333333333333334
0.822592508454488
0.7211589429141433
0.6382408190100498
0.6838300460561287
0.8461876882382927
0.8347222222222223
0.8981481481481481
0.96
0.8035714285714286
0.5529761904761905
0.5869047619047619
0.47619047619047616
0.6612433862433862
0.5690401819687406
0.7619047619047619
0.6952406922436091
0.65
0.74161918328585
0.56
0.726944540924305
0.7038624137989626
0.7106227106227107
0.6459094954296286
0.660138737045164
0.8527734394817653
0.5824248365505686
0.6754312222077172
0.7614814814814814
0.6919642857142857
0.6661487143797008
0.4966960943471125
0.8722327640733712
0.5414087827880931
0.8342492747364755
0.6666666666666666
0.4317042606516291
0.8487420472958859
0.7927083333333333
0.350523088023088
0.7520833333333333
0.7619047619047619
0.7011664910273175
0.4887218045112782
0.507686528661729
0.6578947368421053
0.44913419913419916
0.7333333333333333
0.5231928958711013
0.8076923076923077
0.52989417989418
0.9607843137254903
0.602803884570543
0.7258064516129032
0.6963050291237759
0.696153846153846
0.967741935483871
0.7030752390664508
0.5150945244807109
0.5054563492063492
0.5895989974937345
0.9142857142857143
0.8342857142857143
0.4666666666666666
0.8358514944910714
0.7491496598639457
0.7613980288190721
0.6526387626817319
0.8506787330316742
0.6273256600630884
0.6944444444444444
0.7747875416228431
0.7894081794627205
0.7575757575757577
0.6851851851851852
0.7963811641770185
0.8087301587301586
0.6666666666666666
0.7085079779903252
0.7773120300186934
0.47778557571187624
0.8516129032258064
0.782608695652174
0.5523102571657308
0.7273202614379084
0.6406926406926406
0.811965811965812
0.7078615655792069
0.7621212121212121
0.6687370600414079
0.35119047619047616
0.6013492063492064
0.96
0.6777537131966264
0.7857142857142857
0.5443322109988777
0.6244973344338832
0.7229389866763861
0.7625
0.7724592411983638
0.6731613592228475
0.6666666666666666
0.6488095238095238
0.688066150002832
0.831908831908832
0.7377096013238835
0.9444444444444444
0.8011695906432749
0.5529274574385631
0.8115942028985507
0.735969387755102
0.7601321010154303
0.567868851108844
0.6736273684296867
0.7142359533521649
0.6232638888888888
0.6786704213225875
0.6831481391703632
0.6995325927477474
0.6269841269841271
0.7928571428571428
0.6666666666666666
0.7635882635882636
0.6464971489442258
0.819248120300752
0.6409116809116809
0.8470588235294116
0.3526654278792176
0.7494443297106653
0.8421052631578947
0.5714285714285715
0.8333333333333334
0.5032230049724925
0.765625
0.5815554169817175
0.7789332501890305
0.6856617647058822
0.5833333333333333
0.5771428571428571
0.7739219787774524
0.8422596281832071
0.6917989417989419
0.7468253968253968
0.8483091787439614
0.6575395563325256
0.6442904921165791
0.7306758890683802
0.6916666666666667
0.48888888888888893
0.6972040945562155
0.84375
0.6686507936507936
0.843939393939394
0.6493788819875776
0.8296296296296296
0.64
0.5452001366194411
0.6121031746031746
0.718421052631579
0.6278039083486702
0.6888888888888889
0.7699250730320283
0.7446366782006921
0.75
0.7346925475957734
0.8666666666666667
0.7444335412266854
0.7118879909830835
0.6857142857142856
0.6802183323922454
0.8507630578237948
0.7587719298245613
0.8235294117647058
0.5662266679761555
0.738687222468467
0.6074074074074074
0.6376623376623377
0.8421052631578947
0.5684807386238225
0.6708333333333333
0.6055555555555556
0.5244375031708246
0.7555588454242251
0.651637058718377
0.8102564102564103
0.7015391916403726
0.7857142857142857
0.6424792139077853
0.5755102040816327
0.6736111111111112
0.4487179487179487
0.3468915343915344
0.576955038891721
0.8196107002207447
0.5290235305671961
0.7641702510245254
0.8020833333333334
0.6059014875078401
0.48391994478951
0.6362164539226338
0.5829189715037607
0.5869391025641025
0.5097222222222222
0.6904761904761904
0.7846153846153846
0.727229196397269
0.3880194366219257
0.5828979737441139
0.6417654398512558
0.5150297619047619
0.7773281457613676
0.6825177574403581
0.7886832111842292
0.7829694278482102
0.945
0.6771547094324774
0.6031746031746033
0.7009803921568627
0.782608695652174
0.6120900541011598
0.6625
0.6777681326236062
0.7807539682539683
0.7962962962962963
0.8468364953028983
0.7111111111111111
0.7166666666666667
0.6750752108060117
0.888888888888889
0.5687500000000001
0.8181818181818182
0.617074726785674
0.8660714285714286
0.4993197278911565
0.638787937162681
0.5333333333333333
0.6783089330872293
0.5918516835756427
0.40489652797345105
0.7521008403361344
0.5454545454545454
0.6596517362923616
0.569047619047619
1.0
0.6395676599578046
0.6587301587301587
0.8412235817054865
0.8050434453484676
0.663174383237536
0.7633630240404377
0.5909090909090909
0.75
0.4138452043464208
0.8114395751287677
0.6937523598620945
0.765625
0.497020328599276
0.5916666666666667
0.5442687119293715
0.6621754825985526
0.7068914956011729
0.7083333333333334
0.4777598653486021
0.5484774114059702
0.7944265320152688
0.8093762368030502
0.6102241275348609
0.8533333333333333
0.7058823529411765
0.5944618489729545
0.49374999999999997
0.5887414616676782
0.923076923076923
0.6593406593406593
0.7513459816280283
0.7611014659569395
0.41710527502834516
0.5939856249494344
0.6209523809523809
0.8846153846153846
0.9523809523809523
0.6410256410256411
0.6102323456752589
0.7414965986394557
0.48164638709387003
0.7823409065419135
0.74
0.6381215766179511
0.7518452232263744
0.6440612156425738
0.8823529411764706
0.6350345560871876
0.6872261984712084
0.7554076280020391
0.7329125227733492
0.7106140840779684
0.8487139441370141
0.8275862068965517
0.5978835978835979
0.6006248967965286
0.7011173086785218
0.5444386600497613
0.3808412698412698
0.6818181818181818
0.8571428571428571
0.8854166666666666
0.8123266082231537
0.7092264598146951
0.7301430585607093
0.5213675213675214
0.8251426723777399
0.8133333333333332
0.7880070546737213
0.6794871794871795
0.9223057644110276
0.7871026167630497
0.6116302869511636
0.7034013605442176
0.8602150537634408
0.5709002812674762
0.8246467976173806
0.45141309237419075
0.7959770114942528
0.8454421768707482
0.7552965794120726
0.7464628635234236
0.5547950867643138
0.4474582746868391
0.771880673424339
0.6076923076923078
0.40960683760683764
0.8932806324110673
0.704385282534731
0.7910957781691413
0.5308641975308642
0.5375870930526948
0.6086700550384667
0.5854955775964927
0.5897709857167132
0.5966433939576655
0.661904761904762
0.7961460446247464
0.8423491053834808
0.6022927689594356
0.6736111111111112
0.7581891165816077
0.8626984126984127
0.47705853174603174
0.6262160265013178
0.534453781512605
0.7663817663817665
0.6712514000443693
0.7608695652173914
0.6058661546038384
0.5553257514973834
0.8651315789473685
0.674616818487851
0.8888888888888888
0.547125527188016
0.7011395364179822
0.8333333333333334
0.39320038860498413
0.7472527472527473
0.663834598582814
0.6883760683760685
0.5808077754055943
0.698421383089781
0.6607142857142857
0.6328502415458938
0.6810861096575381
0.7051282051282052
0.6186217055583876
0.7370748299319728
0.6666666666666666
0.6555697956243366
0.7008547008547008
0.559298871063577
0.6404687533973121
0.5506177435227665
0.7878787878787878
0.5155024772264363
0.6493217375842333
0.5845409530565785
0.6630432821126813
0.6234126984126984
0.41710527502834516
0.6933333333333334
0.7259154770089068
0.9103448275862068
0.5899418222073642
0.5840277777777778
0.7503267231461168
0.8240951402784112
0.6399228454184512
0.8288193554723333
0.4767028584523461
0.635439079091275
0.6212470255679945
0.7450980392156863
0.618818881330442
0.6464646464646465
0.7510673827430622
0.561881306570196
0.6780626780626781
0.7141250562303194
0.845185016908976
0.828640331938566
0.9
0.7888257575757575
0.8049689440993789
0.6404416839199448
0.7826566357063283
0.7123333333333334
0.6986067728150988
0.7494824016563146
0.8069811521525756
0.8203125
0.6619065870804011
0.6248322697022446
0.8740740740740741
0.8333333333333334
0.6761109849039542
0.8981481481481481
0.7372053107162011
0.6081397454061777
0.6734758443590297
0.6226944107919027
0.49444444444444446
0.6678818190746515
0.6285714285714287
0.6677778341205817
0.577639751552795
0.6633399182487072
0.7972222222222222
0.9166666666666666
0.43809523809523804
0.5259042033235581
0.6666666666666667
0.6223316912972086
0.6391423291010059
0.8571428571428571
0.8707482993197279
0.7887088190172078
0.7148096523999925
0.6013529111441509
0.8205128205128205
0.629549446384748
0.735299131139465
0.811111111111111
0.5370629370629371
0.7272727272727273
0.6983333333333334
0.6480331262939959
0.7284754367961273
0.7738095238095238
0.8461538461538461
0.6
0.6355764409897677
0.7777777777777778
0.7728581037420512
0.782608695652174
0.7626982324024743
0.7197231833910034
0.6913921318793326
0.7014069264069265
0.5148845598845598
0.43709825528007346
0.8144078144078144
0.6444992276613928
0.595185016908976
0.6933333333333334
0.6036497533608043
0.8083028083028083
0.5611109963773321
0.6119404933630395
0.7790849673202614
0.725625966741751
0.41068253968253965
0.8078817733990149
0.8237050306015823
0.6168582375478926
0.746
0.7245370370370371
0.624
0.6848072562358276
0.6126083501970869
0.5066045066045066
0.5215686274509804
0.707983193277311
0.768199233716475
0.6027776292987698
0.617765734442035
0.7111965807052909
0.627450980392157
0.6769230769230768
0.8489583333333334
0.36850737037567
0.5126065941340873
0.4013888888888888
0.8461538461538461
0.8205130427481102
0.8295454545454546
0.6797052154195011
0.5966715633606278
0.8703703703703703
0.5550216450216451
0.739737322899488
0.6388619853144969
0.7370519552043314
0.7264318926811342
0.6538461538461539
0.8275862068965517
0.9033005644706337
0.5625
0.6610644257703081
0.6874003189792663
0.8296296296296296
0.46069479266432833
0.5434782608695652
0.8660287081339713
0.5976497948848623
0.6560444745554808
0.7436801881246324
0.621936881746397
0.640283657269951
0.8671328671328672
0.5884615384615385
0.875
0.3100529100529101
0.7393177603618873
0.7001488095238095
0.702992213514277
0.6769075799546713
0.6786625019024948
0.7631578947368421
0.6032467532467533
0.6271684940037956
0.5086580086580087
0.6045548654244306
0.779968115394416
0.534690902719469
0.8690476190476191
0.635989010989011
0.6138111888111888
0.6465961640172072
0.88
0.4627108893929703
0.718251915503478
0.7142857142857143
0.806043956043956
0.7222222222222223
0.7291294642857143
0.5867295117747426
0.5557692307692308
0.47036458597568714
0.6502859143153322
0.7284547493073505
0.8673469387755102
0.8409565488466935
0.6807959401709401
0.7359307359307359
0.6253944964111635
0.5362986220129077
0.7518796992481203
0.6363858363858362
0.7346938775510203
0.3706825396825396
0.875
0.828853256563302
0.8166666666666667
0.6410256410256411
0.5357142857142857
0.8391608391608391
0.640262800993602
0.6785264285264284
0.8229548229548229
0.8724279835390947
0.6097629976559208
0.7332096474953619
0.8888888888888888
0.6628571428571428
0.8235294117647058
0.9629629629629629
0.5972598103095029
0.5522667056338901
0.7560793116348672
0.8682539682539683
0.8395833333333333
0.6343320355248679
0.7713036963036963
0.6203348224364656
0.812121212121212
0.5512820512820513
0.5249257278669044
0.796625397420619
0.5510224812922117
0.782051282051282
0.7200000000000001
0.6642629496916574
0.6694123260164465
0.51713774359565
0.8333333333333334
0.6243455768571377
0.6422152809486023
0.7060185185185185
