0.6666666666666666
0.6349584209830926
0.5425876623806672
0.8123835172389909
0.3378507943782875
0.25
0.5652421697854578
0.7476960879608967
0.7435906562171324
0.5454545454545454
0.7123382469171133
0.8666666666666667
0.9166666666666666
0.5454545454545454
0.7692307692307693
0.6764828919064051
0.6666666666666666
0.570158945452849
0.5197528059594044
0.8233281273781184
0.5769379900884594
0.4980330910330806
0.4618973248258836
0.16666666666666666
0.5931862975754736
0.7134154770089068
0.6086956521739131
0.5167718328195873
0.8148148148148148
0.5806279104965831
0.6363636363636364
0.5548211117078542
0.5818113178107273
0.9166666666666666
0.5185185185185185
0.5714285714285714
0.5148714016777353
0.5814756970867984
0.7142857142857143
0.5737274901545213
0.8571428571428571
0.3364599406202859
0.5762864264684338
0.678507931449221
0.782608695652174
0.5723544729464224
0.8
0.4855309997689539
0.7083328207294659
0.749120067041115
0.7827270065443499
0.8484848484848485
0.8114395751287677
0.4979286897648141
0.5632915874203123
0.5861783185977998
0.5593090723446261
0.5872363794330421
0.7129426899208179
0.5502195640500168
0.6919715790880389
0.6584138848047513
0.7147441601357077
0.44572607893702015
0.5891825462673511
0.9333333333333333
0.7960572662462787
0.620649838802215
0.6640811908697445
0.6614012417666422
0.7692307692307693
0.5206913675066673
0.5202928089903546
0.625
0.657452173091624
0.8333333333333334
0.7721168682648792
0.6355283460466769
0.5454545454545454
0.6589070931297886
0.802501285829562
0.6248819675682462
0.6153846153846154
0.5705042469774928
0.8
0.5945448518997862
0.4
0.584401931636999
0.5797015964602877
0.7150363566506046
0.6693420832782818
0.6767153929441072
0.5714285714285714
0.7669303246993491
0.5512918180617055
0.5714285714285714
0.5
0.52848431279981
0.7777777777777778
0.8462621076706631
0.5333333333333333
0.4474472578757009
0.6153846153846154
0.5198967481451268
0.7692307692307693
0.532452173091624
0.5073460545545642
0.5722006907548762
0.6837967345451611
0.7055468789635307
0.8473895627611249
0.7171593626931516
0.61568014985661
0.5527831882225017
0.5211215158515341
0.7272727272727273
0.782608695652174
0.5727609528309492
0.22639103193815893
0.6666666666666666
0.342955853413134
0.8181818181818182
0.4754550849919219
0.6
0.5887350316217526
0.5970550865195312
0.6746416873680041
0.7043208474241466
0.64
0.3277277733496176
0.5517241379310345
0.8181818181818182
0.6867259674981196
1.0
0.5264247289235703
0.5320992250042481
0.2579523941206457
0.5871110101453856
0.7364255746744696
0.577080079611324
0.5435906562171324
0.576955038891721
0.5647147949834069
0.869023492534383
0.5708671943256252
0.4
0.822592508454488
0.7211589429141433
0.48
0.6833475734021144
0.8461876882382927
0.802140333289292
0.8888888888888888
0.96
0.7721168682648792
0.44913634043078265
0.4339313267776329
0.5714285714285714
0.49840774036011287
0.4857034994168571
0.7619047619047619
0.6378744687770712
0.5040131249174225
0.7100500927889527
0.5333333333333333
0.6706773730497712
0.676069059912056
0.6666666666666666
0.5691949437106147
0.5959484043114623
0.8527734394817653
0.6078730725251204
0.6381641414623757
0.7354736666226253
0.6290131249174226
0.6661487143797008
0.29459572558007696
0.8387096774193549
0.41953987636514894
0.8153319737244649
0.6666666666666666
0.3775527323743068
0.8487420472958859
0.7828734337288668
0.18181818181818182
0.6875
0.7619047619047619
0.6341470906745839
0.4456085551348615
0.3417507530436402
0.631578947368421
0.31346450576052776
0.6666666666666666
0.2825070960122792
0.8555362652472126
0.3364599406202859
0.9430649999611401
0.41947055123720967
0.675635881519829
0.6189350555371625
0.6853916957804057
0.967741935483871
0.6673609533521649
0.40601633356108774
0.39907441875318606
0.5263157894736842
0.9142857142857143
0.8
0.36363636363636365
0.8358514944910714
0.2857142857142857
0.7613980288190721
0.633888762681732
0.8235294117647058
0.5222185448688624
0.6925868081979094
0.7247875416228432
0.7742566643112053
0.7272727272727273
0.7692307692307693
0.7571654779025087
0.7857142857142857
0.6666666666666666
0.6490380361674422
0.7011215538282173
0.30576565299604236
0.8275862068965517
0.782608695652174
0.4277681326236063
0.3
0.5629632136386807
0.7840457961558068
0.6490380361674422
0.7029396976697159
0.5217391304347826
0.25
0.5046899109304288
0.96
0.6432954778247887
0.7857142857142857
0.4853132773976244
0.602597413180061
0.6724010215556115
0.625
0.7454059913563917
0.5892154635559975
0.7142857142857143
0.35277343948176537
0.688066150002832
0.7407407407407407
0.6943570721040006
0.9375
0.7777777777777778
0.501869256380362
0.782608695652174
0.6512740421201824
0.6627274891328818
0.49866250190249484
0.4936381307223351
0.5463740782695875
0.5
0.6289809803287987
0.6439324528958534
0.6417916307366971
0.5714285714285714
0.7880074999528128
0.6666666666666666
0.6666666666666666
0.6025088791495045
0.7368421052631579
0.5333333333333333
0.8314434248704373
0.173574021201604
0.5762625115288472
0.8421052631578947
0.46693753286013934
0.792726469199715
0.47087225325777055
0.75
0.5216347820610826
0.6831742595653568
0.6080947226813685
0.3523660782231957
0.42567938000339844
0.735460440315914
0.8313900629658157
0.5814756970867982
0.6069624286782811
0.34782608695652173
0.4531482976842808
0.5217391304347826
0.6248557832482744
0.625
0.4444444444444444
0.5553424420706173
0.8333333333333334
0.5
0.8
0.6119581989081244
0.5333333333333333
0.64
0.38919245992359053
0.5395761851344806
0.6389078196613486
0.5652275270304421
0.6816153580886039
0.753691306798262
0.5882352941176471
0.75
0.6472325806025406
0.8666666666666667
0.7444335412266854
0.6590592081094858
0.6666666666666666
0.5420244585896683
0.8207693907786393
0.6612309018496453
0.8235294117647058
0.47479809654758415
0.7044250350765384
0.5383359049924574
0.5488653897675846
0.8235294117647058
0.5169533186753499
0.631578947368421
0.4444444444444444
0.4657198211352236
0.7450325296347514
0.5569418565594532
0.6666666666666666
0.6748725249737059
0.7619047619047619
0.47619047619047616
0.5
0.6290131249174225
0.15384615384615385
0.16934208327828168
0.576955038891721
0.8196107002207447
0.44638435269271365
0.7641702510245254
0.75
0.5273623795569675
0.26666666666666666
0.5908058259033101
0.5329189715037607
0.5
0.39907441875318606
0.6666666666666666
0.7692307692307693
0.7112391963343528
0.30129243813022133
0.5032000863422486
0.57324713344296
0.39010593684226125
0.7641702510245254
0.42105263157894735
0.7886832111842292
0.7247278241149151
0.9375
0.6028751804229637
0.5555555555555556
0.6018156713687106
0.8571428571428571
0.3943253674180709
0.503751928744343
0.6585373633928371
0.6666666666666666
0.7777777777777778
0.8468364953028983
0.6666666666666666
0.7368421052631579
0.6085167692475703
0.8822187515854123
0.5
0.8181818181818182
0.5837333842904717
0.75
0.3465538034009533
0.5835720716088246
0.5
0.6555492824233535
0.5835209219014333
0.15878538451375077
0.7058823529411765
0.5454545454545454
0.5222185448688624
0.404280666578584
1.0
0.32413634043078265
0.5714285714285714
0.802762043243948
0.6240910643960866
0.6049408363044396
0.7271484233048139
0.5512918180617055
0.75
0.19348636051643725
0.8114395751287677
0.6382997671078718
0.75
0.2962962962962963
0.5435906562171324
0.5049085157732203
0.5194401061484321
0.6027706833566226
0.6666666666666666
0.22299796058669732
0.4618973248258836
0.7944265320152688
0.7909430570795479
0.5650742157182824
0.8
0.7058823529411765
0.5382174311384645
0.40416015922264814
0.5861706858258339
0.9142857142857143
0.6512740421201824
0.67996458524645
0.735460440315914
0.17179086721393733
0.528601009564819
0.41540762800203906
0.8461538461538461
0.9523809523809523
0.46153846153846156
0.526285394072324
0.6913921318793326
0.33351341685375063
0.744228447874396
0.6
0.6677468851041595
0.6861757407297044
0.5750956984011945
0.8235294117647058
0.44132582631847245
0.6078003450786665
0.6661706858258338
0.6574770194875549
0.6385750120388963
0.7900615816326627
0.8275862068965517
0.4444444444444444
0.5014795976512295
0.6749735178288486
0.4853132773976244
0.16
0.6666666666666666
0.8571428571428571
0.875
0.7747090533642196
0.6507630578237947
0.5679489846310656
0.46153846153846156
0.8066241538592213
0.8
0.6086956521739131
0.6153846153846154
0.8421052631578947
0.7669005965610295
0.5357482019712735
0.6666666666666666
0.8387096774193549
0.45618767119796777
0.8020170468958293
0.10864263150940842
0.763422364605711
0.7292184848084473
0.6664076905231838
0.6417254359874164
0.347447946724866
0.2166890439176083
0.771880673424339
0.15384615384615385
0.26617068582583386
0.8695652173913043
0.6749735178288486
0.736883323956687
0.4444444444444444
0.47530479611756044
0.4701644786907757
0.5026625239994456
0.4945328904786179
0.5815951288985638
0.6098726869467543
0.760834827540647
0.725120663201506
0.4803915537993717
0.6435906562171324
0.7200938784863696
0.7784283102224226
0.375
0.5422696276925282
0.35294117647058826
0.5597243652714923
0.63709926261567
0.6956521739130435
0.5655175515680029
0.5311096515013046
0.8623784578974198
0.5553424420706173
0.8888888888888888
0.3083203184452962
0.7622221501038469
0.8333333333333334
0.22757538860498414
0.7417993357179269
0.533115644334448
0.6
0.5217248829893684
0.6880047164231142
0.5454545454545454
0.6037035835064114
0.5714285714285714
0.5186142501779538
0.46584392778060985
0.6829275517219201
0.5465889842132093
0.5015293915839325
0.6666666666666666
0.47058823529411764
0.4618973248258836
0.5320992250042481
0.7878787878787878
0.3272427777935146
0.6493217375842333
0.48099851972546154
0.6630432821126813
0.576955038891721
0.17179086721393733
0.6666666666666666
0.6495222498240055
0.896551724137931
0.5088489104385854
0.5
0.6485254321412969
0.7925544617420444
0.5211804766760825
0.8124574660287912
0.2533164467898935
0.4397680834202793
0.5723544729464224
0.7102963867580506
0.5259617384732992
0.36363636363636365
0.6728065131778446
0.48808577882648646
0.5
0.5619881712439284
0.845185016908976
0.8120771849406365
0.9
0.75
0.7123995956543903
0.5714929478781309
0.7648788579285505
0.6507630578237947
0.6390989863293758
0.6956521739130435
0.7630930724868157
0.8125
0.597205745095463
0.5967566143107904
0.829081137038925
0.8333333333333334
0.5473425849614755
0.8888888888888888
0.7218822137827773
0.5493162159944129
0.6538680012217749
0.5705204977484245
0.42567938000339844
0.6248557832482744
0.5714285714285714
0.6336869250296726
0.4375743477686417
0.6041965720697446
0.7020988651228539
0.9166666666666666
0.3125
0.3915886636634071
0.625
0.41379310344827586
0.544874697342005
0.8571428571428571
0.8699560212188033
0.7725144870334021
0.6877501365854866
0.5317428970524166
0.7272727272727273
0.5914542082895099
0.7148625330549877
0.7407407407407407
0.46153846153846156
0.7272727272727273
0.5
0.5217391304347826
0.7192695388460838
0.7619047619047619
0.8461538461538461
0.5804718818228161
0.6065237742350185
0.7307630578237948
0.7423025481864957
0.782608695652174
0.7626982324024743
0.7102963867580506
0.6913921318793326
0.6134538222797434
0.42596173847329916
0.36363636363636365
0.7717003845645677
0.6472055482626083
0.5827990168208933
0.6666666666666666
0.46555451526556624
0.7692307692307693
0.3388753587494269
0.5869404933630394
0.7058823529411765
0.6859814007813956
0.24
0.7586206896551724
0.7586206896551724
0.5178761952483678
0.72
0.6310140750498754
0.6362269113978996
0.5714285714285714
0.508712246300983
0.46153846153846156
0.42424242424242425
0.6614012417666422
0.6430015429954744
0.5104573678608612
0.452992213514277
0.5084654882683162
0.5882352941176471
0.6666666666666666
0.75
0.27392713262412377
0.3378507943782875
0.2727272727272727
0.8461538461538461
0.8066241538592213
0.8571428571428571
0.5714285714285714
0.5713092445200482
0.8333333333333334
0.33797602794918946
0.7004927991662875
0.4327162791687907
0.7158879340403103
0.6794318926811341
0.6512740421201824
0.8148148148148148
0.8798630644706337
0.4
0.5926493279345212
0.6518521421079462
0.8
0.433938939821519
0.2222222222222222
0.7368421052631579
0.47329082052588795
0.6252359277438841
0.6011432004914103
0.49840774036011287
0.5683265846795391
0.8461538461538461
0.46153846153846156
0.8181818181818182
0.16666666666666666
0.7393177603618873
0.5
0.702992213514277
0.631578947368421
0.5786625019024948
0.7368421052631579
0.5054922587821916
0.595734874868094
0.40032860621748223
0.5645998833490589
0.7716347820610826
0.426660717003564
0.7619047619047619
0.6182707144187254
0.403210499933938
0.4456085551348616
0.88
0.3012823179643989
0.6920686374060158
0.6805547012157765
0.7395034747997667
0.6666666666666666
0.6025012858295621
0.46010448696386314
0.503751928744343
0.3851736163958188
0.603989618019036
0.709936230788832
0.8598228062459593
0.824813126443789
0.375
0.7102524056754758
0.5896802106968778
0.3465538034009534
0.7368421052631579
0.5376139999119174
0.7142857142857143
0.16
0.875
0.828853256563302
0.8
0.6353551834409994
0.5
0.8181818181818182
0.6085167692475703
0.6067405594251281
0.7142857142857143
0.8148148148148148
0.5080014293525731
0.6466633989186197
0.8888888888888888
0.6086956521739131
0.7058823529411765
0.9629629629629629
0.5643107506096847
0.49766747765404595
0.6666666666666666
0.7368421052631579
0.8209086389248397
0.5055441567369893
0.6485943838906759
0.5762377359240127
0.756944017274555
0.47435818573763994
0.267153007202896
0.7632176196028038
0.48772567568160446
0.7717003845645677
0.6666666666666666
0.5384865521761294
0.6694123260164465
0.465953618280462
0.8333333333333334
0.5259617384732992
0.5694400748299486
0.6778781852331196
