0.29615384615384616
0.43571428571428567
0.42916666666666664
0.254
0.6118421052631579
0.4789473684210526
0.38425925925925924
0.3068181818181818
0.27941176470588236
0.4473684210526316
0.19999999999999998
0.10344827586206896
0.134
0.07758620689655173
0.45454545454545453
0.29473684210526313
0.34615384615384615
0.3125
0.4732142857142857
0.1111111111111111
0.11764705882352941
0.5892857142857143
0.42857142857142855
0.58
0.4090909090909091
0.17307692307692307
0.36363636363636365
0.2972222222222222
0.2
0.3695652173913043
0.36
0.30238095238095236
0.4125
0.17045454545454544
0.41739130434782606
0.5833333333333334
0.38235294117647056
0.5
0.175
0.35526315789473684
0.36764705882352944
0.44605263157894737
0.31199999999999994
0.299
0.4166666666666667
0.26749999999999996
0.22291666666666665
0.3625
0.319047619047619
0.21774193548387097
0.2625
0.20652173913043478
0.25799999999999995
0.4583333333333333
0.38749999999999996
0.34210526315789475
0.5345238095238095
0.3644230769230769
0.38958333333333334
0.5166666666666666
0.29230769230769227
0.3547619047619048
0.174
0.6566666666666666
0.4125
0.16666666666666666
0.275
0.30869565217391304
0.23518518518518516
0.36538461538461536
0.19999999999999998
0.35277777777777775
0.3661290322580645
0.45666666666666667
0.23529411764705882
0.21666666666666667
0.24
0.39705882352941174
0.6849999999999999
0.275
0.1793103448275862
0.344
0.4642857142857143
0.3333333333333333
0.23958333333333334
0.3055555555555556
0.40384615384615385
0.25625
0.2982142857142857
0.36904761904761907
0.21
0.17833333333333332
0.32941176470588235
0.3277777777777778
0.375
0.23068181818181818
0.390625
0.40217391304347827
0.4027777777777778
0.18518518518518517
0.5
0.43478260869565216
0.5535714285714286
0.3071428571428571
0.11458333333333333
0.2972222222222222
0.3815789473684211
0.4852941176470588
0.34782608695652173
0.12758620689655173
0.1724137931034483
0.27380952380952384
0.4666666666666667
0.4233333333333333
0.4
0.2708333333333333
0.23214285714285715
0.4305555555555556
0.5
0.425
0.40882352941176464
0.205
0.5384615384615384
0.4772727272727273
0.4394736842105263
0.3038461538461539
0.3645833333333333
0.4203125
0.11458333333333333
0.4117647058823529
0.33076923076923076
0.325
0.3333333333333333
0.05555555555555555
0.375
0.4772727272727273
0.3261904761904762
0.32142857142857145
0.06944444444444445
0.19791666666666666
0.5441176470588235
0.5071428571428571
0.38275862068965516
0.24464285714285713
0.3333333333333333
0.3736842105263158
0.21785714285714283
0.39565217391304347
0.23148148148148148
0.26842105263157895
0.13823529411764707
0.3596153846153846
0.2037037037037037
0.09259259259259259
0.2659090909090909
0.59375
0.3733333333333333
0.3076923076923077
0.27045454545454545
0.29411764705882354
0.3235294117647059
0.2982142857142857
0.39444444444444443
0.32407407407407407
0.459375
0.33666666666666667
0.4125
0.2826923076923077
0.35806451612903223
0.36904761904761907
0.2714285714285714
0.3333333333333333
0.32954545454545453
0.354
0.35
0.34615384615384615
0.35714285714285715
0.13793103448275862
0.38055555555555554
0.31136363636363634
0.30357142857142855
0.358695652173913
0.19642857142857142
0.2403846153846154
0.4175
0.29999999999999993
0.32142857142857145
0.375
0.48906249999999996
0.39807692307692305
0.35294117647058826
0.39999999999999997
0.375
0.45795454545454545
0.3125
0.534
0.07291666666666667
0.775
0.2714285714285714
0.41203703703703703
0.3
0.13
0.32142857142857145
0.46388888888888885
0.584375
0.6124999999999999
0.18478260869565216
0.19318181818181818
0.4166666666666667
0.2625
0.4095238095238095
0.36666666666666664
0.204
0.19318181818181818
0.4942307692307692
0.23152173913043475
0.3736842105263158
0.2692307692307692
0.1576923076923077
0.2857142857142857
0.26785714285714285
0.2033333333333333
0.25555555555555554
0.23529411764705882
0.2952380952380952
0.4125
0.1810344827586207
0.2717391304347826
0.6190476190476191
0.47307692307692306
0.35000000000000003
0.174
0.48333333333333334
0.3
0.40499999999999997
0.4178571428571428
0.46153846153846156
0.07142857142857142
0.2857142857142857
0.13043478260869565
0.4233333333333333
0.5479999999999999
0.3403846153846154
0.16666666666666666
0.3078947368421052
0.337037037037037
0.25555555555555554
0.5023809523809524
0.5357142857142857
0.22291666666666665
0.18214285714285713
0.1935483870967742
0.1375
0.34411764705882353
0.23076923076923078
0.28863636363636364
0.3157894736842105
0.4653846153846154
0.284
0.39473684210526316
0.44375
0.32894736842105265
0.27380952380952384
0.34411764705882353
0.4423076923076923
0.14285714285714285
0.2552631578947368
0.25
0.33695652173913043
0.35526315789473684
0.4066666666666666
0.23484848484848486
0.5152173913043478
0.2434782608695652
0.20652173913043478
0.375
0.19736842105263158
0.4178571428571428
0.2894736842105263
0.6
0.25892857142857145
0.25
0.4041666666666666
0.5
0.4673913043478261
0.1875
0.31666666666666665
0.23809523809523808
0.23
0.2916666666666667
0.4608695652173913
0.32894736842105265
0.2791666666666667
0.4928571428571429
0.4608695652173913
0.22
0.39249999999999996
0.21739130434782608
0.42857142857142855
0.3125
0.3131578947368421
0.3017241379310345
0.5083333333333333
0.35
0.45714285714285713
0.32894736842105265
0.275
0.33947368421052626
0.3375
0.2673076923076923
0.125
0.2403846153846154
0.37884615384615383
0.40625
0.3
0.1875
0.4095238095238095
0.2638888888888889
0.3611111111111111
0.21774193548387097
0.4107142857142857
0.375
0.3375
0.3815789473684211
0.39285714285714285
0.359375
0.5071428571428571
0.33421052631578946
0.4738095238095238
0.59375
0.21666666666666665
0.24375
0.3541666666666667
0.33695652173913043
0.29
0.48333333333333334
0.4526315789473684
0.43333333333333335
0.26666666666666666
0.47794117647058826
0.2833333333333333
0.2673076923076923
0.45
0.35714285714285715
0.5476190476190477
0.5305555555555554
0.4636363636363636
0.30937499999999996
0.305
0.2478260869565217
0.3
0.4473684210526316
0.32142857142857145
0.47619047619047616
0.39285714285714285
0.3684210526315789
0.3782608695652174
0.2826086956521739
0.2821428571428571
0.21296296296296297
0.37999999999999995
0.305
0.2925
0.24
0.4125
0.38055555555555554
0.21666666666666662
0.19736842105263158
0.3444444444444444
0.2403846153846154
0.2647058823529412
0.20588235294117646
0.4791666666666667
0.13709677419354838
0.35294117647058826
0.1875
0.44375
0.2375
0.35
0.3651785714285714
0.39285714285714285
0.4133333333333333
0.475
0.4041666666666666
0.31956521739130433
0.42857142857142855
0.5416666666666666
0.34210526315789475
0.0
0.4125
0.515625
0.42105263157894735
0.31956521739130433
0.39444444444444443
0.3055555555555556
0.31124999999999997
0.3125
0.5974999999999999
0.32608695652173914
0.33035714285714285
0.4342105263157895
0.5675
0.5714285714285714
0.3588235294117647
0.41764705882352937
0.3804347826086957
0.35714285714285715
0.38999999999999996
0.4791666666666667
0.3333333333333333
0.22321428571428573
0.2482142857142857
0.16304347826086957
0.325
0.5647058823529412
0.6
0.29473684210526313
0.11923076923076924
0.4852941176470588
0.27413793103448275
0.18269230769230768
0.5047619047619047
0.4066666666666666
0.36363636363636365
0.05172413793103448
0.23809523809523808
0.3633333333333333
0.4107142857142857
0.4222222222222222
0.5260869565217391
0.23214285714285715
0.25
0.2857142857142857
0.26666666666666666
0.30624999999999997
0.14285714285714285
0.4226190476190476
0.29999999999999993
0.5357142857142857
0.2826086956521739
0.35555555555555557
0.275
0.1576923076923077
0.6
0.359375
0.390625
0.36249999999999993
0.5166666666666666
0.4388888888888889
0.2391304347826087
0.23958333333333334
0.1732142857142857
0.375
0.29074074074074074
0.4166666666666667
0.2217391304347826
0.1875
0.46875
0.275
0.13541666666666666
0.3375
0.3684210526315789
0.35666666666666663
0.15
0.4338235294117647
0.25
0.5217391304347826
0.1891304347826087
0.16346153846153846
0.22045454545454543
0.42857142857142855
0.4875
0.55
0.3088235294117647
0.36666666666666664
0.5675
0.17037037037037037
0.40499999999999997
0.29374999999999996
0.3125
0.35714285714285715
0.41
0.41428571428571426
0.38125
0.32857142857142857
0.3083333333333333
0.20192307692307693
0.18
0.41363636363636364
0.3333333333333333
0.2608695652173913
0.2403846153846154
0.47307692307692306
0.38333333333333336
0.31470588235294117
0.2619047619047619
0.32142857142857145
0.2261904761904762
0.453125
0.4423076923076923
0.2717391304347826
0.3333333333333333
0.19772727272727272
0.48214285714285715
0.25357142857142856
0.26785714285714285
0.4029411764705882
0.29411764705882354
0.4861111111111111
0.225
0.5
0.27
0.36136363636363633
0.36527777777777776
0.3
0.2
0.6941176470588235
0.4479166666666667
0.41304347826086957
0.5523809523809524
0.4555555555555555
0.3733333333333333
0.375
0.44090909090909086
0.2727272727272727
0.3346153846153846
0.35294117647058826
0.354
0.40384615384615385
0.5279411764705882
0.485
0.390625
0.32407407407407407
0.12413793103448276
0.3040322580645161
0.36666666666666664
0.30833333333333335
0.128125
0.325
0.24107142857142858
0.5375
0.5
0.26749999999999996
0.2638888888888889
0.7307692307692307
0.41923076923076924
0.27631578947368424
0.31666666666666665
0.45
0.2595238095238095
0.17857142857142858
0.09791666666666667
0.17391304347826086
0.42391304347826086
0.28125
0.23148148148148148
0.275
0.22380952380952376
0.2625
0.484375
0.3148148148148148
0.22321428571428573
0.40161290322580645
0.5733333333333334
0.25
0.3269230769230769
0.390625
0.09259259259259259
0.4230769230769231
0.4066666666666666
0.234375
0.4090909090909091
0.34411764705882353
0.3684210526315789
0.5269230769230769
0.2361111111111111
0.45909090909090905
0.28846153846153844
0.24074074074074073
0.1527777777777778
0.5625
0.4703703703703703
0.5441176470588235
0.4659090909090909
0.44107142857142856
0.24
0.28125
0.11458333333333333
0.4375
0.38999999999999996
0.2552631578947368
0.5576923076923077
0.31304347826086953
0.14814814814814814
0.4411764705882353
0.45
0.32999999999999996
0.39999999999999997
0.3261904761904762
0.1708333333333333
0.14
0.5227272727272727
0.3333333333333333
0.31521739130434784
0.19230769230769232
0.39565217391304347
0.25416666666666665
0.3125
0.35526315789473684
0.31470588235294117
0.36666666666666664
0.375
0.2413793103448276
0.3269230769230769
0.30666666666666664
0.46923076923076923
0.25925925925925924
0.43124999999999997
0.5526315789473685
0.5
0.5625
0.2972222222222222
0.5105263157894736
0.264
0.22321428571428573
0.3958333333333333
0.18333333333333335
0.44090909090909086
0.4
0.275
0.3588235294117647
0.44642857142857145
0.6714285714285714
0.2962962962962963
0.20238095238095238
0.5388888888888889
0.4673913043478261
0.18478260869565216
0.11956521739130435
0.39999999999999997
0.1532258064516129
0.3868421052631579
0.6171052631578947
0.4928571428571428
0.25
0.3392857142857143
0.17391304347826086
0.2833333333333333
0.24423076923076922
0.22916666666666666
0.40476190476190477
0.37
0.5043478260869565
0.2125
0.30952380952380953
0.36363636363636365
0.198
0.109375
0.38125
0.2236842105263158
0.4203125
0.234375
0.5769230769230769
0.36363636363636365
0.1875
0.3611111111111111
0.4772727272727273
0.26785714285714285
0.3695652173913043
0.3019230769230769
0.25
0.39285714285714285
0.12916666666666668
0.505
0.30357142857142855
0.38333333333333336
0.34
0.334375
0.2722222222222222
0.3194444444444444
0.4052631578947368
0.38636363636363635
0.2840909090909091
0.390625
0.1956521739130435
0.5551724137931034
0.14400000000000002
0.27631578947368424
0.35
0.35526315789473684
0.18333333333333335
0.5666666666666667
0.5119047619047619
0.2565789473684211
0.25
0.4666666666666666
0.3148148148148148
0.3875
0.48928571428571427
0.3088235294117647
0.2631578947368421
0.24318181818181817
0.28125
0.3157894736842105
0.3673913043478261
0.25
0.3142857142857143
0.6538461538461539
0.33152173913043476
0.45588235294117646
0.25892857142857145
0.5175
0.31071428571428567
0.25862068965517243
0.2608695652173913
0.4928571428571428
0.5
0.22321428571428573
0.3
0.41428571428571426
0.171875
0.1565217391304348
0.41896551724137926
0.45357142857142857
0.16666666666666666
0.49117647058823527
0.17105263157894737
0.125
0.33653846153846156
0.515625
0.30434782608695654
0.5499999999999999
0.22580645161290322
0.3
0.29375
0.35
0.24456521739130435
0.5803571428571429
0.5138888888888888
0.25357142857142856
0.44047619047619047
0.31521739130434784
0.2928571428571428
0.5499999999999999
0.38235294117647056
0.359375
0.29615384615384616
0.22058823529411764
0.6423076923076922
0.3076923076923077
