0.5897435897435898
0.7619047619047619
0.5604395604395604
0.9555555555555556
0.41904761904761906
0.32954545454545453
0.5906040268456376
0.7904761904761904
0.7064220183486238
0.5221238938053098
0.6503496503496503
0.96875
0.8846153846153846
0.9426751592356688
0.8194444444444444
0.7021276595744681
0.5352112676056338
0.6224489795918368
0.6
0.8494623655913979
0.7403846153846154
0.47761194029850745
0.5588235294117647
0.44086021505376344
0.41025641025641024
0.9705882352941176
0.8738738738738738
0.6293103448275862
0.859504132231405
0.5679012345679012
0.8125
0.5166666666666667
0.5573770491803278
0.8263888888888888
0.7865168539325843
0.4909090909090909
0.6329113924050633
0.6428571428571429
0.8142857142857143
0.7349397590361446
0.8064516129032258
0.3333333333333333
0.75
0.6642857142857143
0.5904761904761905
0.5454545454545454
0.6689655172413793
0.6697247706422018
0.7152777777777778
0.8273809523809523
0.6756756756756757
0.8717948717948718
0.6137931034482759
0.5813953488372093
0.632
0.5321100917431193
0.6666666666666666
0.5555555555555556
0.5512820512820513
0.5906040268456376
0.7515527950310559
0.6929824561403509
0.7843137254901961
0.6716417910447762
0.371900826446281
0.8860759493670886
0.8727272727272727
0.6371681415929203
0.6815642458100558
0.8226950354609929
0.8527131782945736
0.7073170731707317
0.5874125874125874
0.8125
0.6547619047619048
0.7777777777777778
0.7988165680473372
0.6097560975609756
0.6610169491525424
0.6344086021505376
0.7244897959183674
0.5903614457831325
0.6981132075471698
0.5679012345679012
0.9787234042553191
0.6120689655172413
0.7868852459016393
0.5188679245283019
0.6540880503144654
0.7261904761904762
0.8515625
0.688622754491018
0.7558139534883721
0.6923076923076923
0.5471698113207547
0.7043478260869566
0.6973684210526315
0.6862745098039216
0.6822429906542056
0.8943661971830986
0.5178571428571429
0.5
0.5135135135135135
0.5517241379310345
0.8416666666666667
0.5522388059701493
0.5775862068965517
0.8472222222222222
0.5673758865248227
0.8807339449541285
0.9407894736842105
0.6521739130434783
0.5520833333333334
0.5538461538461539
0.5345911949685535
0.7868852459016393
0.8148148148148148
0.62
0.6075949367088608
0.5692307692307692
0.4523809523809524
0.7857142857142857
0.45
0.559322033898305
0.673469387755102
0.6231884057971014
0.8333333333333334
0.7349397590361446
0.8355263157894737
0.4827586206896552
0.611764705882353
0.6833333333333333
0.7878787878787878
0.9226190476190477
0.6923076923076923
0.5384615384615384
0.5271317829457365
0.4943181818181818
0.8043478260869565
0.8407079646017699
0.4672897196261682
0.5119047619047619
0.615819209039548
0.8133333333333334
0.6774193548387096
0.45528455284552843
0.8590604026845637
0.7411764705882353
0.736
0.6814159292035398
0.8690476190476191
0.6242424242424243
0.7602739726027398
0.9659863945578231
0.6551724137931034
0.5
0.6533333333333333
0.5256410256410257
0.5833333333333334
0.578125
0.6276595744680851
0.6274509803921569
0.5267857142857143
0.6709677419354839
0.5
0.6470588235294118
0.5849056603773585
0.6506024096385542
0.6823529411764706
0.6854838709677419
0.8828125
0.4036697247706422
0.5229357798165137
0.5797101449275363
0.6039603960396039
0.40860215053763443
0.6981132075471698
0.8083832335329342
0.4485294117647059
0.8617021276595744
0.6235294117647059
0.4244604316546763
0.5974025974025974
0.7804878048780488
0.4827586206896552
0.7450980392156863
0.6196319018404908
0.625
0.3979591836734694
0.5511811023622047
0.5851063829787234
0.7532467532467533
0.5892857142857143
0.5779816513761468
0.6301369863013698
0.6428571428571429
0.9492753623188406
0.627906976744186
0.8
0.6086956521739131
0.6746031746031746
0.8823529411764706
0.5342465753424658
0.6301369863013698
0.40540540540540543
0.4567901234567901
0.7516778523489933
0.7916666666666666
0.5945945945945946
0.822429906542056
0.6901408450704225
0.5333333333333333
0.7051282051282052
0.7454545454545455
0.53125
0.9024390243902439
0.7096774193548387
0.6824324324324325
0.925531914893617
0.8412698412698413
0.7435897435897436
0.7875
0.6744186046511628
0.5862068965517241
0.8333333333333334
0.75
0.9140625
0.7151515151515152
0.47863247863247865
0.8446601941747572
0.5528455284552846
0.8129496402877698
0.64
0.7441860465116279
0.7222222222222222
0.5
0.5185185185185185
0.9933333333333333
0.6354166666666666
0.8604651162790697
0.7159090909090909
0.5045871559633027
0.6037735849056604
0.7422680412371134
0.68
0.6842105263157895
0.6637931034482759
0.5588235294117647
0.5357142857142857
0.7521367521367521
0.7808219178082192
0.9542857142857143
0.75
0.4431818181818182
0.9186991869918699
0.6225165562913907
0.8648648648648649
0.5258215962441315
0.6012269938650306
0.7614678899082569
0.6962025316455697
0.7227722772277227
0.6106194690265486
0.6226415094339622
0.5316455696202531
0.9453125
0.628099173553719
0.7355371900826446
0.6078431372549019
0.8314606741573034
0.5324675324675324
0.7797619047619048
0.3225806451612903
0.6694214876033058
0.7692307692307693
0.6206896551724138
0.8314606741573034
0.576271186440678
0.652542372881356
0.3644067796610169
0.6392405063291139
0.7459016393442623
0.6031746031746031
0.43956043956043955
0.963302752293578
0.6551724137931034
0.65
0.6814159292035398
0.7482014388489209
0.6796875
0.75
0.7777777777777778
0.5
0.5128205128205128
0.7358490566037735
0.9611650485436893
0.7142857142857143
0.8539325842696629
0.5494505494505495
0.7733333333333333
0.803030303030303
0.5088757396449705
0.5882352941176471
0.5465116279069767
0.42857142857142855
0.7948717948717948
0.788135593220339
0.7176470588235294
0.9302325581395349
0.64
0.9022556390977443
0.7019867549668874
0.6243093922651933
0.5443037974683544
0.5042016806722689
0.7130434782608696
0.7547169811320755
0.9848484848484849
0.5411764705882353
0.7551020408163265
0.6153846153846154
0.591304347826087
0.9603960396039604
0.5772357723577236
0.7959183673469388
0.6049382716049383
0.4065934065934066
0.5448275862068965
0.49640287769784175
0.5096153846153846
0.6942148760330579
0.5789473684210527
0.5159235668789809
0.5555555555555556
0.6111111111111112
0.5333333333333333
0.4666666666666667
0.6981132075471698
0.65625
0.5656565656565656
0.8783783783783784
0.6385542168674698
0.5865384615384616
0.41304347826086957
0.49137931034482757
0.5609756097560976
0.5522388059701493
0.6136363636363636
0.6074766355140186
0.72
0.7362637362637363
0.4537037037037037
0.6714285714285714
0.7934782608695652
0.45045045045045046
0.6048387096774194
0.7117117117117117
0.7034482758620689
0.810126582278481
0.7588235294117647
0.5888888888888889
0.7682926829268293
0.6320754716981132
0.6845637583892618
0.5416666666666666
0.512396694214876
0.7078651685393258
0.6464646464646465
0.6477272727272727
0.6951219512195121
0.8791208791208791
0.90625
0.5522388059701493
0.7832167832167832
0.574468085106383
0.9823008849557522
0.5357142857142857
0.84375
0.6290322580645161
0.5843373493975904
0.6730769230769231
0.47435897435897434
0.449438202247191
0.609375
0.743801652892562
0.44594594594594594
0.5
0.7473684210526316
0.9795918367346939
0.5371900826446281
0.59375
0.6754385964912281
0.6428571428571429
0.53
0.6196319018404908
0.6911764705882353
0.6551724137931034
0.2962962962962963
0.7238805970149254
0.6258503401360545
0.7011494252873564
0.5402298850574713
0.44554455445544555
0.6625
0.6153846153846154
0.6341463414634146
0.5405405405405406
0.47674418604651164
0.6451612903225806
0.7454545454545455
0.9285714285714286
0.6142857142857143
0.8759124087591241
0.6477272727272727
0.6764705882352942
0.5245901639344263
0.6666666666666666
0.873015873015873
0.4838709677419355
0.7453416149068323
0.7361111111111112
0.4270833333333333
0.578125
0.6203703703703703
0.8734939759036144
0.9809523809523809
0.6379310344827587
0.5806451612903226
0.6296296296296297
0.5483870967741935
0.7443181818181818
0.9019607843137255
0.5125
0.7426900584795322
0.664
0.8867924528301887
0.6576576576576577
0.7154471544715447
0.5815602836879432
0.7142857142857143
0.6022099447513812
0.8297872340425532
0.9919354838709677
0.6956521739130435
0.8142857142857143
0.5764705882352941
0.6417910447761194
0.4536082474226804
0.5862068965517241
0.6713286713286714
0.8535031847133758
0.8231292517006803
0.5
0.6855345911949685
0.4805194805194805
0.8292682926829268
0.7555555555555555
0.7395833333333334
0.582089552238806
0.8977272727272727
0.5775862068965517
0.5634920634920635
0.7951807228915663
0.8208955223880597
0.42857142857142855
0.7160493827160493
0.4583333333333333
0.7819548872180451
0.8064516129032258
0.7567567567567568
0.7087912087912088
0.5
0.5161290322580645
0.8552631578947368
0.8125
0.3978494623655914
0.7985074626865671
0.5353535353535354
0.7345132743362832
0.5625
0.5733333333333334
0.5272727272727272
0.4943820224719101
0.5869565217391305
0.6875
0.5964912280701754
0.9051094890510949
0.8509316770186336
0.6568627450980392
0.6206896551724138
0.5833333333333334
0.873015873015873
0.5630252100840336
0.6551724137931034
0.4931506849315068
0.5609756097560976
0.5978260869565217
0.7641509433962265
0.5903614457831325
0.44285714285714284
0.99
0.762962962962963
0.672566371681416
0.49504950495049505
0.875
0.9381443298969072
0.6036036036036037
0.7763157894736842
0.6517857142857143
0.691358024691358
0.5393258426966292
0.6617647058823529
0.5873015873015873
0.6415094339622641
0.7258064516129032
0.8311688311688312
0.6190476190476191
0.7575757575757576
0.8072289156626506
0.5194805194805194
0.5957446808510638
0.4634146341463415
0.62
0.48
0.9316239316239316
0.5076923076923077
0.625
0.5548387096774193
0.5076923076923077
0.48
0.3673469387755102
0.8309859154929577
0.7672413793103449
0.8051948051948052
0.5384615384615384
0.6404494382022472
0.7279411764705882
0.791907514450867
0.7535211267605634
0.7386363636363636
0.37735849056603776
0.5287356321839081
0.5454545454545454
0.6697247706422018
0.42857142857142855
0.5922330097087378
0.6981132075471698
0.4803921568627451
0.6125
0.6767676767676768
0.72
0.8943661971830986
0.8125
0.78
0.7523809523809524
0.6081081081081081
0.7244094488188977
0.7083333333333334
0.5390070921985816
0.574468085106383
0.8580246913580247
0.6793478260869565
0.4625
0.4329896907216495
0.7530864197530864
0.8153846153846154
0.7727272727272727
0.9225352112676056
0.5375722543352601
0.5842696629213483
0.7291666666666666
0.49193548387096775
0.631578947368421
0.6347826086956522
0.5909090909090909
0.6333333333333333
0.5813953488372093
0.7430555555555556
0.8246753246753247
0.9090909090909091
0.5714285714285714
0.562962962962963
0.44537815126050423
0.5546875
0.5797872340425532
0.6066666666666667
0.6333333333333333
0.7741935483870968
0.6101694915254238
0.53125
0.6702127659574468
0.5
0.5681818181818182
0.9621212121212122
0.5777777777777777
0.45652173913043476
0.6736842105263158
0.56
0.5930232558139535
0.7846153846153846
0.905511811023622
0.6666666666666666
0.5903614457831325
0.6470588235294118
0.7816901408450704
0.630057803468208
0.7704918032786885
0.62
0.8383838383838383
0.5543478260869565
0.4827586206896552
0.5735294117647058
0.9098360655737705
0.5658914728682171
0.6046511627906976
0.6060606060606061
0.6642335766423357
0.8188976377952756
0.6129032258064516
0.5053763440860215
0.7529411764705882
0.782608695652174
0.4367816091954023
0.7018633540372671
0.6571428571428571
0.5895522388059702
0.8390804597701149
0.7211538461538461
0.6435643564356436
0.8041237113402062
0.39814814814814814
0.4936708860759494
0.5444444444444444
0.9029850746268657
0.5363636363636364
0.4423076923076923
0.7191011235955056
0.6903225806451613
0.8035714285714286
0.6470588235294118
0.8164556962025317
0.4479166666666667
0.4230769230769231
0.4673913043478261
1.0
0.7
0.848
0.7142857142857143
0.6571428571428571
0.6818181818181818
0.5727272727272728
0.6568047337278107
0.48484848484848486
0.8105263157894737
0.6836734693877551
0.8421052631578947
0.896551724137931
0.8449197860962567
0.5747126436781609
0.8055555555555556
0.6262626262626263
0.7777777777777778
0.5636363636363636
0.7346938775510204
0.9081632653061225
0.5
0.6554621848739496
0.6554054054054054
0.8307692307692308
0.5644171779141104
0.7716535433070866
0.6470588235294118
0.8467153284671532
0.4787234042553192
0.6756756756756757
0.5813953488372093
0.8958333333333334
0.6179775280898876
0.655
0.8732394366197183
0.5543478260869565
0.6842105263157895
0.4772727272727273
0.5454545454545454
0.7807017543859649
0.56875
0.8344370860927153
0.6173913043478261
0.7037037037037037
0.6111111111111112
0.9900990099009901
0.42045454545454547
0.5290322580645161
0.6794871794871795
0.47560975609756095
0.5384615384615384
0.84375
0.6979166666666666
0.5454545454545454
0.5764705882352941
0.5789473684210527
0.7976190476190477
0.8536585365853658
0.7070707070707071
0.5922330097087378
0.6643356643356644
0.5136986301369864
0.31343283582089554
0.6865671641791045
0.7468354430379747
0.6772151898734177
0.38235294117647056
0.8285714285714286
0.7192982456140351
0.78
0.5579710144927537
0.4827586206896552
0.8257575757575758
0.631578947368421
0.6199095022624435
0.7432432432432432
0.8656716417910447
0.5989010989010989
0.6611111111111111
0.9863013698630136
0.5625
0.61
0.94
0.5460526315789473
0.6626506024096386
0.577922077922078
0.6857142857142857
0.7513513513513513
0.6
0.7471264367816092
0.5804597701149425
0.8111888111888111
0.6949152542372882
0.5263157894736842
0.7956204379562044
0.5109489051094891
0.7058823529411765
0.8095238095238095
0.5086206896551724
0.717391304347826
0.4380952380952381
0.6666666666666666
0.5922330097087378
0.6349206349206349
0.5328467153284672
