0.8370913863182068
0.7793161273002625
0.7146059274673462
0.8624244928359985
0.6310862898826599
0.4537086486816406
0.7818107604980469
0.858409583568573
0.8865697979927063
0.7933609485626221
0.8258626461029053
0.9414560198783875
0.9523524045944214
0.9442692995071411
0.9226685166358948
0.9075953960418701
0.8026237487792969
0.6266534328460693
0.699583113193512
0.9385689496994019
0.8409345149993896
0.6510094404220581
0.6924595832824707
0.6555985808372498
0.6244405508041382
0.8653533458709717
0.7412817478179932
0.5840033888816833
0.9692363739013672
0.7898513078689575
0.7887800931930542
0.7781585454940796
0.7265486717224121
0.9122264385223389
0.7907976508140564
0.5447693467140198
0.6709178686141968
0.8548089265823364
0.9067856669425964
0.6940736174583435
0.6643122434616089
0.7069041728973389
0.7551934123039246
0.8079769015312195
0.8122652173042297
0.7542082071304321
0.9260892271995544
0.7286112904548645
0.9125487804412842
0.8967416882514954
0.8758943676948547
0.9597998261451721
0.8883019089698792
0.7366716265678406
0.8361074924468994
0.7353606224060059
0.6960998773574829
0.7332069277763367
0.8141677975654602
0.781991720199585
0.8585015535354614
0.8068415522575378
0.8842672109603882
0.725635826587677
0.7390648126602173
0.98579341173172
0.8736966848373413
0.9060925245285034
0.8042446374893188
0.8422763347625732
0.938616156578064
0.7360665798187256
0.7595823407173157
0.7551182508468628
0.7423450946807861
0.911357045173645
0.9386916756629944
0.71912682056427
0.4619722068309784
0.7701995372772217
0.955269455909729
0.8460026383399963
0.7233996987342834
0.7702354192733765
0.9617012739181519
0.7305670976638794
0.8948895931243896
0.7516709566116333
0.8231716752052307
0.8274409174919128
0.87034010887146
0.8605129718780518
0.8351303339004517
0.7928362488746643
0.7149723172187805
0.9005494117736816
0.8309175968170166
0.7292892336845398
0.8490614891052246
0.9148974418640137
0.7186293005943298
0.7220905423164368
0.6915175914764404
0.8119351863861084
0.8715824484825134
0.8318710923194885
0.7570926547050476
0.7656254768371582
0.809455931186676
0.89827960729599
0.9049047827720642
0.6566351652145386
0.6991791129112244
0.8447838425636292
0.7805700898170471
0.9028688669204712
0.8604691028594971
0.7303723692893982
0.6780637502670288
0.7702669501304626
0.7186198830604553
0.7581878304481506
0.6620283722877502
0.7264568209648132
0.7411755323410034
0.718122124671936
0.8631510138511658
0.8137118220329285
0.8388007283210754
0.639096200466156
0.8435943126678467
0.8966365456581116
0.7890490889549255
0.9520173072814941
0.813530683517456
0.7446579337120056
0.7211118936538696
0.8190343976020813
0.8611464500427246
0.9333356022834778
0.7940158843994141
0.8006839752197266
0.7935216426849365
0.9121609926223755
0.7652431130409241
0.8046319484710693
0.8527301549911499
0.7669115662574768
0.9007790684700012
0.7944717407226562
0.9203464388847351
0.8510598540306091
0.944961667060852
0.9770408272743225
0.8585561513900757
0.5644597411155701
0.6509109735488892
0.8115999102592468
0.754731297492981
0.6010516285896301
0.8388910889625549
0.795542299747467
0.8319672346115112
0.7236723303794861
0.720493733882904
0.8256216645240784
0.8007152676582336
0.7852250337600708
0.8251141309738159
0.7579776644706726
0.9363410472869873
0.6627837419509888
0.9017101526260376
0.859143078327179
0.8274781703948975
0.7896609902381897
0.7757301926612854
0.9113412499427795
0.6644814014434814
0.8871849775314331
0.9014110565185547
0.6063748002052307
0.927124559879303
0.8846532702445984
0.6248487234115601
0.8688052296638489
0.8730008602142334
0.8293558955192566
0.6684383749961853
0.6153419017791748
0.7546729445457458
0.694394052028656
0.788038969039917
0.7375673055648804
0.7744390964508057
0.7110871076583862
0.9583331346511841
0.6379207968711853
0.8786091804504395
0.7305523753166199
0.821138322353363
0.9747411608695984
0.696114182472229
0.5142732858657837
0.6737527251243591
0.707424521446228
0.9058786034584045
0.8748037219047546
0.731001079082489
0.8667082190513611
0.6315612196922302
0.8395313024520874
0.8831899762153625
0.9010439515113831
0.7379050254821777
0.8956696391105652
0.8339023590087891
0.9259491562843323
0.9127162098884583
0.8623286485671997
0.8273692727088928
0.9076831936836243
0.859161376953125
0.801659107208252
0.8312292695045471
0.7804211974143982
0.8977270126342773
0.8998593091964722
0.6623440384864807
0.6568701267242432
0.7350485920906067
0.9643701314926147
0.8201712965965271
0.8892591595649719
0.9214386343955994
0.5207944512367249
0.6939182877540588
0.9841681718826294
0.6573358774185181
0.9418293833732605
0.6902351379394531
0.6738797426223755
0.8334944248199463
0.832409143447876
0.8493000268936157
0.822006106376648
0.9016806483268738
0.7874645590782166
0.8738948702812195
0.8461989760398865
0.7943623065948486
0.9782813191413879
0.8507290482521057
0.7249888181686401
0.9146382212638855
0.762799859046936
0.6376621127128601
0.6882538199424744
0.8569157123565674
0.7223471403121948
0.8268948793411255
0.8558468222618103
0.878449559211731
0.7678242921829224
0.7795240879058838
0.9060738682746887
0.8523567318916321
0.8077526092529297
0.7766080498695374
0.8934949636459351
0.8261059522628784
0.9484370946884155
0.6130518317222595
0.8205689787864685
0.9086683392524719
0.7561090588569641
0.8183968663215637
0.6183674931526184
0.8912814259529114
0.7203673124313354
0.7369223833084106
0.6923502087593079
0.7793915271759033
0.7369666695594788
0.8814595937728882
0.8364810943603516
0.6457999348640442
0.7113369703292847
0.7150600552558899
0.763355553150177
0.7274302840232849
0.8277599811553955
0.8297742605209351
0.5758043527603149
0.7431549429893494
0.9482069611549377
0.8878032565116882
0.8596212863922119
0.7443180680274963
0.8262140154838562
0.9203877449035645
0.6874471306800842
0.7112582921981812
0.7778165936470032
0.7530286312103271
0.7829146385192871
0.8067044615745544
0.7599318027496338
0.9058339595794678
0.8497607707977295
0.9876794219017029
0.9161728620529175
0.7513408660888672
0.7413541078567505
0.8622295260429382
0.8911844491958618
0.8094419240951538
0.9087123870849609
0.6671585440635681
0.8836882710456848
0.8161362409591675
0.667485773563385
0.8919124007225037
0.7731338739395142
0.80500727891922
0.8572419285774231
0.7817800045013428
0.8803543448448181
0.7791028022766113
0.6699730157852173
0.869372546672821
0.8850563168525696
0.754531979560852
0.7470247745513916
0.8769871592521667
0.5947611927986145
0.6737440824508667
0.8404589891433716
0.8512153029441833
0.7919979095458984
0.7388123869895935
0.8807224631309509
0.7937515377998352
0.5047681331634521
0.7818414568901062
0.7531922459602356
0.7463300824165344
0.5178992748260498
0.8177860379219055
0.9222912192344666
0.7734906673431396
0.6834549903869629
0.748487114906311
0.7931295037269592
0.6554687023162842
0.8154405355453491
0.8524969220161438
0.9350013732910156
0.8373675346374512
0.8451900482177734
0.7477991580963135
0.7511695623397827
0.7576484680175781
0.9044698476791382
0.8019339442253113
0.7387229204177856
0.8741825222969055
0.8388350605964661
0.9120914936065674
0.8904643058776855
0.8468449711799622
0.8255310654640198
0.630675733089447
0.9485880732536316
0.5593656897544861
0.9246944189071655
0.8294509649276733
0.9246063232421875
0.6326811909675598
0.7661869525909424
0.6857984066009521
0.7556798458099365
0.7113271355628967
0.5633352994918823
0.8321360349655151
0.8382251858711243
0.8096623420715332
0.5641193985939026
1.0
0.6871420741081238
0.8001031279563904
0.8826418519020081
0.8231355547904968
0.8022211194038391
0.8612830638885498
0.8600118160247803
0.8626960515975952
0.6972838044166565
0.8987317085266113
0.8281582593917847
0.8285040259361267
0.5091313719749451
0.755582869052887
0.6863589286804199
0.7880623936653137
0.8039589524269104
0.7838646769523621
0.5738338232040405
0.8089255094528198
0.8801571130752563
0.8691453337669373
0.7516434192657471
0.9726173877716064
0.8655706644058228
0.7711634039878845
0.7378634214401245
0.7703093886375427
0.9608277678489685
0.8354233503341675
0.7924880385398865
0.7899649739265442
0.6759907603263855
0.6581817865371704
0.7944465279579163
0.9525608420372009
0.9731390476226807
0.7493076920509338
0.6295305490493774
0.7039352059364319
0.6146271824836731
0.8295882940292358
0.8043108582496643
0.7150242328643799
0.7494074106216431
0.803874671459198
0.8866535425186157
0.8033138513565063
0.8507629632949829
0.8044824004173279
0.9216176271438599
0.7852623462677002
0.8535305857658386
0.977076530456543
0.7823167443275452
0.7532222270965576
0.8043758869171143
0.6774025559425354
0.6511869430541992
0.8213146328926086
0.9479295611381531
0.9503452181816101
0.911310613155365
0.7585382461547852
0.8694683909416199
0.6125114560127258
0.8837649822235107
0.8593548536300659
0.8252434134483337
0.42931464314460754
0.9344260692596436
0.770867645740509
0.6117936968803406
0.82147616147995
0.9214838743209839
0.7032310366630554
0.9092090129852295
0.4714692234992981
0.8573715090751648
0.885870099067688
0.834345281124115
0.7738945484161377
0.7462315559387207
0.758066713809967
0.8365212678909302
0.6461958289146423
0.6615203022956848
0.8868094086647034
0.771256685256958
0.8332992196083069
0.8056325912475586
0.6702861785888672
0.7671718001365662
0.6993177533149719
0.8051899671554565
0.8221086859703064
0.7831391096115112
0.872086226940155
0.8654365539550781
0.7716472148895264
0.8115566372871399
0.8203992247581482
0.9412415027618408
0.7817310094833374
0.7545377612113953
0.5008124709129333
0.8522967100143433
0.7743443846702576
0.8269538879394531
0.6847185492515564
0.7455250024795532
0.887538492679596
0.8088018298149109
0.93581223487854
0.7080267667770386
0.8595572113990784
0.9335441589355469
0.5960935354232788
0.7858654260635376
0.8704546689987183
0.7709293961524963
0.7898216247558594
0.8283529877662659
0.7579790949821472
0.6901952028274536
0.7939434051513672
0.9418022632598877
0.43274691700935364
0.7036189436912537
0.6864035129547119
0.7680322527885437
0.8012248873710632
0.8147938251495361
0.807343065738678
0.580540657043457
0.8873376250267029
0.5571770071983337
0.7072843313217163
0.725341260433197
0.7292306423187256
0.7601271271705627
0.6844854354858398
0.8009199500083923
0.8746896386146545
0.934023916721344
0.7413418292999268
0.7030463814735413
0.858794629573822
0.8769723773002625
0.781089186668396
0.9068228602409363
0.7416508197784424
0.6679351925849915
0.7542082071304321
0.8495916128158569
0.7168421745300293
0.756447970867157
0.8321893811225891
0.7372428774833679
0.8828482031822205
0.7691909074783325
0.9340434074401855
0.9732020497322083
1.0
0.7869055867195129
0.9198788404464722
0.7647476196289062
0.8312086462974548
0.7855297923088074
0.7730588316917419
0.789919376373291
0.8709225058555603
0.9216758608818054
0.6654888391494751
0.7272774577140808
0.8939628601074219
0.8702486753463745
0.7986342906951904
0.9528573751449585
0.8074594736099243
0.7815678715705872
0.7756749987602234
0.7767998576164246
0.7982513904571533
0.8685886859893799
0.7497833371162415
0.7353931665420532
0.7537457942962646
0.7588188648223877
0.8172882795333862
0.93137526512146
0.7175712585449219
0.7426303625106812
0.800601601600647
0.8187615871429443
0.7153766751289368
0.8985157608985901
0.8617268800735474
0.7802858352661133
0.7393779754638672
0.6336665749549866
0.8399971127510071
0.7321442365646362
0.7677512764930725
0.9250237345695496
0.7780500054359436
0.7441480755805969
0.8070456981658936
0.727795422077179
0.5593242049217224
0.8211410045623779
0.94870525598526
0.6998435854911804
0.8341935873031616
0.793942391872406
0.9030272960662842
0.9098314046859741
0.8790363669395447
0.7850529551506042
0.8608293533325195
0.7864036560058594
0.7379419207572937
0.7172448039054871
0.8978439569473267
0.8373665809631348
0.7972515821456909
0.8436135053634644
0.8697835803031921
0.858020007610321
0.7259548306465149
0.7463265061378479
0.8210502862930298
0.7921273112297058
0.6666006445884705
0.8865227699279785
0.7978150844573975
0.7582458257675171
0.8229361176490784
0.8332904577255249
0.868451714515686
0.7193405628204346
0.7284830808639526
0.6036503314971924
0.6821037530899048
0.8371350765228271
0.771466076374054
0.8673539161682129
0.6958362460136414
0.7829218506813049
0.8279303908348083
0.857165515422821
0.9037666320800781
0.699702799320221
0.6310862898826599
0.643166720867157
0.9455164670944214
0.8800679445266724
0.9777472615242004
0.8038186430931091
0.8782352209091187
0.8677591681480408
0.7492859959602356
0.7450677156448364
0.7855534553527832
0.8516826629638672
0.7892117500305176
0.9072980284690857
0.9038124084472656
0.9245007038116455
0.8770954608917236
0.752597987651825
0.7239924073219299
0.7499400973320007
0.7241693139076233
0.700387716293335
0.9157693982124329
0.7338735461235046
0.6806991100311279
0.7744188904762268
0.8713694214820862
0.7346018552780151
0.928128182888031
0.7322334051132202
0.9372183084487915
0.7043212056159973
0.7949262261390686
0.7860282063484192
0.8173802495002747
0.7957286238670349
0.9008558392524719
0.85041743516922
0.6980161666870117
0.729885458946228
0.7681007981300354
0.6296846866607666
0.8534466028213501
0.8110385537147522
0.911096453666687
0.8599269390106201
0.7337886095046997
0.7988505363464355
0.9744356274604797
0.6231049299240112
0.7987783551216125
0.6523253917694092
0.7097264528274536
0.8245108723640442
0.7366909384727478
0.7018712759017944
0.7288717031478882
0.6707494258880615
0.7136204838752747
0.9487754702568054
0.9665805101394653
0.8518573641777039
0.7653288245201111
0.8416380882263184
0.7290694713592529
0.7296683192253113
0.9025156497955322
0.7717716097831726
0.8821986317634583
0.6642748117446899
0.8690492510795593
0.8018872737884521
0.8849628567695618
0.8476172089576721
0.7707048058509827
0.8641562461853027
0.8361141085624695
0.7654105424880981
0.8746498823165894
0.8834277987480164
0.6871301531791687
0.8197140693664551
0.9164048433303833
0.8116264343261719
0.7406096458435059
0.9821491241455078
0.7481089234352112
0.6682167649269104
0.8244639039039612
0.8577394485473633
0.8909396529197693
0.8109048008918762
0.8085355162620544
0.7903227806091309
0.9114044904708862
0.6310092806816101
0.7076107263565063
0.8500764966011047
0.7431430220603943
0.9022439122200012
0.8753224611282349
0.6662309169769287
0.8044097423553467
0.7507519721984863
0.8765148520469666
0.7583937048912048
0.6778949499130249
0.8060917258262634
