0.793479323387146
0.6807171702384949
0.6221499443054199
0.8549795746803284
0.46509698033332825
0.1774737536907196
0.6262487769126892
0.838428795337677
0.8316631317138672
0.675855278968811
0.7567384243011475
0.7685500383377075
0.8517587184906006
0.68929523229599
0.7768195867538452
0.8501169681549072
0.6548755764961243
0.49956074357032776
0.6861212253570557
0.8547406792640686
0.7407830953598022
0.5023623108863831
0.686343789100647
0.2867366075515747
0.32606539130210876
0.6219474673271179
0.7397210597991943
0.38432174921035767
0.8323469758033752
0.665523111820221
0.7675270438194275
0.7841991186141968
0.6488568782806396
0.8462422490119934
0.5301651954650879
0.30506742000579834
0.5597161054611206
0.8254165649414062
0.9042357206344604
0.678202748298645
0.646365225315094
0.5041224360466003
0.6921478509902954
0.7680602073669434
0.7131960391998291
0.4937373399734497
0.8230441212654114
0.5497012138366699
0.7735537886619568
0.6219944953918457
0.8076334595680237
0.9056417942047119
0.7807626128196716
0.6830572485923767
0.7278180122375488
0.6727625727653503
0.676313042640686
0.5746133327484131
0.7523220777511597
0.6272403597831726
0.775377094745636
0.6152755618095398
0.848344087600708
0.5977434515953064
0.5972230434417725
0.9857797622680664
0.7400602698326111
0.9075638651847839
0.665898859500885
0.7918475866317749
0.7765594124794006
0.44606468081474304
0.6905397772789001
0.722809374332428
0.7261084914207458
0.8397496342658997
0.8123396039009094
0.6812424063682556
0.431281179189682
0.6933247447013855
0.877526581287384
0.7887643575668335
0.5597159266471863
0.6514392495155334
0.865662157535553
0.5932554602622986
0.6098088622093201
0.6780664920806885
0.6626142263412476
0.6009039878845215
0.6823126077651978
0.7288745045661926
0.8253978490829468
0.5340309739112854
0.4937540590763092
0.8175148367881775
0.7642835378646851
0.6353444457054138
0.7595454454421997
0.802368700504303
0.6829220652580261
0.7264727354049683
0.5618429780006409
0.6620112061500549
0.6214708685874939
0.47447746992111206
0.6496441960334778
0.5298811197280884
0.4889593720436096
0.8966835737228394
0.7414753437042236
0.5723792910575867
0.5610241293907166
0.7125419974327087
0.6171033382415771
0.8169624209403992
0.7295586466789246
0.6303104162216187
0.5024899244308472
0.43707025051116943
0.5709413290023804
0.7503448128700256
0.6467024683952332
0.4194074273109436
0.5656704902648926
0.5847836136817932
0.7391325235366821
0.6508482098579407
0.6261247992515564
0.6081087589263916
0.7270514965057373
0.8516026735305786
0.632620632648468
0.818718433380127
0.7588176727294922
0.6078992486000061
0.5136950016021729
0.7099617719650269
0.6784006357192993
0.8808796405792236
0.7319648265838623
0.6810840964317322
0.6401470303535461
0.6838513612747192
0.6103470325469971
0.710376501083374
0.7971832752227783
0.5605894923210144
0.7246226668357849
0.5791730284690857
0.630748450756073
0.7183421850204468
0.6968299150466919
0.7130075693130493
0.6964160203933716
0.36194565892219543
0.5668491125106812
0.6255025267601013
0.5830637812614441
0.5828184485435486
0.7654959559440613
0.635761559009552
0.7550532221794128
0.5182525515556335
0.7191879749298096
0.5896998047828674
0.7945653796195984
0.6101886630058289
0.6734939813613892
0.6028448939323425
0.891086757183075
0.572654128074646
0.8034577369689941
0.7459167838096619
0.6393392086029053
0.630549967288971
0.561607837677002
0.8445807695388794
0.39847686886787415
0.7354393005371094
0.835318386554718
0.4237295687198639
0.8353440165519714
0.7012803554534912
0.36601606011390686
0.8114461302757263
0.8094885349273682
0.7001195549964905
0.6587423086166382
0.4642445147037506
0.6538562774658203
0.5824964642524719
0.6975997686386108
0.5402900576591492
0.7811077237129211
0.4093663692474365
0.7799090147018433
0.4900471270084381
0.7487859725952148
0.5397726893424988
0.6673843860626221
0.6134074926376343
0.5781584978103638
0.47780367732048035
0.48774221539497375
0.6153751611709595
0.8588491082191467
0.8079330921173096
0.6468971967697144
0.7366140484809875
0.3901154696941376
0.7666465044021606
0.602807879447937
0.7805671095848083
0.5015442967414856
0.8733749389648438
0.826088547706604
0.8677557706832886
0.8607959151268005
0.7902224659919739
0.7313064932823181
0.7843284010887146
0.8581724166870117
0.728950023651123
0.7750651240348816
0.5877621173858643
0.7433834075927734
0.9066265225410461
0.46723607182502747
0.6422148942947388
0.6636288166046143
0.9180723428726196
0.7317529320716858
0.7160710096359253
0.6140305995941162
0.506685733795166
0.5300967693328857
0.8931443691253662
0.5446941256523132
0.8078789114952087
0.4542851150035858
0.4487282931804657
0.7881714701652527
0.6070271730422974
0.707648754119873
0.7400256991386414
0.772085964679718
0.7686593532562256
0.6783948540687561
0.7168439030647278
0.6165390610694885
0.9062629342079163
0.8562138080596924
0.7099243998527527
0.5943658351898193
0.645919919013977
0.47697344422340393
0.4259387254714966
0.7141163349151611
0.6398215293884277
0.6105390787124634
0.745333194732666
0.8085370659828186
0.7048335075378418
0.7770611643791199
0.7372481822967529
0.7584244012832642
0.6958373188972473
0.6876787543296814
0.8490180969238281
0.779315710067749
0.7912799119949341
0.3419482409954071
0.5748175978660583
0.8274567127227783
0.6725990176200867
0.6781526803970337
0.5803781747817993
0.7379806637763977
0.7003654837608337
0.6841452717781067
0.5198331475257874
0.7718881368637085
0.7357965707778931
0.7729003429412842
0.6656591296195984
0.6590895056724548
0.5226833820343018
0.6081085801124573
0.5371991395950317
0.6139519214630127
0.706348717212677
0.6165752410888672
0.5910796523094177
0.48900505900382996
0.7513429522514343
0.5550316572189331
0.8527117967605591
0.5109199285507202
0.6478023529052734
0.74270099401474
0.43420764803886414
0.5998503565788269
0.6282371282577515
0.6389962434768677
0.5102705359458923
0.7201700806617737
0.6582125425338745
0.8362597823143005
0.730256199836731
0.8132128715515137
0.8823031187057495
0.5893011689186096
0.5175291299819946
0.8293208479881287
0.693275511264801
0.7230289578437805
0.903190016746521
0.6610579490661621
0.7878457307815552
0.6950534582138062
0.3429354429244995
0.8169976472854614
0.702805757522583
0.5481044054031372
0.796355664730072
0.6795804500579834
0.7734375596046448
0.5691651701927185
0.4615641236305237
0.7430719137191772
0.4333524703979492
0.6593685150146484
0.46789389848709106
0.6323736906051636
0.5190337300300598
0.36541226506233215
0.7377700209617615
0.7560076713562012
0.610633909702301
0.71001136302948
0.6667066812515259
0.5116717219352722
0.4463774263858795
0.4688120186328888
0.5284527540206909
0.630124032497406
0.5045759081840515
0.8217306733131409
0.7281515002250671
0.6940537095069885
0.4381692111492157
0.715229332447052
0.5596094727516174
0.4566696882247925
0.514388918876648
0.543109655380249
0.7599782347679138
0.5945064425468445
0.4794815480709076
0.5594684481620789
0.40967094898223877
0.5430299639701843
0.7166099548339844
0.6783992052078247
0.4515562653541565
0.7852631211280823
0.5727801322937012
0.8296468257904053
0.8119016289710999
0.8180572390556335
0.6890459656715393
0.5462300181388855
0.831091046333313
0.5659864544868469
0.7619502544403076
0.8225690722465515
0.9207431674003601
0.5624147653579712
0.7282045483589172
0.5209018588066101
0.7558601498603821
0.7042408585548401
0.3022131323814392
0.7553156614303589
0.8375311493873596
0.7909319996833801
0.5489506721496582
0.7560216784477234
0.5252739191055298
0.7402570247650146
0.6068028807640076
0.6933631896972656
0.627918541431427
0.7495169639587402
0.8454480171203613
0.7881781458854675
0.567642867565155
0.8458195924758911
0.8063420057296753
0.6691531538963318
0.24919982254505157
0.5967427492141724
0.672527551651001
0.5373353362083435
0.5926029086112976
0.5555957555770874
0.1788541078567505
0.8059956431388855
0.8782387375831604
0.7526153922080994
0.6496550440788269
0.7236305475234985
0.7012899518013
0.6812781691551208
0.6278162598609924
0.7467012405395508
0.8056296110153198
0.7094777226448059
0.7062808871269226
0.6773379445075989
0.3136947751045227
0.6531285047531128
0.638031542301178
0.9148786664009094
0.8894897103309631
0.6076921820640564
0.5147734880447388
0.5745977163314819
0.44671595096588135
0.6897077560424805
0.7837188243865967
0.6038610339164734
0.5880994200706482
0.5704820156097412
0.8810485005378723
0.7074335217475891
0.691512942314148
0.3848053216934204
0.8297200202941895
0.599679708480835
0.7865931391716003
0.7261617183685303
0.7152201533317566
0.5190871357917786
0.7964751720428467
0.2945375144481659
0.323393851518631
0.6753517389297485
0.8182559013366699
0.7023393511772156
0.5788369178771973
0.6689423322677612
0.6952565312385559
0.4393978714942932
0.7466603517532349
0.8539286851882935
0.7576684355735779
0.07733568549156189
0.9265112280845642
0.6250715851783752
0.49205467104911804
0.5967584252357483
0.7662937641143799
0.5426555871963501
0.6994146108627319
0.43150535225868225
0.6527363657951355
0.7304592132568359
0.7639985680580139
0.7413663268089294
0.5700587630271912
0.6032732129096985
0.7984164953231812
0.35915812849998474
0.658920168876648
0.7899180054664612
0.6294370293617249
0.7794617414474487
0.8041360974311829
0.38217851519584656
0.5270349383354187
0.6433628797531128
0.7137985229492188
0.7279393076896667
0.7040117979049683
0.7180773615837097
0.8631446361541748
0.5803277492523193
0.6868026852607727
0.7017533779144287
0.7972921133041382
0.7731582522392273
0.6829578876495361
0.4814842641353607
0.7957940101623535
0.5332013964653015
0.6734768152236938
0.6558879017829895
0.6320587396621704
0.5093228816986084
0.7741696834564209
0.6655753254890442
0.6955376267433167
0.6562739610671997
0.8137505650520325
0.4541461169719696
0.4295685887336731
0.7866700291633606
0.3513660430908203
0.7944639921188354
0.7032735347747803
0.7310604453086853
0.568840742111206
0.5667140483856201
0.7590201497077942
0.26628202199935913
0.5000349283218384
0.5044966340065002
0.7024223804473877
0.5514151453971863
0.8192249536514282
0.6948884129524231
0.4707724153995514
0.7322282195091248
0.27020254731178284
0.6310669779777527
0.63211989402771
0.6836585998535156
0.5776855945587158
0.29841479659080505
0.7898686528205872
0.8610715270042419
0.8480955362319946
0.6253204941749573
0.6969025731086731
0.7704123258590698
0.716841995716095
0.5093510150909424
0.7443005442619324
0.7378988265991211
0.6554880142211914
0.4937373399734497
0.8436050415039062
0.5111657977104187
0.5611871480941772
0.7436925768852234
0.4470593333244324
0.8792902231216431
0.7553711533546448
0.9328993558883667
0.8616895079612732
0.8236384391784668
0.6528880596160889
0.7305300831794739
0.7165972590446472
0.7114025950431824
0.5141796469688416
0.7674360871315002
0.6736177802085876
0.7399790287017822
0.8018651008605957
0.5214894413948059
0.5163647532463074
0.7446539998054504
0.5290365815162659
0.7174777984619141
0.7610387802124023
0.7037935256958008
0.6088906526565552
0.6593664884567261
0.5163076519966125
0.7130771279335022
0.7982485890388489
0.6542856097221375
0.7538269758224487
0.7333496809005737
0.6949926614761353
0.6462445259094238
0.8784515261650085
0.31920450925827026
0.6091518998146057
0.6993741393089294
0.5998963713645935
0.6333604454994202
0.6557443737983704
0.766822338104248
0.6838274002075195
0.6660913825035095
0.531211256980896
0.6100112795829773
0.6234722137451172
0.6978704333305359
0.8491401672363281
0.5964356064796448
0.6511359810829163
0.7577106356620789
0.518150269985199
0.4978064000606537
0.5302017331123352
0.7477295398712158
0.6944893002510071
0.7359763979911804
0.5630793571472168
0.7232276797294617
0.9076170325279236
0.7687888741493225
0.7699373960494995
0.8017832040786743
0.6714125871658325
0.7361042499542236
0.7121697664260864
0.8565607666969299
0.7104611396789551
0.6716246008872986
0.8400834798812866
0.5602207183837891
0.727220892906189
0.7196229100227356
0.6651607155799866
0.5297702550888062
0.6127225756645203
0.3586530387401581
0.7969887852668762
0.6415696144104004
0.6254953145980835
0.4476911127567291
0.6814102530479431
0.834594190120697
0.699100136756897
0.6197914481163025
0.4547581672668457
0.35848209261894226
0.8171699643135071
0.6867668628692627
0.8094103932380676
0.5092014670372009
0.6244411468505859
0.8204004168510437
0.7716858386993408
0.8279494047164917
0.6402009725570679
0.46509698033332825
0.2893759310245514
0.8258683085441589
0.8763253092765808
0.7567038536071777
0.7214726209640503
0.8610798120498657
0.8619762659072876
0.4891137182712555
0.5649396777153015
0.7233026623725891
0.8512052297592163
0.7801543474197388
0.7943865656852722
0.7773389220237732
0.5928622484207153
0.7944278120994568
0.5647631287574768
0.59004145860672
0.6367987990379333
0.6351683139801025
0.41062384843826294
0.6819722652435303
0.6617037653923035
0.5467250347137451
0.6828646659851074
0.5646051168441772
0.6598502993583679
0.6666436195373535
0.7016213536262512
0.6814695000648499
0.33334052562713623
0.6723537445068359
0.6818122863769531
0.5472331643104553
0.6971856355667114
0.8118072152137756
0.7538912296295166
0.55492103099823
0.7133938074111938
0.6955592632293701
0.5324302315711975
0.6887193322181702
0.6964758038520813
0.865371823310852
0.7911627292633057
0.7235532999038696
0.778954029083252
0.5276910066604614
0.5462954044342041
0.6827201247215271
0.6397016644477844
0.4996336102485657
0.708257257938385
0.5179682970046997
0.6777161955833435
0.38635995984077454
0.5339334607124329
0.6531232595443726
0.9484038949012756
0.8939264416694641
0.6217047572135925
0.5768651962280273
0.6962541341781616
0.7274221777915955
0.6973928213119507
0.7431634068489075
0.6905605792999268
0.6182485222816467
0.2924507260322571
0.782822847366333
0.6280353665351868
0.8214160203933716
0.6408305168151855
0.5355076789855957
0.768036961555481
0.5438156723976135
0.6324089169502258
0.8723851442337036
0.6411935687065125
0.5431511402130127
0.5465288162231445
0.841505229473114
0.778060793876648
0.5288345217704773
0.8596440553665161
0.5686523914337158
0.6135016083717346
0.7732318639755249
0.6120184659957886
0.8342565894126892
0.6441652178764343
0.5263084769248962
0.5765038132667542
0.8529627919197083
0.5881931185722351
0.6945217847824097
0.5963951945304871
0.7363057732582092
0.7907328605651855
0.8727230429649353
0.5039674043655396
0.6310027837753296
0.6052416563034058
0.7840353846549988
0.5304982662200928
0.4708353579044342
0.6711275577545166
