0.8772647380828857
0.811269998550415
0.7478375434875488
0.8841974139213562
0.7122589349746704
0.5218774080276489
0.8349587917327881
0.8772450089454651
0.8912663459777832
0.795003354549408
0.8575419187545776
0.9684821367263794
0.9546267986297607
0.9558501839637756
0.9442512392997742
0.9247737526893616
0.7944361567497253
0.7682065367698669
0.7153215408325195
0.9424347877502441
0.8390644192695618
0.6925961971282959
0.719691276550293
0.6911698579788208
0.6299393177032471
0.8727081418037415
0.772638201713562
0.6278055906295776
0.9656603336334229
0.797530472278595
0.806941032409668
0.7935522198677063
0.7502920031547546
0.9136487245559692
0.85847407579422
0.6225370764732361
0.6957941651344299
0.8706392049789429
0.9290489554405212
0.731587827205658
0.7098843455314636
0.7217861413955688
0.7847872972488403
0.8350817561149597
0.8217220902442932
0.7663714289665222
0.9316462874412537
0.7354931831359863
0.9249043464660645
0.9248867034912109
0.8992645740509033
0.958755612373352
0.9039921164512634
0.7820596694946289
0.8494483828544617
0.7786120176315308
0.7456457018852234
0.801655113697052
0.8515090942382812
0.8165939450263977
0.8742048144340515
0.8410604596138
0.9107904434204102
0.7470769286155701
0.7593826055526733
0.9857797622680664
0.8823034763336182
0.9266442060470581
0.8379316329956055
0.8650401830673218
0.9485980272293091
0.7542743682861328
0.7797115445137024
0.7882411479949951
0.7689042091369629
0.919406533241272
0.9468994140625
0.7377743124961853
0.5280413031578064
0.8224798440933228
0.9560960531234741
0.887191891670227
0.7635231018066406
0.7876378893852234
0.9616584777832031
0.7541266679763794
0.8971185684204102
0.7872822284698486
0.8448992371559143
0.8347011804580688
0.8892832398414612
0.8732504844665527
0.8321987390518188
0.8380275964736938
0.7625525593757629
0.9074568748474121
0.8603236079216003
0.7484262585639954
0.8665719628334045
0.9440472722053528
0.7734565734863281
0.7745142579078674
0.7238703966140747
0.8119779229164124
0.8884363174438477
0.8371928334236145
0.7651421427726746
0.8119525909423828
0.8222918510437012
0.8966835737228394
0.917025625705719
0.7993077635765076
0.7108269333839417
0.8355081677436829
0.8369966149330139
0.9151955842971802
0.8815010786056519
0.7675638794898987
0.6936442852020264
0.7864983081817627
0.780419647693634
0.789645791053772
0.7577758431434631
0.7706477046012878
0.7483105659484863
0.7222595810890198
0.8758090734481812
0.8207232356071472
0.8496171236038208
0.6825780272483826
0.8708656430244446
0.9187383055686951
0.832462728023529
0.9842010736465454
0.8331806063652039
0.7548695206642151
0.759645938873291
0.8465880155563354
0.8872060179710388
0.9437698125839233
0.8419471979141235
0.8110756874084473
0.8401806354522705
0.9184825420379639
0.7869572043418884
0.8162967562675476
0.8915454745292664
0.79413902759552
0.8943721055984497
0.8318942189216614
0.9439566135406494
0.8518730401992798
0.9515328407287598
0.9825316071510315
0.8671936988830566
0.6322250962257385
0.6709949970245361
0.8353867530822754
0.8024067878723145
0.6251158714294434
0.8677754998207092
0.8048197031021118
0.8350434303283691
0.8010139465332031
0.7433202862739563
0.8595696687698364
0.8459428548812866
0.7913556098937988
0.8444740176200867
0.8068557977676392
0.9359670281410217
0.6928248405456543
0.9097548723220825
0.8801535964012146
0.8389930725097656
0.8241684436798096
0.7867565155029297
0.9259724020957947
0.6843964457511902
0.8929650187492371
0.9024840593338013
0.6358341574668884
0.9468242526054382
0.8962809443473816
0.6607814431190491
0.8793935775756836
0.8784199953079224
0.8652071356773376
0.6739383339881897
0.6926549077033997
0.7716355919837952
0.7979974746704102
0.7884378433227539
0.7692779302597046
0.797095000743866
0.7605923414230347
0.9694675803184509
0.71099454164505
0.8882664442062378
0.7497732043266296
0.8444039821624756
0.9750850796699524
0.7667959928512573
0.6327711939811707
0.7313682436943054
0.7487300038337708
0.9121694564819336
0.8846436142921448
0.7895567417144775
0.8707592487335205
0.7448961138725281
0.8366373181343079
0.8948761224746704
0.898914098739624
0.7610030174255371
0.9099078178405762
0.8357957005500793
0.9331662058830261
0.945468008518219
0.8659282326698303
0.8444763422012329
0.9276054501533508
0.8650544881820679
0.8370493650436401
0.8625550270080566
0.8002496361732483
0.91200190782547
0.9245721101760864
0.7062983512878418
0.6926942467689514
0.7829747796058655
0.9679192304611206
0.8331265449523926
0.8907268643379211
0.9596015214920044
0.6253108978271484
0.7206034660339355
0.9831393957138062
0.7367613315582275
0.9599506855010986
0.7206501364707947
0.7175239324569702
0.8467433452606201
0.8731184601783752
0.8508871793746948
0.8370769619941711
0.90447998046875
0.7889603972434998
0.8780748248100281
0.8557065725326538
0.8298923969268799
0.9802498817443848
0.8568353056907654
0.7387092709541321
0.9278801083564758
0.7941058874130249
0.7039720416069031
0.768562912940979
0.8733339905738831
0.7526679039001465
0.8288617134094238
0.8830493688583374
0.9146712422370911
0.8195369243621826
0.8071343302726746
0.9175858497619629
0.8819552659988403
0.833945631980896
0.8186637163162231
0.9001807570457458
0.8333510160446167
0.9512596130371094
0.6759373545646667
0.8303333520889282
0.9340628385543823
0.7598025798797607
0.8403220176696777
0.6458632349967957
0.8949640393257141
0.8078835010528564
0.7698456645011902
0.7496232986450195
0.8035284280776978
0.7634066939353943
0.9018486738204956
0.9024911522865295
0.7190612554550171
0.7558573484420776
0.8479771018028259
0.7952854037284851
0.7756941318511963
0.855858564376831
0.8306295871734619
0.6213662624359131
0.797357439994812
0.9498240947723389
0.8967180252075195
0.9220113158226013
0.8184630870819092
0.8833691477775574
0.9199289679527283
0.7315977215766907
0.7585214972496033
0.7760051488876343
0.7676805257797241
0.7915290594100952
0.8707111477851868
0.7849387526512146
0.9151856303215027
0.8663327693939209
0.9884167909622192
0.9394296407699585
0.7928676605224609
0.794728696346283
0.8895890712738037
0.8974241614341736
0.8467453122138977
0.9251893758773804
0.7161783576011658
0.8965800404548645
0.8478010892868042
0.8081924319267273
0.9060013294219971
0.782012939453125
0.8130837082862854
0.8868101239204407
0.8064597845077515
0.8841782212257385
0.808662474155426
0.7492081522941589
0.8728015422821045
0.9006247520446777
0.8044508695602417
0.8103143572807312
0.874386191368103
0.7038984298706055
0.703620195388794
0.8426178097724915
0.8992286324501038
0.8066427111625671
0.7961676716804504
0.8936227560043335
0.8478908538818359
0.623747706413269
0.7972806096076965
0.8122522830963135
0.8053091168403625
0.5310707092285156
0.8242266774177551
0.9304259419441223
0.7988735437393188
0.7666470408439636
0.754547655582428
0.8129570484161377
0.6899359822273254
0.8279731273651123
0.888067901134491
0.9361153841018677
0.8657476902008057
0.8723256587982178
0.7650278210639954
0.776828408241272
0.778647243976593
0.9132985472679138
0.8252487778663635
0.7691028118133545
0.8824582695960999
0.8926566243171692
0.91099613904953
0.9011450409889221
0.858109176158905
0.859505832195282
0.6754268407821655
0.9542454481124878
0.6669553518295288
0.9496637582778931
0.8330856561660767
0.9333673715591431
0.6928666234016418
0.8087464570999146
0.7105503082275391
0.8031051754951477
0.7306460738182068
0.6368542313575745
0.8744531869888306
0.8433453440666199
0.8369362354278564
0.6899353861808777
1.0
0.7155129313468933
0.8294724822044373
0.9159526228904724
0.8616333603858948
0.8265278935432434
0.8816388249397278
0.8591484427452087
0.8729761838912964
0.7612607479095459
0.9044031500816345
0.8426473736763
0.8194737434387207
0.5779498219490051
0.7768410444259644
0.7329165935516357
0.7978046536445618
0.8278512954711914
0.7993316650390625
0.628524899482727
0.8627782464027405
0.8782387375831604
0.8975130915641785
0.7752431631088257
0.9732809066772461
0.8773699998855591
0.7768973708152771
0.7728911638259888
0.8095433115959167
0.9771397709846497
0.8447481989860535
0.8423337340354919
0.8365909457206726
0.7048681378364563
0.6742225885391235
0.8308267593383789
0.966925323009491
0.9773106575012207
0.7552645802497864
0.6387171149253845
0.7940555810928345
0.7171499133110046
0.8521508574485779
0.8058472275733948
0.804184079170227
0.7766084671020508
0.8314389586448669
0.8994325399398804
0.8482404947280884
0.8590006232261658
0.842486560344696
0.943627655506134
0.8067626953125
0.8693831562995911
0.9772425889968872
0.7872996926307678
0.7924475073814392
0.8265457153320312
0.6990953087806702
0.6896287798881531
0.8348357081413269
0.9439473748207092
0.9705885648727417
0.9165151715278625
0.7591074705123901
0.8905048370361328
0.6429686546325684
0.8955743908882141
0.8677026629447937
0.8594282269477844
0.46215906739234924
0.9338399767875671
0.845698893070221
0.6583919525146484
0.8491373062133789
0.9408532977104187
0.7426683306694031
0.9235171675682068
0.5431849360466003
0.8770065903663635
0.9023692607879639
0.8531791567802429
0.8532721400260925
0.7958475351333618
0.7891169190406799
0.8540714383125305
0.6795018315315247
0.6873833537101746
0.8945440649986267
0.783890962600708
0.8770009279251099
0.829820990562439
0.6774788498878479
0.8242281079292297
0.7585068941116333
0.8276934623718262
0.8527746796607971
0.8125154972076416
0.9034436345100403
0.8796766996383667
0.8195212483406067
0.8329074382781982
0.8431104421615601
0.9398050904273987
0.7804380655288696
0.7835894227027893
0.6443377137184143
0.8500416278839111
0.7831202745437622
0.8258565068244934
0.6916188597679138
0.7562456727027893
0.9162513017654419
0.8664639592170715
0.9394031763076782
0.7138213515281677
0.8653072714805603
0.9390920996665955
0.664046585559845
0.8422127962112427
0.8716745972633362
0.8206561207771301
0.8092588782310486
0.8698002099990845
0.8081461787223816
0.753257155418396
0.8194141983985901
0.9418243765830994
0.49597030878067017
0.7561948895454407
0.7173575758934021
0.8001065850257874
0.8561685681343079
0.8431475758552551
0.8201932907104492
0.6354238390922546
0.8978540897369385
0.6035189628601074
0.7426621317863464
0.7651863694190979
0.7692480683326721
0.7615379691123962
0.7129161357879639
0.8910393118858337
0.8889553546905518
0.9313604235649109
0.7754099369049072
0.7067651152610779
0.8858847618103027
0.9060050249099731
0.824416995048523
0.9158537983894348
0.778403639793396
0.739925742149353
0.7663714289665222
0.8892213702201843
0.7877079844474792
0.7737615704536438
0.8287834525108337
0.7455909848213196
0.902319073677063
0.8219483494758606
0.9468461871147156
0.9740214943885803
1.0
0.8297154903411865
0.9201919436454773
0.7904809713363647
0.8422420620918274
0.7973051071166992
0.7996002435684204
0.8110560774803162
0.8977741599082947
0.9289857745170593
0.7693265080451965
0.7899810075759888
0.9043489098548889
0.9035481810569763
0.8110346794128418
0.9546894431114197
0.8192204833030701
0.7883234620094299
0.7968409657478333
0.7974739670753479
0.8362107872962952
0.8904137015342712
0.7927752733230591
0.7938734889030457
0.796521782875061
0.8057751059532166
0.8339484930038452
0.9560585021972656
0.7656075358390808
0.7704074382781982
0.8192206621170044
0.8682951331138611
0.7824060320854187
0.904988169670105
0.8822041749954224
0.8254238367080688
0.7501751780509949
0.6453342437744141
0.8502554893493652
0.7337175607681274
0.7987018823623657
0.9401631355285645
0.8224501609802246
0.7536662817001343
0.8549189567565918
0.7566782832145691
0.6426532864570618
0.8457787036895752
0.9525474309921265
0.7203300595283508
0.8361294865608215
0.8243162035942078
0.9165010452270508
0.9160668849945068
0.8826739192008972
0.8167787194252014
0.8715028166770935
0.7980823516845703
0.7470980286598206
0.7404329180717468
0.9085089564323425
0.8591120839118958
0.8190646767616272
0.8442736864089966
0.8994894623756409
0.8834781050682068
0.7754437327384949
0.7489173412322998
0.8290567398071289
0.802788257598877
0.6987714171409607
0.9151417016983032
0.8327058553695679
0.7820039391517639
0.8515413999557495
0.8351936936378479
0.8999081254005432
0.7340551614761353
0.7266749143600464
0.6534315943717957
0.7065423130989075
0.8689610958099365
0.8119196891784668
0.8786780834197998
0.8048798441886902
0.7976505756378174
0.8732442259788513
0.8947058916091919
0.9227690696716309
0.7506998181343079
0.7122589349746704
0.6765763759613037
0.9508307576179504
0.8871040344238281
0.9772772192955017
0.8279861807823181
0.8885642886161804
0.8674243688583374
0.7760559916496277
0.7918673157691956
0.8300690054893494
0.8613414764404297
0.7987173795700073
0.9205446243286133
0.9077518582344055
0.9332615733146667
0.884749174118042
0.7628365755081177
0.7764951586723328
0.7724862694740295
0.751656174659729
0.6943514347076416
0.9215547442436218
0.7757307887077332
0.727284848690033
0.8278971314430237
0.8888433575630188
0.7673475742340088
0.9377815127372742
0.7736555337905884
0.9428058862686157
0.8043895959854126
0.7949161529541016
0.8004798293113708
0.8447127938270569
0.8010208010673523
0.9004013538360596
0.8414518237113953
0.7760429978370667
0.7322866916656494
0.7846865057945251
0.6502726078033447
0.8697449564933777
0.8339315056800842
0.9242846369743347
0.8601610064506531
0.7687317132949829
0.8279569149017334
0.9772995114326477
0.6864756941795349
0.7970638871192932
0.8070276379585266
0.6886934638023376
0.8272621035575867
0.77001953125
0.7925061583518982
0.7668308615684509
0.7497557401657104
0.7527747750282288
0.9496211409568787
0.9681630730628967
0.8571130633354187
0.7950296401977539
0.8700675964355469
0.7491380572319031
0.7776795625686646
0.9310740232467651
0.8183339834213257
0.9004815816879272
0.7481176257133484
0.9273573160171509
0.8147546052932739
0.8883959054946899
0.8579502105712891
0.7765915989875793
0.8891189694404602
0.8486080169677734
0.7936180233955383
0.9236063957214355
0.8956149816513062
0.7556481957435608
0.8342121839523315
0.948976993560791
0.8821402192115784
0.7924825549125671
0.9820175766944885
0.7613776326179504
0.6845901608467102
0.8463701605796814
0.8698201775550842
0.8904532194137573
0.8945549130439758
0.8298601508140564
0.806445837020874
0.9163791537284851
0.6529111862182617
0.7154229879379272
0.8710983991622925
0.7658788561820984
0.9048139452934265
0.875094473361969
0.7008983492851257
0.8331607580184937
0.7517628073692322
0.8762387037277222
0.7769759893417358
0.7253825664520264
0.8542149066925049
