0.008
0.118
-0.492
0.014
0.353
-0.242
-0.027
0.096
-0.202
0.33
0.023
0.122
-0.089
-0.09
0.203
0.011
0.219
-0.043
-0.073
0.031
0.065
-0.137
0.028
0.201
-0.171
-0.02
0.118
0.082
0.162
-0.438
0.184
-0.107
0.013
0.191
0.495
0.016
0.161
0.136
0.058
0.329
0.197
0.024
-0.039
0.082
-0.031
0.141
-0.271
-0.022
-0.067
0.007
-0.698
0.131
-0.137
0.206
0.151
0.194
0.162
0.192
-0.263
0.047
0.0
0.211
-0.014
0.052
-0.265
0.152
0.378
0.025
0.074
0.284
-0.028
0.456
0.321
0.102
-0.055
0.008
0.045
0.201
-0.021
-0.127
-0.165
-0.009
0.128
0.297
0.289
-0.178
0.336
-0.246
-0.265
0.101
0.059
-0.003
0.174
0.148
0.112
-0.177
0.041
0.204
0.029
-0.098
0.471
-0.217
0.017
-0.109
0.097
-0.401
0.114
0.262
-0.017
0.172
0.061
0.135
0.221
0.09
-0.11
0.0
0.055
-0.043
0.328
0.106
-0.238
-0.453
-0.384
-0.212
-0.064
-0.19
0.219
-0.203
-0.065
-0.152
-0.14
-0.036
0.005
0.018
-0.271
0.117
0.241
-0.043
0.043
0.112
-0.1
-0.251
0.234
-0.031
-0.173
-0.207
0.258
-0.082
0.107
0.014
0.015
0.029
-0.205
0.024
-0.134
-0.143
0.151
-0.066
0.075
-0.086
-0.283
-0.067
0.204
0.154
0.087
-0.058
-0.118
-0.149
-0.059
0.108
0.215
0.042
-0.181
-0.111
-0.063
0.125
0.356
-0.283
-0.489
0.247
-0.281
-0.591
-0.232
-0.285
-0.238
0.191
-0.155
-0.183
-0.058
0.1
0.161
0.15
0.239
-0.386
-0.165
0.017
0.0
0.408
0.051
0.053
0.166
-0.005
-0.021
0.188
-0.279
-0.016
-0.042
-0.054
-0.229
0.124
-0.023
-0.053
-0.051
0.135
0.381
0.1
0.02
-0.135
-0.069
0.134
0.007
0.004
-0.132
-0.35
0.129
0.018
-0.01
-0.254
0.087
0.322
0.128
-0.05
-0.218
0.145
0.159
-0.08
-0.061
0.06
0.519
-0.216
0.184
-0.19
-0.207
-0.048
-0.244
0.15
-0.256
-0.026
-0.23
0.074
0.142
0.07
-0.208
-0.119
0.206
0.333
0.1
-0.065
-0.001
0.279
0.071
-0.084
-0.253
-0.262
0.294
0.085
-0.474
-0.304
-0.142
0.092
0.126
-0.018
0.087
-0.055
0.078
0.297
-0.096
0.137
-0.207
-0.087
-0.026
-0.019
0.088
-0.495
0.168
0.061
0.007
0.035
0.143
0.02
0.152
-0.023
-0.047
-0.552
-0.186
0.044
0.129
0.336
0.103
0.113
0.283
-0.017
0.057
-0.08
-0.018
0.377
0.118
-0.605
0.2
-0.099
0.036
-0.029
0.052
0.12
0.119
-0.041
0.09
0.222
0.091
0.254
-0.382
-0.027
-0.089
0.002
0.19
-0.107
-0.034
-0.058
-0.615
-0.242
-0.146
-0.166
-0.114
-0.196
0.094
-0.046
-0.329
0.078
-0.191
0.064
0.05
-0.203
0.034
-0.043
0.135
-0.106
-0.459
-0.033
-0.332
-0.277
-0.16
0.146
0.506
0.166
-0.462
-0.281
0.128
-0.385
0.027
0.022
0.212
0.161
-0.182
-0.597
0.071
0.016
0.445
0.113
-0.048
-0.036
0.016
0.201
0.087
0.014
-0.495
0.13
0.353
0.079
0.335
-0.09
-0.02
-0.45
-0.183
-0.257
0.024
-0.023
-0.097
0.059
0.087
0.188
-0.312
0.291
-0.235
0.002
-0.12
0.609
0.048
0.16
-0.113
0.07
-0.023
0.069
-0.442
0.029
-0.202
0.065
-0.475
0.223
0.026
0.416
-0.003
-0.136
-0.045
-0.09
0.074
0.29
0.046
0.063
0.008
0.007
-0.031
-0.427
0.121
0.047
-0.055
0.048
-0.27
-0.039
0.228
-0.231
-0.145
0.026
-0.12
-0.132
0.058
0.214
0.147
0.074
-0.151
0.109
-0.166
0.03
0.254
0.01
0.001
0.041
-0.211
-0.46
0.024
-0.266
-0.171
0.18
0.044
0.052
-0.013
0.171
-0.042
0.45
-0.048
0.106
-0.051
-0.159
0.374
-0.074
-0.331
-0.038
-0.011
0.203
-0.1
0.011
-0.071
0.148
0.066
0.045
0.444
-0.084
-0.083
0.138
0.07
-0.397
-0.402
-0.09
-0.132
0.088
-0.205
-0.152
0.116
0.041
0.025
0.053
-0.015
-0.276
0.058
-0.169
-0.111
-0.155
0.499
0.043
0.138
0.32
0.089
0.012
-0.204
0.167
-0.08
0.119
-0.25
0.111
0.252
-0.222
-0.029
0.099
-0.01
0.046
-0.219
-0.089
0.344
-0.103
0.326
-0.168
-0.017
-0.217
0.173
-0.17
-0.063
0.028
-0.375
-0.233
0.049
0.152
-0.008
0.014
0.1
-0.134
0.088
-0.109
-0.207
-0.012
0.035
-0.075
0.065
-0.268
0.141
-0.223
-0.026
-0.28
-0.171
-0.212
0.571
0.004
-0.166
0.036
0.053
0.327
-0.026
-0.017
0.271
-0.024
-0.173
0.252
0.02
-0.063
-0.068
0.468
0.295
0.378
0.391
-0.094
-0.127
-0.01
0.088
-0.028
-0.247
-0.116
-0.099
0.081
-0.119
0.014
0.067
-0.018
-0.213
0.098
-0.2
-0.196
0.012
-0.216
-0.004
0.089
0.12
0.39
0.119
-0.057
-0.167
0.118
0.19
-0.151
-0.114
0.065
-0.093
-0.056
0.08
0.481
0.38
-0.156
0.288
-0.022
0.059
0.094
0.073
0.036
-0.13
-0.302
0.086
-0.517
-0.232
0.011
0.014
0.315
-0.254
-0.037
-0.027
0.141
-0.421
0.136
0.093
0.087
0.045
0.191
0.142
-0.173
-0.556
0.032
-0.142
-0.012
-0.004
-0.099
0.003
-0.022
-0.032
-0.311
0.024
0.232
0.188
0.349
0.088
-0.181
0.042
0.35
-0.046
0.025
0.242
-0.009
-0.137
0.073
-0.071
0.233
0.005
0.039
-0.216
0.009
-0.106
-0.078
0.035
0.171
-0.45
0.018
0.484
-0.336
-0.231
0.059
0.066
-0.012
-0.044
0.413
-0.146
-0.286
0.035
0.073
-0.014
-0.439
-0.054
-0.113
-0.163
0.17
0.004
-0.186
-0.018
0.118
-0.029
-0.005
0.21
0.117
-0.089
0.055
0.122
-0.226
0.148
0.081
-0.262
-0.166
0.113
0.405
0.243
-0.153
0.056
-0.045
-0.132
-0.215
-0.056
0.096
-0.078
0.297
0.222
0.122
0.155
-0.019
-0.088
-0.11
0.001
-0.204
-0.039
-0.109
0.104
-0.136
0.479
-0.333
-0.256
0.006
-0.148
-0.227
-0.149
0.023
0.056
0.098
0.297
-0.052
-0.009
-0.014
0.138
0.144
-0.168
0.105
0.439
-0.289
0.052
-0.034
-0.181
-0.387
0.371
0.097
