0.8819155693054199
0.8015779852867126
0.8902685046195984
0.9402116537094116
0.8035295009613037
0.7620519995689392
0.9334161877632141
0.9273651242256165
0.9723110795021057
0.8978992104530334
0.8854964971542358
0.9810642004013062
0.9813330769538879
0.9841868281364441
0.9601246118545532
0.9584360122680664
0.9255639314651489
0.8344464302062988
0.7951884865760803
0.9539865851402283
0.9037750363349915
0.8015487194061279
0.8489066958427429
0.7750821709632874
0.797494649887085
0.9299992918968201
0.853888750076294
0.8176950812339783
0.9630115628242493
0.9192080497741699
0.8651422262191772
0.8736886382102966
0.8862249851226807
0.9465439319610596
0.8293573260307312
0.7801364064216614
0.8002499938011169
0.8572892546653748
0.9173881411552429
0.8399235010147095
0.7862281203269958
0.8831369280815125
0.9294847846031189
0.9239117503166199
0.8272401690483093
0.801872968673706
0.9382427334785461
0.8577726483345032
0.9406375885009766
0.9433520436286926
0.9736071228981018
0.960922122001648
0.9608874320983887
0.8640318512916565
0.9349645376205444
0.8668913841247559
0.7737206816673279
0.865100085735321
0.8644440174102783
0.8355478048324585
0.9101220369338989
0.9006497859954834
0.9744012355804443
0.925861120223999
0.86188805103302
0.9589038491249084
0.9544087052345276
0.9691415429115295
0.9322419166564941
0.9243395328521729
0.9793781638145447
0.8659546375274658
0.8885836601257324
0.8447800874710083
0.8878808617591858
0.9093744158744812
0.9621129035949707
0.8714014291763306
0.7031989097595215
0.9374265670776367
0.9622530341148376
0.9382468461990356
0.8900789618492126
0.9057442545890808
0.9771310091018677
0.8749302625656128
0.9620893001556396
0.9193575978279114
0.9085341691970825
0.9539614915847778
0.9334577322006226
0.9281155467033386
0.8836174011230469
0.8751294016838074
0.839504063129425
0.9810988903045654
0.8868743777275085
0.8504777550697327
0.9026668071746826
0.9760964512825012
0.814845085144043
0.8754565715789795
0.7881933450698853
0.8293420672416687
0.9544017314910889
0.9455646276473999
0.9281169772148132
0.9360002279281616
0.9354473948478699
0.8720865249633789
0.9633806943893433
0.7528958320617676
0.8944743871688843
0.9066907167434692
0.8806498050689697
0.9015889167785645
0.9180824756622314
0.944222629070282
0.8664873838424683
0.8776629567146301
0.8428754210472107
0.9025842547416687
0.8645439743995667
0.7662466764450073
0.8966583013534546
0.9032599329948425
0.9233124256134033
0.8496066927909851
0.8883180618286133
0.8252972364425659
0.8995690941810608
0.944034993648529
0.8987825512886047
0.9726210832595825
0.9266569018363953
0.8375726342201233
0.9391773343086243
0.935268223285675
0.9392108917236328
0.9757668375968933
0.9151875376701355
0.8965992331504822
0.9068076610565186
0.9406687021255493
0.900909423828125
0.9130274057388306
0.9306491613388062
0.7841466665267944
0.9828110933303833
0.8699433207511902
0.9755504727363586
0.8850566744804382
0.9682852029800415
0.9915987849235535
0.9394921064376831
0.8525426983833313
0.8166317343711853
0.8570582866668701
0.891755223274231
0.7791369557380676
0.9248874187469482
0.9083428382873535
0.857221245765686
0.8055698275566101
0.8204081654548645
0.9338922500610352
0.8351350426673889
0.9538550972938538
0.9112975597381592
0.8732139468193054
0.9365099668502808
0.8460108637809753
0.9515243768692017
0.8843227624893188
0.8824781179428101
0.9097796082496643
0.8867174386978149
0.9656479954719543
0.8578351736068726
0.9246284365653992
0.9495661854743958
0.8387858271598816
0.9041457772254944
0.947154700756073
0.7650607824325562
0.9138562679290771
0.9187971353530884
0.8798157572746277
0.8874179720878601
0.8402854800224304
0.9207754135131836
0.7928352355957031
0.8675744533538818
0.8808366060256958
0.9001784324645996
0.9110863208770752
0.9863945841789246
0.7485834956169128
0.943210244178772
0.8218507170677185
0.8977817893028259
0.9944034814834595
0.8173426985740662
0.8160434365272522
0.8237060904502869
0.7496042251586914
0.9452804327011108
0.9507514238357544
0.8822776675224304
0.9085316061973572
0.862277626991272
0.8622130155563354
0.9441284537315369
0.978227972984314
0.7909678816795349
0.9592361450195312
0.9159535765647888
0.9389097690582275
0.9541689157485962
0.9274304509162903
0.8989154100418091
0.9255422353744507
0.9065307974815369
0.9123450517654419
0.8613266944885254
0.8434669375419617
0.941175639629364
0.9553549885749817
0.8180627226829529
0.7926862239837646
0.8835318088531494
0.9896961450576782
0.952201783657074
0.9387050271034241
0.8973173499107361
0.7362958192825317
0.8387400507926941
0.9945855140686035
0.8673475384712219
0.9831624627113342
0.9051684141159058
0.8050570487976074
0.9551847577095032
0.844185471534729
0.911119282245636
0.9174280166625977
0.9440698027610779
0.8342384099960327
0.9271289706230164
0.9580488801002502
0.9249191880226135
0.9782323837280273
0.9261288642883301
0.842658519744873
0.9700557589530945
0.9087491631507874
0.7832134962081909
0.7911126613616943
0.9427486062049866
0.8890219926834106
0.8113880157470703
0.9198376536369324
0.8961820006370544
0.8889973759651184
0.9502637982368469
0.9506009221076965
0.9432684779167175
0.9312833547592163
0.8896152377128601
0.9317998290061951
0.9174553155899048
0.9608083367347717
0.838267982006073
0.9416927099227905
0.9710663557052612
0.9254457950592041
0.8883718252182007
0.8536144495010376
0.9470800161361694
0.9360023140907288
0.888510525226593
0.8607425093650818
0.8565625548362732
0.8770383596420288
0.9352890849113464
0.9202083349227905
0.8783411383628845
0.9300714731216431
0.8967032432556152
0.9093826413154602
0.8908946514129639
0.8965448141098022
0.8715916275978088
0.8643925189971924
0.8700087666511536
0.9695568680763245
0.931911826133728
0.9503148794174194
0.8581400513648987
0.9322986602783203
0.9463645219802856
0.9039877653121948
0.8473332524299622
0.8812130093574524
0.8480072617530823
0.8933669924736023
0.9351091384887695
0.9535093307495117
0.9181504845619202
0.9292948842048645
0.9889867305755615
0.9608148336410522
0.864968478679657
0.857351541519165
0.8965522646903992
0.910780668258667
0.8883001804351807
0.9593127369880676
0.8400975465774536
0.9743788242340088
0.9074938893318176
0.8256075382232666
0.9642504453659058
0.8900347352027893
0.8383076786994934
0.800068736076355
0.7992207407951355
0.9302258491516113
0.887287974357605
0.8724120259284973
0.8786762356758118
0.9240857362747192
0.8712740540504456
0.8763618469238281
0.9419831037521362
0.8466090559959412
0.8188760876655579
0.9336779117584229
0.9696541428565979
0.853154718875885
0.9566230773925781
0.9098870158195496
0.9432594180107117
0.7196913957595825
0.8732447624206543
0.9071487784385681
0.8782575130462646
0.8402206301689148
0.9069355726242065
0.9795168042182922
0.9232120513916016
0.8404210209846497
0.9204293489456177
0.9157896637916565
0.8163676857948303
0.9211830496788025
0.9601392149925232
0.9699642062187195
0.928150475025177
0.9182621240615845
0.8470464944839478
0.9112618565559387
0.903430700302124
0.927035391330719
0.8946910500526428
0.8662226796150208
0.9390908479690552
0.9669808745384216
0.9319189786911011
0.9162241816520691
0.9377179741859436
0.9219129681587219
0.8017799854278564
0.9773144125938416
0.804912269115448
0.9627609252929688
0.8860505819320679
0.9611547589302063
0.8668655753135681
0.8960177898406982
0.8088482022285461
0.8483596444129944
0.8611251711845398
0.8201797604560852
0.939807116985321
0.9353502988815308
0.926410436630249
0.7416418790817261
1.0
0.8713698387145996
0.9199233055114746
0.9440999627113342
0.8941652774810791
0.8821613788604736
0.9206969141960144
0.8967592716217041
0.887387216091156
0.8489903807640076
0.9719999432563782
0.9276672601699829
0.898395836353302
0.7746800184249878
0.9070839881896973
0.8036373257637024
0.8961570262908936
0.9147523045539856
0.8509415984153748
0.874508798122406
0.8975588083267212
0.970856249332428
0.941649854183197
0.8673543930053711
0.9926103949546814
0.9401017427444458
0.831135094165802
0.822417676448822
0.9194201827049255
0.9886021018028259
0.8188545107841492
0.9198043942451477
0.9098766446113586
0.7892677783966064
0.8187403082847595
0.8755559325218201
0.963111162185669
0.9844231009483337
0.8733042478561401
0.8589656949043274
0.863795816898346
0.8117777109146118
0.9250639081001282
0.954144299030304
0.8127443194389343
0.897354245185852
0.9043667316436768
0.971503496170044
0.9115327596664429
0.9115796089172363
0.84229975938797
0.9096843004226685
0.8832904696464539
0.9664515852928162
0.9896267652511597
0.8348124623298645
0.8629859089851379
0.8425592184066772
0.839003324508667
0.7841625213623047
0.9085047841072083
0.9654095768928528
0.9703482389450073
0.8674536347389221
0.8826957941055298
0.9451968669891357
0.9250713586807251
0.9592137336730957
0.9279657602310181
0.885924220085144
0.747562050819397
0.9790257811546326
0.8785063028335571
0.7705551385879517
0.8762013912200928
0.9429544806480408
0.8525493741035461
0.9459073543548584
0.7667694091796875
0.9515923261642456
0.9552055597305298
0.9441860914230347
0.9283987879753113
0.8745660781860352
0.8711986541748047
0.8749733567237854
0.8415371179580688
0.8197509050369263
0.8689596056938171
0.8442801237106323
0.879578173160553
0.842909038066864
0.8836137652397156
0.8873957991600037
0.8814928531646729
0.9156902432441711
0.9396880269050598
0.9016836881637573
0.9676725268363953
0.9229773879051208
0.8889144062995911
0.9487677812576294
0.8670916557312012
0.9566178917884827
0.9006077647209167
0.909183144569397
0.8712600469589233
0.9466216564178467
0.939035952091217
0.9119374752044678
0.7373811602592468
0.8954558968544006
0.9649382829666138
0.9103191494941711
0.9760163426399231
0.8818421959877014
0.9217340350151062
0.9888525009155273
0.8947176337242126
0.8266609907150269
0.9439586997032166
0.9445456862449646
0.8966171145439148
0.9462717175483704
0.8227732181549072
0.8842049837112427
0.9013769030570984
0.9422197937965393
0.7235854268074036
0.8251694440841675
0.8808626532554626
0.8900492787361145
0.9035589694976807
0.8708392381668091
0.8875683546066284
0.8360061049461365
0.9699568152427673
0.8549668192863464
0.8100175857543945
0.8470352292060852
0.8828751444816589
0.7921693325042725
0.8082853555679321
0.8976308703422546
0.9529334306716919
0.9519482851028442
0.921428382396698
0.8534212112426758
0.9205783009529114
0.9049081802368164
0.9011431336402893
0.9647284150123596
0.9389499425888062
0.891291081905365
0.801872968673706
0.9180926084518433
0.836268424987793
0.8876049518585205
0.9093291759490967
0.853377103805542
0.9513295292854309
0.8155561089515686
0.9747467637062073
0.9559837579727173
1.0
0.8845588564872742
0.9322999715805054
0.880353569984436
0.8860596418380737
0.9088798761367798
0.847912073135376
0.9143834114074707
0.9461699724197388
0.978569507598877
0.7948889136314392
0.8313451409339905
0.961658775806427
0.9714227914810181
0.9428305625915527
0.9759625792503357
0.9126309752464294
0.9241440892219543
0.8871161937713623
0.8937988877296448
0.9118114113807678
0.9527461528778076
0.7973514199256897
0.8490930199623108
0.8650928139686584
0.8948981761932373
0.9089624285697937
0.9202768206596375
0.8321449160575867
0.9043703079223633
0.8471260666847229
0.875188410282135
0.8656308650970459
0.9522196650505066
0.9554644823074341
0.8651822209358215
0.8792962431907654
0.8513038754463196
0.8509842753410339
0.8423207998275757
0.9186828136444092
0.9266358017921448
0.8212739825248718
0.8857038021087646
0.8870521187782288
0.8404178619384766
0.7978615164756775
0.9053208827972412
0.9158989787101746
0.8742761015892029
0.8788240551948547
0.9358312487602234
0.9330447912216187
0.9699426293373108
0.9310863018035889
0.8780222535133362
0.949677050113678
0.9456018209457397
0.8547937273979187
0.8087818026542664
0.8988296985626221
0.8843162655830383
0.9274788498878479
0.8940832018852234
0.9165780544281006
0.9161063432693481
0.8752460479736328
0.8458437323570251
0.9484584927558899
0.8771997094154358
0.8301118612289429
0.935823380947113
0.8771043419837952
0.9221652746200562
0.9351159334182739
0.9224779009819031
0.9749100804328918
0.8682771921157837
0.8302258849143982
0.8355089426040649
0.8348701000213623
0.9267730712890625
0.9012500047683716
0.8810545802116394
0.7965870499610901
0.8775324821472168
0.9523926973342896
0.9610015749931335
0.9268618822097778
0.7791898250579834
0.8035295009613037
0.7616387605667114
0.9791368842124939
0.9208045601844788
0.9855602383613586
0.8694375157356262
0.9277980923652649
0.9549692273139954
0.879061758518219
0.9102993011474609
0.9088878631591797
0.9092252254486084
0.8225948214530945
0.9173876643180847
0.9563933610916138
0.9600181579589844
0.8913752436637878
0.8413469791412354
0.8149842619895935
0.8843885660171509
0.8363481760025024
0.8872661590576172
0.9411047101020813
0.9176329374313354
0.8516124486923218
0.8596267700195312
0.934934139251709
0.8599479794502258
0.9812092781066895
0.8996471166610718
0.9045394062995911
0.7547883987426758
0.9006773829460144
0.8975584506988525
0.9335110187530518
0.8910757303237915
0.9430639147758484
0.9352999925613403
0.8862807154655457
0.8599449992179871
0.911377489566803
0.8555276393890381
0.9380559325218201
0.8456210494041443
0.9552967548370361
0.9324405193328857
0.8036015033721924
0.8680161833763123
0.9587793350219727
0.7495656609535217
0.8704490065574646
0.7265086770057678
0.885084331035614
0.8685266375541687
0.8975972533226013
0.865475058555603
0.9154911041259766
0.840216338634491
0.8948416709899902
0.9541860818862915
0.9777811169624329
0.9387917518615723
0.8865209817886353
0.9288226366043091
0.8758695721626282
0.8545143604278564
0.9262866377830505
0.8851525187492371
0.9443167448043823
0.7382517457008362
0.9052486419677734
0.9231970310211182
0.8543645143508911
0.8943115472793579
0.7605363726615906
0.9558841586112976
0.9581984877586365
0.9070926308631897
0.9089196920394897
0.9402182102203369
0.8524227738380432
0.9235826730728149
0.9326469898223877
0.9384629130363464
0.878523588180542
0.9689419269561768
0.8967800140380859
0.8770716786384583
0.9490891098976135
0.9072905778884888
0.9386961460113525
0.8050353527069092
0.8832442760467529
0.8978005647659302
0.940077543258667
0.7691466212272644
0.8017866015434265
0.8791247010231018
0.8566117882728577
0.9490872621536255
0.9631307721138
0.874462902545929
0.9317640066146851
0.9142483472824097
0.9414469599723816
0.890578031539917
0.8647705316543579
0.9240854382514954
