0.8532987236976624
0.7111546397209167
0.9075090289115906
0.989467203617096
0.8777698874473572
0.8002927899360657
0.7753226161003113
0.961750328540802
0.9548187851905823
0.9195073246955872
0.8798851370811462
1.0
0.9902697205543518
0.9788278341293335
1.0
0.9424923062324524
0.9521664381027222
0.7848798036575317
0.9703718423843384
0.9723191261291504
0.9664334654808044
0.7869054079055786
0.819310188293457
0.6485825181007385
0.8181091547012329
0.9607442021369934
0.983526349067688
0.7959293127059937
0.9769269824028015
0.9420610070228577
0.9834393858909607
0.8786177039146423
0.8772379755973816
0.9686864018440247
0.9069446921348572
0.8015137910842896
0.7866968512535095
0.789766788482666
0.7816907167434692
0.8161329627037048
0.9272318482398987
0.8861156105995178
0.9358420968055725
0.9141637682914734
0.7575551271438599
0.6984699964523315
1.0
0.867199182510376
0.9824194312095642
0.8905037045478821
0.9851245284080505
0.936127245426178
1.0
0.9334023594856262
0.9552273154258728
0.8542702794075012
0.9041635990142822
0.8944113254547119
0.862533450126648
0.767832338809967
0.8881206512451172
0.8954278826713562
0.9769366979598999
0.9395582675933838
0.8280618786811829
1.0
0.9612854719161987
0.9928766489028931
0.9478657245635986
0.8906311392784119
0.9853841066360474
0.8475607633590698
0.859239399433136
0.7641913890838623
0.930834174156189
0.8377214670181274
0.9797788262367249
0.8742987513542175
1.0
0.9251264333724976
0.9505746364593506
0.9586095213890076
0.9009608626365662
0.916083037853241
1.0
0.8459286689758301
0.9559586048126221
0.9370928406715393
0.8859686255455017
0.9586012959480286
0.9123254418373108
0.9230928421020508
0.8038104176521301
0.8325260281562805
0.815609335899353
0.9834244847297668
0.8899574875831604
0.9036027193069458
0.9542345404624939
0.9829174876213074
0.8901292085647583
0.888036847114563
0.8006311655044556
0.7782261967658997
0.986504077911377
0.9850719571113586
0.9058924913406372
0.9597386121749878
0.938162088394165
0.8566875457763672
0.978550136089325
0.7880027294158936
0.8338145017623901
0.7696415781974792
0.8277001976966858
0.8892350196838379
0.9689468741416931
0.8803583979606628
0.940558671951294
0.9204046726226807
0.7960506677627563
0.904848039150238
0.797577977180481
0.8432161808013916
0.9173082113265991
0.8943648934364319
0.9665808081626892
0.8295688033103943
0.8886181712150574
0.8351901769638062
0.9914686679840088
0.9410185813903809
0.9101518392562866
0.9647171497344971
0.8904737830162048
0.8010817766189575
0.9782386422157288
0.9442926049232483
0.9267758727073669
0.9848042726516724
0.970252275466919
0.9258443713188171
0.9318889379501343
0.9750122427940369
0.8647888898849487
0.8880801796913147
0.9005538821220398
0.9591341018676758
0.981414258480072
0.8692151308059692
0.9562389850616455
0.9197189211845398
0.9437211751937866
1.0
0.9847596883773804
0.850023627281189
0.8076863288879395
0.8031251430511475
0.8826404213905334
0.7470113635063171
0.9043424725532532
0.8792607188224792
0.9559651017189026
0.8177334666252136
0.8063803911209106
0.8964887857437134
0.8631619215011597
0.9913915395736694
0.8672373294830322
0.8298232555389404
0.9695273041725159
0.841540515422821
0.9785216450691223
0.9406893253326416
0.9872328639030457
0.9058024287223816
0.8059676289558411
0.9360844492912292
0.8476378917694092
0.968638002872467
0.8766675591468811
0.8542253971099854
0.9786466956138611
0.9615472555160522
0.7402620911598206
0.8510266542434692
0.9622752666473389
0.8832105398178101
0.9091526865959167
0.8139286041259766
0.9069106578826904
0.676464319229126
0.9652103781700134
0.8515692353248596
0.8394104242324829
0.9254772663116455
0.9778371453285217
0.7427219748497009
0.9246448874473572
0.7681624293327332
0.9021973013877869
1.0
0.7831957936286926
0.7755758166313171
0.7793834209442139
0.7661263346672058
0.9944660067558289
0.9305381178855896
0.8121384382247925
0.9041561484336853
0.9608083963394165
0.8680577874183655
0.9236885905265808
0.9211776256561279
0.7931559085845947
0.9887459874153137
0.8488080501556396
0.9605531096458435
0.9679250717163086
0.9493934512138367
0.8355500102043152
0.966359555721283
1.0
0.9123204350471497
0.9488346576690674
0.9572405815124512
0.9902633428573608
1.0
0.7142140865325928
0.8839262127876282
0.869744598865509
1.0
0.9448946714401245
0.9092802405357361
0.9017810821533203
0.6654247641563416
0.7528441548347473
1.0
0.8243471384048462
1.0
0.9146962761878967
0.7504234313964844
0.9457564353942871
0.8379531502723694
0.8885107636451721
0.9122675061225891
1.0
0.7640190124511719
0.9673306345939636
0.9452829957008362
0.9320915341377258
0.9528198838233948
0.915843665599823
0.7607842683792114
0.9669720530509949
0.9055652022361755
0.8445676565170288
0.8175998330116272
0.9063945412635803
0.9564763307571411
0.8553146123886108
0.9033133387565613
0.8567215800285339
0.8853327035903931
0.9671447277069092
0.9942842721939087
1.0
0.9755426645278931
0.8906612396240234
0.9682605862617493
0.8806850910186768
0.9245426058769226
0.8191068172454834
0.9789127111434937
0.9753272533416748
0.948632001876831
0.8370697498321533
0.8549212217330933
0.8502811193466187
0.9186796545982361
0.8872324228286743
0.8975730538368225
0.9526333808898926
0.8995676040649414
1.0
0.9568294286727905
0.8896256685256958
0.934505820274353
0.8546832799911499
0.9001035094261169
0.9076247215270996
0.8320367336273193
0.8593729734420776
0.8208221197128296
0.8904159069061279
0.9717053771018982
0.9052934646606445
0.9488314390182495
0.7825226783752441
0.9585044384002686
1.0
0.9275965094566345
0.9210560917854309
0.9668251276016235
0.8424742221832275
0.927147388458252
0.907654881477356
0.9691983461380005
0.9129922986030579
0.9060262441635132
1.0
0.9930676817893982
0.8572222590446472
0.8645586371421814
0.8849252462387085
0.8494207859039307
0.8497563600540161
1.0
0.7597226500511169
0.985806405544281
0.9039996266365051
0.791013240814209
1.0
0.9304381012916565
0.9683204293251038
0.8090425729751587
0.822160005569458
0.968079686164856
0.9365572929382324
0.9431987404823303
0.8250274658203125
1.0
0.8589200973510742
0.9543471336364746
0.968615710735321
0.7955376505851746
0.7208544015884399
0.9772423505783081
0.9891380667686462
0.857142448425293
0.9910115003585815
0.9810596704483032
0.9442703127861023
0.6562393307685852
0.8758423924446106
0.9608330130577087
0.7868868112564087
0.8060741424560547
0.8637004494667053
1.0
0.9283109307289124
0.8390365839004517
0.9083213806152344
0.963672935962677
0.8469868302345276
0.9526265859603882
0.9579517245292664
0.9896764755249023
0.9067814946174622
0.9827808737754822
0.9651644229888916
0.8981476426124573
0.894608736038208
1.0
0.8089269399642944
0.8930038809776306
0.9597348570823669
0.9868384003639221
0.9751112461090088
0.9221518039703369
0.9782646894454956
0.9836392998695374
0.8288353085517883
0.987060010433197
0.7691212892532349
1.0
0.8621227741241455
0.9105722308158875
0.8903969526290894
0.8506157398223877
0.9566034078598022
0.8798813819885254
0.8776292204856873
0.787028431892395
0.9377152323722839
1.0
0.9436898231506348
0.7906379103660583
1.0
0.8091552257537842
0.9508098363876343
0.8806965351104736
0.85930997133255
0.7796146273612976
0.8361752033233643
0.8497781157493591
0.9133346676826477
0.9574088454246521
0.986183762550354
0.8886255025863647
0.854089081287384
0.8233789801597595
0.9310803413391113
0.832988977432251
0.9116476774215698
0.8694970011711121
0.9340940713882446
0.8738631010055542
0.9332831501960754
0.967880129814148
0.9632327556610107
0.8360440731048584
1.0
1.0
0.896604597568512
0.9061243534088135
0.9017717242240906
0.987254798412323
0.8673086762428284
0.95425945520401
0.9439696073532104
0.7350755929946899
0.8918643593788147
0.8241751194000244
0.9684075713157654
1.0
0.8888880610466003
0.8085240125656128
0.8905441761016846
0.9014601707458496
0.927797257900238
1.0
0.8649744391441345
0.8885907530784607
0.9072484374046326
1.0
0.8516553640365601
0.9619559049606323
0.893892228603363
0.9202382564544678
0.8755837082862854
0.9385428428649902
1.0
0.8539495468139648
0.9041998982429504
0.8599621653556824
0.7408050298690796
0.6602837443351746
0.8720221519470215
1.0
0.9520699977874756
0.886136531829834
0.832635223865509
0.9005958437919617
0.905721127986908
0.9611592888832092
0.9861344695091248
0.8708680868148804
0.7301937341690063
0.9929566979408264
0.9008312225341797
0.783349871635437
0.8022279143333435
1.0
0.8025366067886353
0.9765936732292175
0.8462631106376648
0.9230207204818726
0.9101889133453369
0.9361187815666199
0.9076308012008667
0.9196124076843262
0.701013445854187
0.9539947509765625
0.7949538826942444
0.7715770602226257
0.9678753614425659
0.887790858745575
0.845196008682251
0.9623736143112183
0.8879169821739197
0.946780264377594
0.9112287163734436
0.8799465298652649
0.9568511843681335
0.9043906331062317
0.9575686454772949
0.9694095849990845
0.8869986534118652
0.9564253687858582
0.9718146920204163
0.9336119890213013
0.9058430194854736
0.8655139803886414
0.8516465425491333
0.9638809561729431
0.9474692344665527
0.8972100019454956
0.8264761567115784
0.888329803943634
1.0
0.8664053678512573
1.0
0.9311273694038391
0.9611284136772156
1.0
0.9302459955215454
0.870293378829956
0.9866159558296204
0.9462357759475708
0.8252392411231995
0.9042468667030334
0.8945091962814331
0.8636878728866577
0.8701877593994141
0.9041635990142822
0.6637162566184998
0.7784472107887268
0.9465678334236145
0.8980796933174133
0.9176079630851746
0.8799363970756531
0.9190288782119751
0.8432959914207458
1.0
0.8376542329788208
0.8836430907249451
0.8875395059585571
0.8438432812690735
0.7309631705284119
0.7445214986801147
0.9647255539894104
0.9738139510154724
0.9794762134552002
0.8914125561714172
0.8621020317077637
0.9010816216468811
0.8677497506141663
0.8888272047042847
0.9685576558113098
0.9546328783035278
0.8432048559188843
0.6984699964523315
0.9745537638664246
0.917606770992279
0.9244350790977478
0.8983232378959656
0.838145911693573
0.8098538517951965
0.8998329043388367
0.9679770469665527
1.0
1.0
0.9216196537017822
0.8915692567825317
0.9063820242881775
0.8782486915588379
0.8760712146759033
0.87279212474823
0.9180524945259094
0.9383333921432495
0.994575560092926
0.7422240376472473
0.9292722344398499
0.9825730323791504
1.0
0.9607243537902832
0.9578917026519775
0.9527495503425598
0.921139657497406
0.9341439008712769
0.9828888177871704
0.9073338508605957
0.9618117809295654
0.861402153968811
0.7820717692375183
0.8912240266799927
0.8985500335693359
0.9180642366409302
0.9246076345443726
0.8380647897720337
0.8921762108802795
0.7581085562705994
0.8727579712867737
0.8485032320022583
1.0
0.9795289039611816
0.8188992142677307
0.8906527757644653
0.8678531646728516
0.9076656103134155
0.8247863054275513
0.9103487730026245
0.9225692749023438
0.8016352653503418
0.8471753001213074
0.8528106808662415
0.7644582986831665
0.8063858151435852
0.9118634462356567
0.9329187273979187
0.954801619052887
0.8724161386489868
0.9412078857421875
0.9037861227989197
1.0
0.9265626072883606
0.9151503443717957
0.9265478849411011
0.9224314093589783
0.8693204522132874
0.8430180549621582
0.9347255825996399
0.9655131697654724
0.9297656416893005
0.9633582234382629
0.9415626525878906
0.9222726821899414
0.7837486267089844
0.837073564529419
0.9392914772033691
0.8257780075073242
0.7945500016212463
0.9688012599945068
0.8420776724815369
0.917552649974823
0.9688712954521179
0.9492812156677246
0.9734315276145935
0.8663522601127625
0.9363651275634766
0.8990700840950012
0.8380205631256104
0.9331406950950623
0.906892716884613
0.8523972630500793
0.7880985736846924
0.9705035090446472
1.0
0.9829559922218323
0.9108284115791321
0.8756375312805176
0.8777698874473572
0.6952247619628906
1.0
0.9245862364768982
1.0
0.7955624461174011
0.869551956653595
0.933364987373352
0.8579155206680298
0.87770015001297
0.8666666746139526
0.8866815567016602
0.8168936371803284
0.8809638619422913
0.9303735494613647
0.9529772400856018
0.8746174573898315
0.8108568787574768
0.7959542274475098
0.9610825777053833
0.7111487984657288
0.9480424523353577
0.9245886206626892
0.891103208065033
0.8058114051818848
0.8709931969642639
0.9597417712211609
0.8350465893745422
0.9804628491401672
0.8974742889404297
0.8530510067939758
0.6309466361999512
0.9573558568954468
0.8881951570510864
0.9830638766288757
0.8565095067024231
0.966903030872345
0.9765406847000122
0.8728179335594177
0.7876667976379395
0.9215805530548096
0.8615826964378357
0.942901074886322
0.817051887512207
0.9775282144546509
0.957616925239563
0.8486888408660889
0.9666600823402405
1.0
0.7383917570114136
0.9464256167411804
0.8380969762802124
0.8911696672439575
0.7983578443527222
0.8518721461296082
0.8611370325088501
0.8948881030082703
0.8017734289169312
0.8517166972160339
0.9784825444221497
0.9815478324890137
0.9331122040748596
0.8879700899124146
0.902828574180603
0.9188143014907837
0.8656991720199585
0.9259471297264099
0.843772828578949
1.0
0.6327356100082397
1.0
0.918806254863739
0.8510895371437073
0.9106442332267761
0.790604293346405
0.9452366232872009
0.9784673452377319
0.9458715319633484
0.8477911353111267
0.8913716077804565
0.828364372253418
0.875886857509613
1.0
0.9627653956413269
0.8707981109619141
1.0
0.9280389547348022
0.9218347072601318
0.9672569036483765
0.8627916574478149
0.9317327737808228
0.8387051224708557
0.8266382813453674
0.8551349639892578
0.9648522138595581
0.7824785113334656
0.7735434174537659
0.9566248059272766
0.8546745181083679
0.9344807267189026
1.0
0.8781223297119141
0.9439638257026672
0.8997557163238525
0.8898137807846069
0.8506691455841064
0.9223998188972473
0.949124813079834
