0.9185513257980347
0.7108852863311768
0.9703864455223083
0.9667866230010986
0.8474782109260559
0.8495327234268188
0.9114025831222534
0.9781708717346191
0.992828905582428
0.9575105309486389
0.9626747369766235
0.9968013763427734
0.9802305698394775
0.9984762072563171
0.979778528213501
0.976000189781189
0.9624039530754089
0.9338083863258362
0.7907367944717407
0.9810841083526611
0.9739207029342651
0.8452382683753967
0.885278582572937
0.5796784162521362
0.6608995795249939
0.9902432560920715
0.940530002117157
0.8770190477371216
0.9828542470932007
0.9563465714454651
0.9339308738708496
0.963569164276123
0.9545170664787292
0.9590583443641663
0.9066522717475891
0.9316831231117249
0.8864909410476685
0.8121722340583801
0.7576649785041809
0.8506217002868652
0.8345919847488403
0.9636256098747253
0.9842708110809326
0.9627540707588196
0.6953448057174683
0.7521910071372986
0.9624944925308228
0.9213513135910034
0.9861958026885986
0.9592341780662537
0.9937214851379395
0.9938221573829651
0.9809228181838989
0.9444743990898132
0.8974906206130981
0.952538251876831
0.9215484857559204
0.904682457447052
0.9532409310340881
0.8779290914535522
0.9175610542297363
0.9251887202262878
0.9691950082778931
0.9761474132537842
0.8849968910217285
0.981988787651062
0.991272509098053
0.9860289692878723
0.9857443571090698
0.9331740736961365
0.9867374300956726
0.9177715182304382
0.9801944494247437
0.9094005823135376
0.9128811359405518
0.9305530786514282
0.946826159954071
0.7948206067085266
0.7099937200546265
0.9833343029022217
0.9899183511734009
0.9539095759391785
0.9727856516838074
0.9291481375694275
0.9814251661300659
0.7964825630187988
0.9662836194038391
0.9811273813247681
0.9465489983558655
0.9883564710617065
0.9647136926651001
0.9778493046760559
0.9341092109680176
0.9399014115333557
0.7454646825790405
0.9968516826629639
0.895918607711792
0.925857424736023
0.9236635565757751
0.994886040687561
0.6658269762992859
0.9022841453552246
0.6497918367385864
0.838891863822937
0.9391863942146301
0.9747650027275085
0.9619800448417664
0.9799137711524963
0.9818693995475769
0.9256703853607178
0.9941624402999878
0.9065995812416077
0.9617450833320618
0.7603414058685303
0.9609223008155823
0.9106871485710144
0.9973240494728088
0.9509615302085876
0.9286133646965027
0.8152319192886353
0.953055202960968
0.9615883827209473
0.8887869715690613
0.5566594004631042
0.9850654602050781
0.9285364151000977
0.9789901971817017
0.9010460376739502
0.707842230796814
0.9061275124549866
0.958435595035553
0.9573258757591248
0.9048874378204346
0.9815648794174194
0.9697564244270325
0.6777625679969788
0.9890933036804199
0.9274023175239563
0.9761736392974854
0.9898731112480164
0.9470890164375305
0.8743368983268738
0.9380976557731628
0.9681371450424194
0.8980193734169006
0.906803548336029
0.9289264678955078
0.8237825632095337
0.996993362903595
0.8308104276657104
0.9926711916923523
0.8932601809501648
0.9822625517845154
0.9982730746269226
0.9858478307723999
0.8596321940422058
0.7967880964279175
0.823340654373169
0.9558960199356079
0.7898871898651123
0.954281210899353
0.9390345215797424
0.9275617003440857
0.8441441655158997
0.8514370322227478
0.9896994233131409
0.8371214270591736
0.9619600772857666
0.9727224707603455
0.8848576545715332
0.8352488279342651
0.9621044993400574
0.9905561208724976
0.9146277904510498
0.954704761505127
0.9575222730636597
0.9042026996612549
0.9944494962692261
0.9034385681152344
0.8979997038841248
0.9883130192756653
0.9359170198440552
0.8057186603546143
0.9868525862693787
0.6281433701515198
0.9693360328674316
0.8649819493293762
0.7648460865020752
0.9738983511924744
0.8742318153381348
0.9419825673103333
0.38683629035949707
0.8626981973648071
0.9342572093009949
0.8575254082679749
0.9198012948036194
0.998071551322937
0.7774193286895752
0.9247134327888489
0.9193297624588013
0.9518899321556091
0.9993525743484497
0.93470698595047
0.8193026781082153
0.7773470878601074
0.4663178622722626
0.9785823822021484
0.9671626091003418
0.8439732789993286
0.9769598841667175
0.9756184816360474
0.7517969012260437
0.982193648815155
0.9631666541099548
0.7928498387336731
0.9788073897361755
0.9693794846534729
0.9866508841514587
0.9726203680038452
0.9589268565177917
0.9035528898239136
0.9816648364067078
0.9547329545021057
0.883892297744751
0.9536411762237549
0.7744090557098389
0.9202787280082703
0.9633955359458923
0.6750636100769043
0.8101997375488281
0.9268625974655151
0.9946242570877075
0.9761829376220703
0.8902719616889954
0.9873114824295044
0.6362422704696655
0.9246803522109985
0.9981683492660522
0.962510883808136
0.9956066012382507
0.9844306707382202
0.8826325535774231
0.9798371195793152
0.7784491181373596
0.9392805695533752
0.9625606536865234
0.9343683123588562
0.8513277173042297
0.9547185897827148
0.9905068874359131
0.9498688578605652
0.9557978510856628
0.9662753343582153
0.8095293045043945
0.983772873878479
0.9866621494293213
0.6374568939208984
0.8692954778671265
0.9817697405815125
0.766729474067688
0.8476567268371582
0.7379852533340454
0.9423407912254333
0.9607046246528625
0.9764671325683594
0.9734718799591064
0.976001501083374
0.9721407890319824
0.9153335094451904
0.9793397188186646
0.8257261514663696
0.9751662015914917
0.6529117226600647
0.9913879036903381
0.9968861937522888
0.9890251755714417
0.9201335906982422
0.8541302680969238
0.9111501574516296
0.9921041131019592
0.9741146564483643
0.9196332693099976
0.7096120119094849
0.8778595328330994
0.964553713798523
0.979406476020813
0.9171520471572876
0.993593156337738
0.9066824913024902
0.9776090979576111
0.917663037776947
0.5804612040519714
0.7791017889976501
0.8954170942306519
0.8082208633422852
0.9766737222671509
0.9842472672462463
0.9746303558349609
0.8777520060539246
0.9853143692016602
0.8276108503341675
0.9599128365516663
0.9432275295257568
0.8137279748916626
0.9460271596908569
0.9775553941726685
0.981083869934082
0.9845966100692749
0.9226248264312744
0.975126326084137
0.989274799823761
0.962110161781311
0.9282408952713013
0.9626192450523376
0.9633157849311829
0.9055150747299194
0.8085699677467346
0.9613523483276367
0.8872461915016174
0.9958112239837646
0.9645140171051025
0.7491495609283447
0.9819348454475403
0.9466339349746704
0.7967211604118347
0.6214229464530945
0.7095732092857361
0.93954998254776
0.957902729511261
0.9248152375221252
0.8976043462753296
0.9801363348960876
0.8787214756011963
0.9187324047088623
0.9879899024963379
0.943364679813385
0.622000515460968
0.9663094282150269
0.9926725625991821
0.8888165950775146
0.9822003245353699
0.88627690076828
0.9875384569168091
0.7578222751617432
0.9037184715270996
0.9208592772483826
0.6659979224205017
0.8064088821411133
0.7776190638542175
0.9848284125328064
0.9797329902648926
0.8870428800582886
0.9786937832832336
0.9225166440010071
0.903387188911438
0.9588188529014587
0.9964405298233032
0.9873945116996765
0.9874065518379211
0.9409942626953125
0.8700788021087646
0.9495683908462524
0.896072268486023
0.8930599093437195
0.8103415369987488
0.7816641330718994
0.8342479467391968
0.9893466234207153
0.9567775130271912
0.9666048288345337
0.9584678411483765
0.9669881463050842
0.8048057556152344
0.9933837652206421
0.8840450644493103
0.8490621447563171
0.9683524370193481
0.9808819890022278
0.9669709205627441
0.9635383486747742
0.8752694725990295
0.8438712954521179
0.9501079320907593
0.6215682029724121
0.9880426526069641
0.9536747336387634
0.9863879680633545
0.7522706985473633
1.0
0.9374651908874512
0.9469128251075745
0.957919180393219
0.948573648929596
0.8531110882759094
0.9001303315162659
0.84808748960495
0.9409977197647095
0.90081787109375
0.9891687631607056
0.9735625386238098
0.8288905620574951
0.883536159992218
0.9403302669525146
0.8811259865760803
0.8564414978027344
0.9824734926223755
0.9115900993347168
0.9484265446662903
0.9800865054130554
0.9202771782875061
0.9652339220046997
0.9648177623748779
0.9940788149833679
0.8838659524917603
0.7812742590904236
0.6370880603790283
0.9898055791854858
0.9993159174919128
0.6397939324378967
0.9888005256652832
0.9553833603858948
0.6213392615318298
0.8698007464408875
0.7775704860687256
0.973212718963623
0.9962994456291199
0.9274000525474548
0.8419118523597717
0.8869369029998779
0.8603168725967407
0.9891102313995361
0.9613595604896545
0.8393861651420593
0.9616478681564331
0.9711295962333679
0.982589602470398
0.9348862171173096
0.9868776798248291
0.8684367537498474
0.9602532982826233
0.9374721050262451
0.990313708782196
0.9969281554222107
0.8743150234222412
0.9216133952140808
0.7289115190505981
0.8177267909049988
0.5877540111541748
0.8729254007339478
0.8490067720413208
0.9969432950019836
0.9519941806793213
0.8480151891708374
0.9823415875434875
0.9769545793533325
0.850857138633728
0.9422299265861511
0.9288365244865417
0.8027740120887756
0.9939277172088623
0.9441912174224854
0.754798412322998
0.8263540267944336
0.9616934657096863
0.8689404129981995
0.8790146708488464
0.9005953073501587
0.9894803762435913
0.9941542148590088
0.9907209873199463
0.9873104691505432
0.947231650352478
0.7922087907791138
0.9195060729980469
0.8155022263526917
0.802087664604187
0.8952871561050415
0.7427536845207214
0.8482128977775574
0.7318231463432312
0.9668901562690735
0.9548927545547485
0.9754546284675598
0.9579511284828186
0.9837455749511719
0.9593471884727478
0.9934003353118896
0.9615663290023804
0.9730225801467896
0.9927021265029907
0.8653128743171692
0.9774733781814575
0.9318425059318542
0.9663527011871338
0.9622868895530701
0.9750460982322693
0.9767431020736694
0.972969114780426
0.6356714963912964
0.8802399039268494
0.9879544377326965
0.9067144989967346
0.8817575573921204
0.9743751287460327
0.919206440448761
0.9753771424293518
0.9871683716773987
0.8452379703521729
0.9254996180534363
0.9554755687713623
0.9112759828567505
0.975736141204834
0.8496071696281433
0.9698450565338135
0.9432790875434875
0.9481159448623657
0.796998918056488
0.7899661064147949
0.9515380263328552
0.9457371830940247
0.954240083694458
0.9309849143028259
0.8846883773803711
0.9030956029891968
0.9807649850845337
0.9568619132041931
0.6513584852218628
0.9285923838615417
0.9752428531646729
0.9019889235496521
0.6001087427139282
0.9333323240280151
0.9884710311889648
0.9112359881401062
0.9834487438201904
0.8875419497489929
0.8652516007423401
0.9356027841567993
0.9752016663551331
0.9891374707221985
0.9732927680015564
0.7653973698616028
0.7521910071372986
0.9805867075920105
0.8756960034370422
0.9700121283531189
0.8229429721832275
0.8098507523536682
0.8332864046096802
0.8005752563476562
0.9929651021957397
0.9857722520828247
0.9963926672935486
0.9373465180397034
0.9449974894523621
0.9365622997283936
0.951474666595459
0.9218904972076416
0.9290218949317932
0.9721421003341675
0.9890229105949402
0.9938502311706543
0.8365134596824646
0.7888652086257935
0.9897221922874451
0.9867291450500488
0.9744744300842285
0.9911938905715942
0.9680248498916626
0.9773133993148804
0.9309619069099426
0.9770545959472656
0.9668880701065063
0.9879595637321472
0.7732092142105103
0.9127711653709412
0.8994854688644409
0.973567008972168
0.9284075498580933
0.8986021876335144
0.7226734161376953
0.9343189597129822
0.6486807465553284
0.9639676809310913
0.9620377421379089
0.9580274820327759
0.9797508120536804
0.924801230430603
0.9286326766014099
0.9525322318077087
0.7043659687042236
0.8513464331626892
0.9756315350532532
0.9702395796775818
0.8131561875343323
0.6474088430404663
0.837827205657959
0.900066077709198
0.7163246273994446
0.968497097492218
0.6753186583518982
0.9034690856933594
0.862794041633606
0.9834770560264587
0.9789627194404602
0.9527808427810669
0.9550614356994629
0.9542760252952576
0.9709145426750183
0.9846406579017639
0.746630847454071
0.7741726040840149
0.9699082374572754
0.8260330557823181
0.9842115640640259
0.7472366690635681
0.985794723033905
0.9021521806716919
0.9355383515357971
0.72190922498703
0.9783036708831787
0.8458266258239746
0.8099983334541321
0.9601383805274963
0.8309851884841919
0.9803045988082886
0.9680631756782532
0.9523335695266724
0.9260786175727844
0.6790316104888916
0.8884902596473694
0.9191977977752686
0.9070135354995728
0.9801333546638489
0.9635664224624634
0.938635528087616
0.7274501323699951
0.9480005502700806
0.9696041345596313
0.9908503293991089
0.9303970336914062
0.7545148730278015
0.8474782109260559
0.5700148940086365
0.987642228603363
0.9662160873413086
0.9940028190612793
0.7578924894332886
0.9599966406822205
0.9887948632240295
0.9044461250305176
0.9848183989524841
0.9915898442268372
0.9452359676361084
0.7656863331794739
0.9571294188499451
0.9430958032608032
0.9861844778060913
0.9113953113555908
0.8344312906265259
0.7841098308563232
0.917669415473938
0.63104647397995
0.9463351368904114
0.812147319316864
0.9753828048706055
0.9156926274299622
0.8801944255828857
0.9894240498542786
0.95899498462677
0.9974695444107056
0.9766397476196289
0.8814878463745117
0.536651074886322
0.9469165802001953
0.9558368921279907
0.9814171195030212
0.949401319026947
0.9861887693405151
0.970600426197052
0.9038392305374146
0.9063611626625061
0.9681100845336914
0.9517842531204224
0.9574831128120422
0.8422946333885193
0.9614313840866089
0.9786019325256348
0.9249411225318909
0.8973687291145325
0.9348699450492859
0.6447942852973938
0.898408055305481
0.805072009563446
0.953212320804596
0.9007258415222168
0.9447453618049622
0.9578168392181396
0.9664413332939148
0.939111053943634
0.9717808961868286
0.9644509553909302
0.978517472743988
0.9774389863014221
0.9442161321640015
0.9299076795578003
0.8673813343048096
0.8764039874076843
0.7366500496864319
0.819332480430603
0.9633683562278748
0.562718391418457
0.8727733492851257
0.955186665058136
0.8606376051902771
0.9790947437286377
0.7539426684379578
0.9663990139961243
0.9871082305908203
0.8566545248031616
0.8325534462928772
0.9452783465385437
0.886684000492096
0.9608375430107117
0.9749775528907776
0.9765859842300415
0.877406120300293
0.976977527141571
0.9762387275695801
0.9623690247535706
0.983974814414978
0.9133880138397217
0.9746453762054443
0.5281400680541992
0.9277417659759521
0.9682857394218445
0.9826334714889526
0.693061113357544
0.9229111075401306
0.9752905964851379
0.9311681985855103
0.9744561314582825
0.9700866341590881
0.9508242607116699
0.9779022932052612
0.9690761566162109
0.9615376591682434
0.9596914649009705
0.9365257024765015
0.9763135313987732
