0.9872184991836548
0.9215875864028931
0.9818006753921509
0.9873530268669128
0.9165343046188354
0.7944214940071106
0.9620224237442017
0.9766534566879272
0.9440775513648987
0.9906846880912781
0.9904382228851318
0.9974575042724609
0.9982720613479614
0.9989613890647888
0.719299852848053
0.9938102960586548
0.9609694480895996
0.9501686096191406
0.9813261032104492
0.9898751974105835
0.9510186314582825
0.9504039287567139
0.9763833284378052
0.9679999351501465
0.9232053160667419
0.9945071339607239
0.9886021018028259
0.9691532254219055
0.9903475046157837
0.9190200567245483
0.9794483184814453
0.9888181686401367
0.9211176633834839
0.9949242472648621
0.9571395516395569
0.8999097347259521
0.9727956056594849
0.9774860143661499
0.9950792789459229
0.9462695121765137
0.8131689429283142
0.9814639687538147
0.9891273379325867
0.9961943626403809
0.9848664402961731
0.9673976302146912
0.9703624248504639
0.9862698316574097
0.9821094274520874
0.9959825277328491
0.9604801535606384
0.9867090582847595
0.9817579388618469
0.9622558355331421
0.979392409324646
0.9694254398345947
0.9673997759819031
0.9807255268096924
0.9859384298324585
0.9594156742095947
0.9912706613540649
0.9929089546203613
0.9915819764137268
0.9744899272918701
0.8682909607887268
0.9999997615814209
0.9822715520858765
0.980105459690094
0.965058445930481
0.9916607141494751
0.9394490122795105
0.9100285768508911
0.9883735775947571
0.9757229685783386
0.8620743751525879
1.0
0.9910547137260437
0.9849951863288879
0.8899548649787903
0.9757243394851685
0.9936562180519104
0.9862732291221619
0.893984317779541
0.9332217574119568
0.9917995929718018
0.9786763191223145
0.93132483959198
0.9561315774917603
0.9909914135932922
0.9704249501228333
0.9476011991500854
0.9864799380302429
0.9274955987930298
0.9839627146720886
0.9534270763397217
0.9957888126373291
0.8786473274230957
0.9495207071304321
0.9824904799461365
0.9945459365844727
0.9848100543022156
0.9727137088775635
0.9542566537857056
0.9963534474372864
0.9971181154251099
0.9943761825561523
0.9683323502540588
0.9852869510650635
0.9916551113128662
0.995628833770752
0.9994048476219177
0.9852272272109985
0.9167209267616272
0.9627276659011841
0.9739013910293579
0.9999996423721313
0.9729349613189697
0.974712610244751
0.9283945560455322
0.8263748288154602
0.9719699025154114
0.9829126000404358
0.9761404991149902
0.9983319044113159
0.9784232378005981
0.9545100927352905
0.9926717877388
0.9908075928688049
0.9771404266357422
0.9192765951156616
0.9883841872215271
0.966960608959198
0.9739054441452026
0.9985519051551819
0.9797954559326172
0.9866057634353638
0.9716041088104248
0.9765772223472595
0.9685165286064148
0.9951018691062927
0.9852858781814575
0.963107705116272
0.9906980991363525
0.9967643022537231
0.989719033241272
0.9818966388702393
0.9839184284210205
0.9621638059616089
0.9956450462341309
0.9807118773460388
0.9300545454025269
0.9521844387054443
0.995424747467041
0.9988598227500916
0.9837556481361389
0.8379278779029846
0.8015056848526001
0.9775506854057312
0.9880855083465576
0.9869354367256165
0.9974843263626099
0.9757115840911865
0.9851189255714417
0.9862151145935059
0.9852774739265442
0.9828466176986694
0.9753104448318481
0.9715133309364319
0.9927412867546082
0.9780387282371521
0.9990924596786499
0.9808262586593628
0.9966166615486145
0.9394252300262451
0.9908526539802551
0.946125864982605
0.9066912531852722
0.9981653690338135
0.9503918290138245
0.9902716279029846
0.9510973691940308
0.9634789228439331
0.9809220433235168
0.9927220940589905
0.9665520191192627
0.9975847005844116
0.9931846857070923
0.9826922416687012
0.8692136406898499
0.8409124612808228
0.9628962278366089
0.8738951086997986
0.9830705523490906
0.9780633449554443
0.9809429049491882
0.9734454154968262
0.9998246431350708
0.9829727411270142
0.9957653880119324
0.965620219707489
0.9788991808891296
0.999993622303009
0.966773271560669
0.8729553818702698
0.9709854125976562
0.9952535629272461
0.9979339241981506
0.9877628087997437
0.9554350972175598
0.9941708445549011
0.8993852138519287
0.9544270038604736
0.9940222501754761
0.9976654648780823
0.9874086976051331
0.9880726933479309
0.9856834411621094
0.9853629469871521
0.9818440675735474
0.9452161192893982
0.9816576242446899
0.9964519739151001
0.9994519948959351
0.9862908124923706
0.91256183385849
0.8641290068626404
0.9857271313667297
0.9919451475143433
0.7629788517951965
0.9291910529136658
0.9862799048423767
0.9977599382400513
0.9664023518562317
0.982175350189209
0.998859167098999
0.8816816806793213
0.9687020778656006
0.9822925925254822
0.9643720388412476
0.9950762391090393
0.9836028814315796
0.977066159248352
0.9925041794776917
0.9867737889289856
0.9863637089729309
0.9610141515731812
0.9321905374526978
0.9887162446975708
0.9863168001174927
0.9931782484054565
0.973289966583252
0.9996687769889832
0.9974806904792786
0.9827398657798767
0.9875842928886414
0.9924313426017761
0.7613694071769714
0.9664503931999207
0.9918332695960999
0.9516046643257141
0.9314950108528137
0.9914188981056213
0.9415212273597717
0.9813513159751892
0.9843433499336243
0.9986264705657959
0.9760743379592896
0.9926866292953491
0.926819384098053
0.9849872589111328
0.9992034435272217
0.9922463297843933
0.9645681381225586
0.8776397109031677
0.9946098923683167
0.9918585419654846
0.9916408658027649
0.9753744602203369
0.9918690919876099
0.9428603053092957
0.9568902850151062
0.9923418760299683
0.9828540682792664
0.9790839552879333
0.9928469657897949
0.9832441806793213
0.8824378848075867
0.9647578597068787
0.9538339376449585
0.9787620306015015
0.9632002711296082
0.9812318682670593
0.9923794269561768
0.874891996383667
0.9632868766784668
0.9866857528686523
0.9784494042396545
0.9805282354354858
0.9588156342506409
0.9901115894317627
0.9693026542663574
0.9469923973083496
0.8816435933113098
0.964728832244873
0.9781143069267273
0.9123456478118896
0.9788142442703247
0.9888870120048523
0.9744884967803955
0.9947340488433838
0.9999999403953552
0.9970068335533142
0.9861451983451843
0.8875346183776855
0.9951655268669128
0.9933302998542786
0.991378128528595
0.9918655753135681
0.9853320121765137
0.9944152235984802
0.9290591478347778
0.7308160066604614
0.9793157577514648
0.9640963673591614
0.9823660254478455
0.9999766945838928
0.9464000463485718
0.9654335975646973
0.9653894901275635
0.7891128659248352
0.9778908491134644
0.9999513626098633
0.9846741557121277
0.9882107973098755
0.989058256149292
0.9239039421081543
0.9546030163764954
0.9885362982749939
0.9877759218215942
0.9535647630691528
0.9791848063468933
0.9831332564353943
0.8959366679191589
0.7910451889038086
0.9784354567527771
0.9662750959396362
0.9804381132125854
0.6762478351593018
0.9990608096122742
0.9847360253334045
0.9777773022651672
0.7152833938598633
0.9842799305915833
0.9408445954322815
0.945368230342865
0.9767431616783142
0.9930016398429871
0.9909681081771851
0.9862422347068787
0.9778658747673035
0.9646580815315247
0.9482099413871765
0.9705459475517273
0.979751467704773
0.9556211829185486
0.9889951348304749
0.9921582937240601
0.9895282983779907
0.9909317493438721
0.9973577260971069
0.9526184797286987
0.9845755100250244
0.9295633435249329
0.9936818480491638
0.8767200708389282
0.984112560749054
0.9922667741775513
0.9960818886756897
0.914310097694397
0.9687846899032593
0.9399920701980591
0.9833811521530151
0.9773932695388794
0.9693119525909424
0.9889254570007324
0.9700549244880676
0.9877489805221558
0.9305643439292908
1.0
0.9781948924064636
0.9322093725204468
0.966458261013031
0.987718403339386
0.9920259118080139
0.9632737636566162
0.9805335998535156
0.8821635842323303
0.9490302205085754
0.9831212162971497
0.9602710604667664
0.9383713603019714
0.9215012788772583
0.9196084141731262
0.9445430040359497
0.9626832604408264
0.9840017557144165
0.8887898921966553
0.9863743185997009
0.9509191513061523
0.9408568143844604
0.9870039224624634
0.9596989750862122
0.9824910163879395
0.9797605872154236
0.9870669841766357
0.9179345965385437
0.9924806356430054
0.998468816280365
0.9664673209190369
0.9914792776107788
0.994210422039032
0.9468319416046143
0.9251922965049744
0.9492640495300293
0.9886422753334045
0.9935877919197083
0.9462777972221375
0.9756121635437012
0.9702232480049133
0.9326633810997009
0.9963504076004028
0.954926609992981
0.9346664547920227
0.9581248164176941
0.9516687393188477
0.9971674680709839
0.9905992746353149
0.9586161375045776
0.9853593111038208
0.9863242506980896
0.9806734919548035
0.9625861644744873
0.9926522374153137
0.9435959458351135
0.9730924963951111
0.9608154296875
0.9728561639785767
0.9657411575317383
0.9952513575553894
0.9835702180862427
0.9972627758979797
0.9877413511276245
0.9689692854881287
0.9852567911148071
0.9678941369056702
0.9904155731201172
0.9967046976089478
0.9873015284538269
0.5030065178871155
0.9956656098365784
0.968185544013977
0.8709920644760132
0.9935126900672913
0.9486280679702759
0.9106239080429077
0.9911877512931824
0.7837399840354919
0.9505915641784668
0.9842333197593689
0.9851158261299133
0.9880285859107971
0.8867701292037964
0.9186965227127075
0.9930625557899475
0.8429893255233765
0.8396905660629272
0.9992126226425171
0.9528687000274658
0.9919537305831909
0.9625380635261536
0.9541975259780884
0.9810571074485779
0.9852922558784485
0.9950028657913208
0.9808765649795532
0.9487091302871704
0.9956187605857849
0.9944858551025391
0.9860966205596924
0.9406207799911499
0.9766573905944824
0.9873364567756653
0.9720618724822998
0.9879331588745117
0.9729298949241638
0.9859462380409241
0.9832015633583069
0.9788838624954224
0.9838982224464417
0.7235530614852905
0.9887884259223938
0.9842227101325989
0.997932493686676
0.9602294564247131
0.9976797103881836
0.9985843300819397
0.9585441946983337
0.8129335045814514
0.9932851195335388
0.9928324222564697
0.9802892804145813
0.9905733466148376
0.9844398498535156
0.9560679793357849
0.9737489819526672
0.9863272309303284
0.7114839553833008
0.9488404393196106
0.9750744104385376
0.9716547727584839
0.9862391948699951
0.9928138256072998
0.9825335741043091
0.9019192457199097
0.9793591499328613
0.9164993166923523
0.9531994462013245
0.9312452077865601
0.9666728973388672
0.8902696371078491
0.9466565847396851
0.952997088432312
0.9929927587509155
0.9993163347244263
0.9751168489456177
0.9957107901573181
0.9664424657821655
0.9748708009719849
0.99130779504776
0.9750464558601379
0.9671247601509094
0.9816712141036987
0.9673976302146912
0.9718508720397949
0.9251534938812256
0.9775084853172302
0.9867323637008667
0.9893501400947571
0.9690132141113281
0.9809826016426086
0.9643664956092834
0.9989274144172668
0.9992135167121887
0.9691444635391235
0.9930623173713684
0.9822453856468201
0.9826900959014893
0.9829564094543457
0.9701804518699646
0.9278121590614319
0.9945738315582275
0.995867133140564
0.9500600695610046
0.9480097889900208
0.9768995642662048
0.9976370930671692
0.970298707485199
0.9973444938659668
0.991106390953064
0.9660131931304932
0.9834234714508057
0.9795112013816833
0.9212194085121155
0.9793921709060669
0.952754020690918
0.9908730387687683
0.9920639395713806
0.9911417365074158
0.9991281032562256
0.9998722076416016
0.9618804454803467
0.9808012247085571
0.9873958826065063
0.9674181938171387
0.9833983182907104
0.9592171311378479
0.9859410524368286
0.9323261976242065
0.9610732197761536
0.932485818862915
0.8616004586219788
0.9878163933753967
0.9944396615028381
0.9960967302322388
0.9798683524131775
0.9337652921676636
0.8969467282295227
0.983838677406311
0.7437978386878967
0.9696269035339355
0.9953473806381226
0.9132801294326782
0.9707214832305908
0.9877683520317078
0.9835146069526672
0.9938347935676575
0.9784040451049805
0.8822572231292725
0.9906184673309326
0.9863520264625549
0.9630284309387207
0.9855045080184937
0.9967300295829773
0.766200602054596
0.953942060470581
0.9905837178230286
0.9840881824493408
0.9842885136604309
0.942746639251709
0.966678261756897
0.8388234972953796
0.9360670447349548
0.9499436616897583
0.9975142478942871
0.9764186143875122
0.9799898266792297
0.974887490272522
0.9781302213668823
0.9943245053291321
0.9814243912696838
0.9661827087402344
0.8773764967918396
0.9344395399093628
0.9777728915214539
0.9951261878013611
0.9893521666526794
0.6249732375144958
0.9923522472381592
0.9915322065353394
0.9807250499725342
0.9918082356452942
0.9545005559921265
0.9165343046188354
0.9657288789749146
0.9993948936462402
0.9938702583312988
0.9903241991996765
0.9807630777359009
0.9887580871582031
0.9940560460090637
0.9843878149986267
0.961506187915802
0.9774380922317505
0.9976430535316467
0.9766890406608582
0.8739566802978516
0.9752660989761353
0.9978387355804443
0.8905752301216125
0.9351834058761597
0.6308297514915466
0.9924383163452148
0.9610995054244995
0.9802193641662598
0.9936388731002808
0.9670219421386719
0.9562317728996277
0.9602489471435547
0.9898881316184998
0.9756081104278564
0.9919160604476929
0.9684998393058777
0.99555504322052
0.9699352383613586
0.9976683855056763
0.9533599019050598
0.9819480776786804
0.9797120690345764
0.9916275143623352
0.9841592311859131
0.8970580101013184
0.9235601425170898
0.9618027806282043
0.9140116572380066
0.9983317255973816
0.9945576786994934
0.997056782245636
0.9590269923210144
0.7052977681159973
0.7718967795372009
0.9999999403953552
0.9737853407859802
0.9619983434677124
0.9578115344047546
0.8766139149665833
0.9477254748344421
0.9785645008087158
0.9192847013473511
0.9401642680168152
0.9714009761810303
0.9907256960868835
0.9874874949455261
0.9894840717315674
0.9699411988258362
0.9886881113052368
0.9915128946304321
0.9873137474060059
0.9683975577354431
0.9890780448913574
0.9581384658813477
0.978808581829071
0.9196817278862
0.9999999403953552
0.9467883110046387
0.9924967885017395
0.9944925308227539
0.9321562647819519
0.9886542558670044
0.9881352186203003
0.9934551119804382
0.96214759349823
0.996185302734375
0.9501039385795593
0.9919236898422241
0.9974079728126526
0.9878405332565308
0.9683045744895935
1.0
0.9487751126289368
0.9827667474746704
0.9944015145301819
0.982282817363739
0.9954824447631836
0.9824318885803223
0.981584370136261
0.9869656562805176
0.9963277578353882
0.7473184466362
0.9719979763031006
0.9942678809165955
0.9220384955406189
0.9842010736465454
0.9807508587837219
0.9849871397018433
0.9604324698448181
0.9549551606178284
0.9889366030693054
0.9731081128120422
0.9553310871124268
0.9773551821708679
