0.6271563603940915
0.6288911651668616
0.6202354187744603
0.7072939742936226
0.6040277889293835
0.41689542867307045
0.52674999486312
0.7457568659094169
0.7358760198613766
0.5527488093704219
0.6560554209247036
0.8508532670551352
0.9136481572393169
0.7549428579012214
0.6800286741991022
0.7222319231291681
0.5908870971031406
0.6103183092738651
0.5835717499063499
0.8074189003058945
0.6378041377981387
0.5308774475640197
0.5331859942513489
0.5310623678623898
0.6432887347240189
0.7343607930687556
0.6092317136853895
0.5652070276958785
0.8997245555233855
0.5981102552263674
0.7702001388295195
0.6133496012037504
0.6195787993629295
0.8905354785514752
0.7590988371183347
0.5332689358279087
0.5095175617129697
0.5262959559980411
0.6171910687761051
0.5213527388600981
0.626853483114584
0.5773959410661745
0.6226801262669519
0.6971273231518162
0.7212295259759941
0.6622232750715358
0.7601828851891422
0.5863897010962678
0.7834045526109301
0.782333600024918
0.7934955271295293
0.9748307336944438
0.7294186147458472
0.5550980420518913
0.5883597754951972
0.5719062830940163
0.6128668008609293
0.5516050913035753
0.6476016784106386
0.6017142410974311
0.7312583826227973
0.674793850401896
0.7918113305433407
0.46674395381592626
0.5210943027972856
0.8719133411269455
0.796864508047634
0.8231221492503207
0.7431124498384237
0.7223784773143984
0.8411900215694808
0.49703081895343176
0.507724028138084
0.6137742904660642
0.5760594001784801
0.6667732823037275
0.7518473458981546
0.5635568323394526
0.7054712513176848
0.6988279229422902
0.8309619870766518
0.6637382459706247
0.569116849588558
0.5030438857472829
0.805875690119226
0.6047835313013723
0.8038067832342316
0.6078595302693681
0.7505112961424314
0.5899638336164243
0.8204260520399336
0.6885311735361123
0.7198104940542345
0.7779113035470192
0.5956942139885351
0.5672679298406984
0.46616052414620013
0.4517320286111246
0.7220200444614427
0.8253034923055026
0.5830888341503557
0.6271006610768768
0.6582986860936554
0.6362542144770488
0.7683239352890608
0.6391072070285425
0.6632964102017074
0.6679790692732918
0.6852799534599531
0.720509985505102
0.8035090754085535
0.6892396849692274
0.6472606560752057
0.54251873528619
0.5906938625497584
0.7618336069150776
0.8094583521974532
0.6040929721710246
0.5279605193735296
0.6760086513664174
0.6399436085344902
0.8259197787483095
0.5259574591647707
0.652232657045054
0.6613188662186852
0.7055103690167558
0.7996716952722747
0.6844689401437182
0.685208685048871
0.49974722526776094
0.6486323066518516
0.8542728160041216
0.7874563267420689
0.9415693452531857
0.5669004613807443
0.5534471904914519
0.7211603738196218
0.5922261567409234
0.7223897132319896
0.8576867825865496
0.6251271643910223
0.5960067763883667
0.6428971677014064
0.8890486762813967
0.5780559584824757
0.5171716838279277
0.8260421057719268
0.7241586119421176
0.778190493443235
0.7876235241614327
0.8470797399717822
0.7458676248709667
0.8277774712972026
0.869073568669754
0.7970132351035545
0.5590983395058621
0.4687270017680185
0.6586237122980897
0.6452740231040279
0.51990346318425
0.6692898771070925
0.6035773889757697
0.5137801681335239
0.7914850881912912
0.4681469052690847
0.6656599929934925
0.6564563307614208
0.6626886315168747
0.6614238156591181
0.658610150381166
0.8489490965996848
0.6067163432665489
0.6711360315211676
0.5509994645193469
0.7043476914743557
0.6805337280864773
0.6216983741360594
0.8427223530379798
0.49888895004844186
0.8037555430163411
0.6114667803678148
0.5460925515486398
0.8000715963950256
0.6868926817480105
0.4800352675254017
0.7455000479301422
0.7532040511837624
0.6706921640751152
0.4953527902461841
0.4696118070429968
0.681508232163362
0.4509177307230397
0.7444007558668031
0.6588251483570734
0.6275123262347659
0.5937208892981848
0.8833955184904564
0.616446076950319
0.7965738794745229
0.6331443801329129
0.650663355715678
0.9418963831420677
0.6377124186489057
0.4396386178576575
0.5827462519715366
0.6676204121734507
0.9048392436140409
0.7338449565380951
0.4800410374756916
0.8879096986986004
0.5395370729266499
0.7768480414725683
0.7133928329370339
0.8447222054835621
0.544835265205411
0.655675221031452
0.6445177147595241
0.7165919983518848
0.6721825188069881
0.7641445740830531
0.7200740085812892
0.7751228876603821
0.6302372485963015
0.6857968441286965
0.8223892133390582
0.6660637958693667
0.6879737967464047
0.7515727990626435
0.45511062865305096
0.6050014824111862
0.673794826233283
0.7599321083053272
0.7095520909743872
0.7204858464731055
0.9045835344844292
0.2661819255966386
0.4820330516006742
0.9723544603128959
0.6534859974487648
0.7994076508207147
0.5913310710658475
0.6127223894799171
0.6297528142199572
0.7637693294857423
0.7403753221584427
0.655482173579661
0.6712811238171869
0.6020512870184381
0.6859958829082776
0.6846241120652488
0.6354057450127364
0.8960366832426406
0.714410574810647
0.5380158680541952
0.8382120652562113
0.6983028444858758
0.6090934578636575
0.6574843131118663
0.7141617146478124
0.5943603485640472
0.7155879189964307
0.6594928557586236
0.6962277390598831
0.6881903520644072
0.6230355770382827
0.7718629911332532
0.6297787586282798
0.6440933734949251
0.6610745487042279
0.8207465188078018
0.6333946825995533
0.8490041614030359
0.4820048757119171
0.6895661153249388
0.9069914788204217
0.5651659816919716
0.7668408996513515
0.495844502560825
0.7548350585244407
0.7249047541705461
0.5934835361189058
0.7077780130935445
0.6306870458009793
0.4022025200626934
0.7651513529381544
0.8213103730491789
0.4211755777677625
0.619189010802284
0.6868506537747391
0.6533494848038054
0.5253326686987391
0.8098636423818545
0.6925800942007161
0.5332433452912877
0.6913797459404281
0.8559958309833158
0.8280471619486639
0.7796355587538871
0.7095704407466237
0.6636575234156672
0.7834268637005399
0.5895737578741624
0.5941602649501444
0.586801894457312
0.6101318904827813
0.6781226405214931
0.7224818697104204
0.636613916970018
0.7031394354047473
0.8024192378926266
0.8218540470823681
0.7386109459208078
0.6895563996409698
0.7065976912422863
0.6486566242615092
0.8468285064476184
0.5337370001810057
0.7178103169083146
0.4852182105724432
0.7322586711982996
0.5743914298809265
0.5664268936523471
0.7899657218057141
0.64162640275902
0.6855020878725164
0.49682547675425104
0.5492292013448163
0.7864263323630498
0.5656290235568348
0.5840851599699967
0.6933475850278418
0.8452343670568163
0.6533663501520137
0.6655430578209578
0.6818084704387023
0.42530601668912715
0.48272117596686626
0.5311586475778117
0.8000775250550632
0.6810970256325655
0.6952852145421009
0.7790650962527277
0.5350675854435565
0.4654752755083471
0.6428534397733727
0.693483322874048
0.5298231790937599
0.4861638319540791
0.7059348095601592
0.8918120587823993
0.6823329623239363
0.48304004258580846
0.4918273366612162
0.5970708919705727
0.5577279952075282
0.7742433603656002
0.842293699643185
0.724726603147072
0.780352609633221
0.8579653303485884
0.6431623278297862
0.612036131845996
0.5760198633535834
0.8258694082557496
0.6971387808187575
0.5386454303733736
0.6978573371506179
0.7887475923994861
0.795531184938666
0.7973017845272662
0.6365698936449231
0.8248533592475791
0.5985602179950177
0.8985307874117799
0.5288680513819325
0.7362640330046832
0.5922159894758805
0.8411769674875154
0.34677563763530783
0.6316345413257403
0.6128785409505155
0.5099351267999108
0.5241463579471404
0.5117378895657881
0.710134861112743
0.39020350275797777
0.761603595112899
0.5972544570036378
0.9065270019460823
0.5981879824484019
0.7849045054389567
0.8049666827087458
0.7766951719523811
0.6867603163571302
0.6790832829707593
0.542919015545805
0.7716328558081943
0.5549748855498833
0.8664445287817013
0.6831505022092725
0.6170124125471191
0.3558325801600784
0.6618505225676914
0.5281037040125127
0.5806377577769615
0.6642164206435969
0.7015035503191609
0.6720072064819627
0.6183318085678564
0.8257456859542351
0.6728256211909536
0.6374834790323153
0.9475141235672766
0.6831701198139191
0.705339819890616
0.5022351191729556
0.6323233033461424
0.856286884897326
0.7195341834434403
0.6955375079503742
0.8109638358087364
0.49955160938421983
0.6007035090842803
0.5930635206085642
0.7892974885001767
0.9261487503437674
0.5956668751706443
0.5225570793366597
0.756985428143937
0.6376075782786804
0.7566371331755768
0.5606479806718723
0.6816179023340804
0.714646474469455
0.7421377322087197
0.8505363642857657
0.5937891813480407
0.6608039628677381
0.7061928351057156
0.9108215776689635
0.6784124228246624
0.8264561651419343
0.8085056332949291
0.6762256236831452
0.782108450055105
0.6972823461565641
0.44588424219911066
0.5041191462304864
0.6838754874255509
0.8203357158318015
0.8471862359507033
0.8041641459993193
0.6105747459971868
0.7549098457159166
0.4980219799025684
0.743802397189748
0.8724682978253551
0.7996400730985738
0.6557298963938145
0.866666704215047
0.7633165136841509
0.5135955816633109
0.706147964167552
0.8171925372243829
0.5152226707878558
0.895723130086707
0.3986492770986072
0.7478872956625819
0.8240775097107549
0.7248434540288458
0.6066959304416716
0.5789941857182399
0.5265093667674043
0.7774515630591086
0.5026759301317598
0.5398323999177375
0.8988403633009423
0.6710181471379355
0.773913946362671
0.5928512371297665
0.5530633558874789
0.6918680562715307
0.5924936291704077
0.632527963325302
0.5543572187230886
0.6485190704634087
0.7775117895077374
0.8246281129573113
0.704080360879835
0.6874022315429321
0.7304291213677095
0.8604919364373131
0.5324595202012433
0.5868079341918107
0.4196152316516697
0.6520132181406161
0.6469352404014466
0.7671025673299939
0.5794653824793138
0.47712959127016397
0.805581689402255
0.6422003514747189
0.8325563003816252
0.5223533875156487
0.8123633003676118
0.8002231651278453
0.5074101423318386
0.663906848146201
0.7551934136161522
0.6210645709963154
0.4799309780170087
0.7326062942312374
0.6197724249818767
0.6598190441316126
0.7917357549772503
0.7977392720811614
0.4703482874799877
0.6514265794622979
0.5892588933435366
0.6397466477896543
0.7419507729766621
0.4669599694474076
0.713411308725611
0.48558868919903064
0.79111951178497
0.4709692740372846
0.5896430365773997
0.5351277781140839
0.6972603701962409
0.5039895637378546
0.49955160938421983
0.7337602743159317
0.6236444840670636
0.873949837740001
0.5522282622433548
0.5951539917344287
0.6966946221214243
0.8569843425056555
0.6846991665276015
0.8372185959202895
0.4950696684590847
0.6339019453160266
0.6622232750715358
0.7484148919913458
0.5983188159950615
0.6255749286594516
0.7133629628064994
0.6090332955382802
0.6850001102926279
0.42857499027007895
0.7667084457899305
0.7821835977901599
0.9331195319054818
0.7221765947881383
0.6714723960443487
0.5838436250195206
0.7722740778375238
0.676849030855458
0.633041963191105
0.7071224945026402
0.740998680282213
0.8017111745945151
0.6215189427143626
0.6736152918099795
0.8673642851116732
0.8268159645099908
0.646660874903534
0.8519824806486153
0.6900355724316343
0.706576280813139
0.7089173429154236
0.6737192684469115
0.5433400918584093
0.8611584771015135
0.6357001425225813
0.6594494750037322
0.6589074364395974
0.7576518245438387
0.7264098252336826
0.8857430396033281
0.5976682405938816
0.47420279320006864
0.6395205795200709
0.650003118515014
0.6605398621530543
0.8357150613854138
0.8629865285730036
0.6606830694816989
0.673160287494649
0.5637056047779843
0.7323663537996423
0.5395849725960218
0.7347989936198528
0.7530385354946687
0.7414768822143777
0.5857503757244534
0.6959578542355402
0.5562897974363133
0.5241579428469416
0.7102179504292246
0.8616902311089824
0.5732518254536384
0.603650336127755
0.7505941405624973
0.7848576513386121
0.77215891240579
0.7771540062992902
0.6639781089606754
0.6872667254777185
0.542117611223152
0.4434505341068806
0.5144289499069992
0.832291376339102
0.7293864999318157
0.5222232965125134
0.767279579459099
0.786183998823265
0.813939209054311
0.49805402368783885
0.5999216599703046
0.6830107873973593
0.7085863072383742
0.5435244522247075
0.7133299230079595
0.6891070471830736
0.6038579740449558
0.7588823153657716
0.7430447246854072
0.6426209449491126
0.6081515008961592
0.6386112104813586
0.5863700749446862
0.6369427142054761
0.6428492121951584
0.5375365884107264
0.727360430979204
0.6438588041822821
0.6244706650815107
0.5601160447782297
0.6445906150935702
0.8311634170283166
0.5047751232677693
0.6040277889293835
0.4800352675254017
0.8565727075704291
0.7760366179405466
0.8321004361252284
0.6938412979617019
0.7620661653582798
0.8226775467481036
0.5687920698852234
0.7496745851269301
0.6534139275150795
0.7812791035302175
0.5807106746052103
0.6634403125418066
0.7837673929195447
0.9455415822011062
0.7058686616691061
0.639913380714881
0.5746750222341807
0.7970463177949728
0.592213206418455
0.5944935932211004
0.7281165731114543
0.5171292751374921
0.6380323075017893
0.6499630751817577
0.728248206078162
0.5744789606293736
0.837805575388256
0.4987116001950438
0.8649086984518701
0.5363697210450796
0.680832302414474
0.6260633494045689
0.7154501868115228
0.7272992884390828
0.7788377848297549
0.7597487489424593
0.5670037784761494
0.5908370086805577
0.4900153973251558
0.6205682754236959
0.8041566513439838
0.7080972446442644
0.8561892177802036
0.7720137784416476
0.590832699776572
0.5602955826825535
0.8628047428771476
0.4789897521673618
0.67501191300555
0.70877869941749
0.4615469250118261
0.7341295810006198
0.5384758945660211
0.47761961074575754
0.62409457440359
0.5026214408632674
0.6515296589585639
0.7457601632045108
0.8918792459304519
0.8056657244480305
0.7393727265681125
0.6275763691787535
0.6397237785743843
0.5462321125174671
0.7705646988585555
0.6829513324217777
0.7946695280807743
0.5028288177682615
0.8358739558938003
0.8310288511399663
0.7597552920664127
0.728640576341296
0.479921677286084
0.7644540471524944
0.7554895706952132
0.674002434596975
0.7417863974892988
0.8602059464992927
0.5678909311257568
0.7061051525115992
0.8482448599394327
0.6498164933696082
0.6051966571359562
0.9420929799421758
0.6302801772312941
0.581749380251985
0.7376851865383385
0.752608834575617
0.8001702329462987
0.8179161250208489
0.717135212895418
0.5749883440407102
0.7167344904464191
0.5544878293569532
0.48937947684015815
0.8107613836084202
0.5204366817289464
0.812354520492268
0.6609812631975899
0.6403564563367381
0.721884300534362
0.5416450657522859
0.8101519371146942
0.673047469050741
0.6626718677080474
0.6513763150612276
