0.320319
0.587379
0.313879
0.111368
0.467957
0.724077
0.660634
0.287388
0.163209
0.668769
0.246632
0.041940
0.044902
0.009129
0.045496
0.521141
0.198429
0.620956
0.084996
0.048964
0.228169
0.425265
0.358700
0.564142
0.466857
0.107695
0.401216
0.282535
0.027105
0.215769
0.140178
0.191970
0.184174
0.021211
0.114651
0.674084
0.821439
0.522465
0.308588
0.758644
0.327997
0.696584
0.210958
0.142466
0.041241
0.296007
0.096602
0.234430
0.074711
0.069502
0.038850
0.016874
0.310218
0.467188
0.267808
0.893621
0.490324
0.433769
0.499568
0.462291
0.154178
0.197800
0.356406
0.655018
0.728653
0.240732
0.171809
0.076282
0.189438
0.162887
0.008936
0.355389
0.422313
0.342593
0.508188
0.112539
0.248203
0.567601
0.136645
0.382764
0.334352
0.384340
0.868273
0.339442
0.146162
0.475253
0.155410
0.796452
0.259150
0.432367
0.185011
0.496515
0.033309
0.092237
0.258694
0.110370
0.730935
0.200708
0.122373
0.118222
0.642311
0.434028
0.332253
0.441463
0.043191
0.421898
0.548093
0.269973
0.096863
0.099848
0.135649
0.186645
0.345473
0.457691
0.155305
0.163575
0.093769
0.116496
0.550863
0.148770
0.864216
0.508359
0.453012
0.168430
0.113545
0.286797
0.430292
0.101541
0.085727
0.443750
0.055676
0.042218
0.154494
0.016396
0.789670
0.292113
0.291989
0.356260
0.098580
0.143122
0.378075
0.596228
0.210583
0.149138
0.782753
0.521712
0.078282
0.305687
0.260140
0.099469
0.279686
0.339510
0.091382
0.145147
0.071064
0.563765
0.800112
0.571189
0.372920
0.687285
0.216883
0.117812
0.669251
0.274585
0.515409
0.186616
0.730379
0.614028
0.345892
0.201858
0.197475
0.300769
0.208048
0.146652
0.076443
0.704976
0.167988
0.178334
0.404398
0.359702
0.059351
0.128072
0.063981
0.068158
0.683953
0.140022
0.444077
0.154101
0.837845
0.284765
0.432807
0.215093
0.281002
0.243957
0.537381
0.553460
0.004784
0.219335
0.255954
0.470757
0.199950
0.019990
0.664825
0.335639
0.534071
0.286062
0.133619
0.305195
0.458577
0.057967
0.371707
0.307049
0.125442
0.478095
0.285173
0.539975
0.393581
0.064580
0.251971
0.308207
0.316666
0.183645
0.184801
0.361220
0.235137
0.126738
0.139373
0.045073
0.224799
0.170269
0.119307
0.073771
0.185484
0.240754
0.063132
0.815008
0.613198
0.009959
0.199279
0.061114
0.219836
0.210446
0.191515
0.180676
0.124073
0.286519
0.526188
0.329456
0.152008
0.205203
0.145049
0.087230
0.439219
0.769299
0.145852
0.075195
0.075593
0.101722
0.278579
0.132285
0.047840
0.362409
0.300738
0.313697
0.753282
0.051654
0.311653
0.280569
0.426457
0.200754
0.580785
0.202265
0.506694
0.474033
0.061235
0.506833
0.223805
0.298816
0.186164
0.292384
0.670246
0.231904
0.121528
0.525389
0.154099
0.524326
0.193663
0.323866
0.600749
0.163408
0.216918
0.227663
0.131294
0.663616
0.291106
0.094876
0.103145
0.448950
0.699599
0.488343
0.479991
0.467022
0.370703
0.691443
0.367812
0.284860
0.271773
0.452078
0.443722
0.492572
0.004557
0.150261
0.426467
0.669661
0.191361
0.158900
0.073606
0.600384
0.538222
0.292668
0.687909
0.105097
0.105049
0.343641
0.108599
0.360960
0.316272
0.222907
0.252624
0.364270
0.186044
0.324777
0.160110
0.291987
0.166113
0.737893
0.381665
0.483277
0.357293
0.210417
0.071143
0.401407
0.656040
0.645828
0.526073
0.285953
0.615298
0.488555
0.224540
0.081200
0.065741
0.255837
0.798187
0.396922
0.224168
0.125618
0.136039
0.506161
0.242778
0.071657
0.272611
0.422216
0.151898
0.060162
0.171487
0.318310
0.144022
0.387970
0.175463
0.105551
0.448147
0.630204
0.274212
0.077906
0.389979
0.307048
0.819536
0.151031
0.139398
0.405907
0.086596
0.287522
0.111187
0.778798
0.080388
0.618562
0.256458
0.137830
0.001835
0.298908
0.224144
0.173972
0.099774
0.606552
0.444689
0.484150
0.127980
0.216209
0.160016
0.154738
0.480519
0.524802
0.239564
0.434693
0.474999
0.369314
0.237284
0.614984
0.124401
0.393756
0.120466
0.271328
0.058978
0.125827
0.441424
0.264484
0.451434
0.081457
0.123246
0.140163
0.480653
0.607526
0.577391
0.256123
0.125301
0.033340
0.313594
0.236292
0.624059
0.322432
0.343779
0.670243
0.264408
0.203542
0.264824
0.000000
0.208428
0.382250
0.269009
0.086479
0.352229
0.181427
0.037779
0.444159
0.128434
0.707397
0.490895
0.686697
0.172530
0.009469
0.133210
0.029569
0.709197
0.075125
0.260095
0.150092
0.290797
0.084380
0.542268
0.149138
0.093119
0.566123
0.424992
0.116129
0.670294
0.056171
0.451722
0.119057
0.094671
0.273735
0.258023
0.600205
0.512012
0.046488
0.117849
0.629195
0.170403
0.151661
0.189528
0.206612
0.673583
0.375070
0.290498
0.369003
0.287594
0.548064
0.102790
0.063605
0.094114
0.296161
0.173109
0.081727
0.539642
0.611230
0.856808
0.229528
0.675751
0.264178
0.455938
0.732174
0.160128
0.155054
0.023217
0.221952
0.105623
0.117556
0.287548
0.154627
0.042758
0.700099
0.712368
0.251387
0.543868
0.266584
0.165591
0.116540
0.686463
0.329070
0.214515
0.165078
0.435650
0.819415
0.168274
0.645999
0.105472
0.417568
0.624919
0.461968
0.711672
0.540054
0.619026
0.261819
0.311564
0.095358
0.304592
0.359461
0.104842
0.047805
0.159396
0.141767
0.418573
0.775428
0.295034
0.365410
0.552029
0.085520
0.173602
0.314638
0.201675
0.204957
0.203138
0.122521
0.064659
0.467089
0.141870
0.702895
0.168329
0.262087
0.483568
0.115743
0.138389
0.127696
0.348917
0.335684
0.272430
0.106182
0.475098
0.083639
0.119338
0.302448
0.324736
0.333499
0.593387
0.227289
0.189254
0.562298
0.250076
0.407332
0.078633
0.025532
0.173080
0.614136
0.205807
0.142296
0.316873
0.225415
0.339176
0.627459
0.335183
0.494906
0.269843
0.188779
0.217396
0.129762
0.346577
0.510968
0.347803
0.246845
0.499879
0.376650
0.136878
0.361414
0.339067
0.471278
0.083450
0.276039
0.329851
0.696961
0.295268
0.605412
0.763628
0.269973
0.182331
0.166371
0.106557
0.275053
0.080143
0.175931
0.532529
0.419533
0.060638
0.168126
0.606596
0.218640
0.149795
0.465889
0.175149
0.130296
0.219876
0.557374
0.064023
0.193836
0.115005
0.786900
0.252925
0.281849
0.273447
0.150100
0.081265
0.244767
0.078738
0.917459
0.468310
0.624072
0.129772
0.501827
0.046716
0.798514
0.189494
0.398128
0.278785
0.264233
0.591986
0.146704
0.213033
0.205150
0.246367
0.118548
0.106139
0.292183
0.421303
0.163369
0.212676
0.515673
0.201200
0.476188
0.409980
0.511539
0.081564
0.250937
0.112044
0.539565
0.072520
0.444622
0.701645
0.672874
0.270708
0.269460
0.070482
0.316859
0.512497
0.228187
0.462118
0.727865
0.370719
0.351900
0.358295
0.190695
0.080494
0.101245
0.111995
0.572070
0.308967
0.165297
0.562034
0.149908
0.216238
0.136023
0.201830
0.526984
0.274007
0.145116
0.236076
0.126429
0.130158
0.314277
0.516434
0.257161
0.136548
0.062034
0.068704
0.720524
0.020631
0.541838
0.197437
0.237550
0.441207
0.429725
0.248814
0.412732
0.270959
0.053732
0.516441
0.224184
0.110339
0.266792
0.540073
0.007343
0.485468
0.575842
0.247199
0.127008
0.095597
0.070374
0.102609
0.629412
0.097731
0.673068
0.229830
0.120310
0.396802
0.144259
0.261059
0.645132
0.290862
0.572823
0.161010
0.363155
0.297338
0.360124
