0.297013
0.497558
0.397959
0.097307
0.499527
0.694559
0.412870
0.197333
0.250000
0.504839
0.326960
0.119880
0.159374
0.177576
0.324977
0.320998
0.303966
0.531859
0.430500
0.178280
0.378172
0.564952
0.463543
0.645541
0.652409
0.130803
0.271919
0.364274
0.191219
0.291503
0.426930
0.364491
0.338959
0.161345
0.444837
0.570943
0.326402
0.397348
0.065607
0.363720
0.314501
0.729171
0.305648
0.321793
0.251597
0.452510
0.201036
0.297125
0.140698
0.142925
0.295813
0.183486
0.200589
0.707848
0.349231
0.561750
0.547377
0.349304
0.181078
0.297924
0.294698
0.409968
0.166731
0.329612
0.457952
0.069355
0.293657
0.309421
0.203704
0.202868
0.137720
0.304840
0.317654
0.213122
0.509372
0.204929
0.157620
0.410238
0.616609
0.330961
0.208888
0.310956
0.352628
0.343468
0.158363
0.246165
0.476847
0.449231
0.408793
0.364625
0.239331
0.216823
0.339889
0.338337
0.556240
0.161856
0.300175
0.272021
0.312235
0.199277
0.670150
0.337335
0.521210
0.389179
0.285002
0.375733
0.481918
0.215438
0.376414
0.187500
0.186285
0.343744
0.419620
0.465259
0.365192
0.259804
0.139990
0.580778
0.545447
0.178430
0.734457
0.123499
0.407233
0.451872
0.390167
0.582090
0.270590
0.386667
0.146210
0.510293
0.281429
0.172792
0.293689
0.030964
0.325381
0.507845
0.358374
0.247620
0.401629
0.284232
0.603685
0.611486
0.300529
0.118941
0.376758
0.492424
0.190359
0.421682
0.343023
0.401905
0.271388
0.328017
0.202026
0.061150
0.199057
0.392913
0.430702
0.441511
0.398154
0.647905
0.114190
0.265917
0.380361
0.218278
0.290861
0.333333
0.397990
0.119230
0.324423
0.385202
0.250497
0.518328
0.396458
0.272890
0.386781
0.538556
0.275232
0.221388
0.401648
0.395804
0.253149
0.396407
0.297740
0.172364
0.676586
0.217628
0.198021
0.298337
0.667044
0.520103
0.524505
0.342067
0.281510
0.499911
0.256662
0.547991
0.023003
0.385587
0.204405
0.335217
0.250272
0.078754
0.599778
0.426339
0.473830
0.670796
0.152301
0.186992
0.464955
0.270758
0.563436
0.547733
0.123904
0.353881
0.305716
0.193128
0.307404
0.246778
0.182512
0.154645
0.376298
0.308508
0.119607
0.284195
0.207959
0.426930
0.122522
0.122979
0.554004
0.277171
0.295261
0.092692
0.628839
0.164707
0.572368
0.592054
0.331254
0.061735
0.339270
0.167123
0.309475
0.543717
0.257609
0.231882
0.332959
0.386909
0.244371
0.309655
0.445363
0.333050
0.213603
0.043704
0.159545
0.617889
0.128645
0.319551
0.289666
0.211451
0.284835
0.434191
0.491487
0.266988
0.322997
0.464313
0.584543
0.100653
0.149468
0.233968
0.374285
0.311814
0.547682
0.105396
0.618264
0.714956
0.142044
0.484728
0.263336
0.361558
0.280735
0.284593
0.171094
0.288981
0.533026
0.499784
0.196243
0.242418
0.441823
0.403306
0.159639
0.263051
0.321590
0.596125
0.665979
0.444508
0.500000
0.242683
0.380597
0.246569
0.535714
0.255652
0.445343
0.403207
0.445122
0.413716
0.316741
0.356467
0.290559
0.242298
0.205008
0.325289
0.150552
0.162893
0.367065
0.623341
0.459149
0.272833
0.122335
0.213064
0.262046
0.325275
0.468005
0.366006
0.181209
0.452543
0.324269
0.575294
0.539218
0.299308
0.296156
0.606092
0.280770
0.364224
0.259268
0.332120
0.361260
0.355014
0.675439
0.403602
0.328283
0.255333
0.253066
0.423140
0.347798
0.717741
0.513538
0.323399
0.361123
0.295882
0.209690
0.238115
0.160441
0.615742
0.628354
0.413157
0.352129
0.199600
0.350081
0.192569
0.165894
0.181281
0.551774
0.358059
0.236410
0.158780
0.546788
0.358833
0.406340
0.171005
0.401122
0.260617
0.148637
0.231498
0.417518
0.175654
0.253391
0.086610
0.415906
0.115096
0.259117
0.429641
0.378739
0.430798
0.482912
0.431240
0.172383
0.281601
0.434361
0.305121
0.003454
0.298688
0.253652
0.236677
0.271002
0.383051
0.314597
0.397640
0.154622
0.715191
0.130308
0.264700
0.246043
0.388048
0.544481
0.326942
0.400010
0.304447
0.575000
0.642783
0.482068
0.435190
0.100410
0.233759
0.113279
0.078640
0.543141
0.600638
0.399532
0.102834
0.492144
0.270008
0.205845
0.663387
0.552372
0.435782
0.090173
0.087594
0.574076
0.498291
0.672738
0.587843
0.234148
0.213433
0.478843
0.178878
0.257417
0.000000
0.459481
0.438988
0.309906
0.177484
0.290888
0.346977
0.113562
0.622574
0.325191
0.473840
0.349124
0.638543
0.242859
0.199819
0.180399
0.135309
0.470626
0.185248
0.309729
0.211530
0.154231
0.528116
0.564806
0.062842
0.332756
0.353904
0.276356
0.113954
0.442968
0.117329
0.578813
0.130642
0.161411
0.324234
0.292251
0.449807
0.567834
0.114852
0.513889
0.651016
0.066409
0.387830
0.326173
0.538226
0.626491
0.563968
0.338234
0.630825
0.531434
0.362063
0.127177
0.214482
0.323009
0.383422
0.323349
0.127964
0.573895
0.357228
0.410256
0.294781
0.433082
0.301009
0.537090
0.583536
0.187594
0.317115
0.244002
0.426086
0.139285
0.210791
0.332236
0.566448
0.418015
0.288529
0.498914
0.237827
0.445596
0.439413
0.212819
0.211189
0.637262
0.322801
0.227273
0.486007
0.530191
0.340450
0.369548
0.393220
0.192526
0.474803
0.437133
0.458201
0.672727
0.548556
0.705735
0.388296
0.231592
0.083398
0.568504
0.396989
0.354329
0.196223
0.319449
0.199483
0.720140
0.560565
0.415838
0.171606
0.609673
0.232739
0.255598
0.562807
0.332427
0.329080
0.401776
0.136190
0.152421
0.404022
0.145538
0.352352
0.341495
0.227890
0.307738
0.168965
0.139925
0.176555
0.535601
0.284362
0.244608
0.362688
0.320040
0.145439
0.207348
0.441560
0.223806
0.423598
0.472954
0.345505
0.355840
0.422745
0.473625
0.314134
0.319758
0.136582
0.368597
0.432306
0.292509
0.530914
0.285743
0.209211
0.183221
0.234476
0.256197
0.578668
0.343264
0.531871
0.392529
0.147898
0.663282
0.370059
0.550435
0.416784
0.271430
0.176312
0.260900
0.515226
0.452277
0.291876
0.162277
0.271080
0.161132
0.642107
0.235447
0.450920
0.459663
0.502837
0.207297
0.390163
0.349036
0.501400
0.422632
0.360363
0.471439
0.495859
0.455362
0.322248
0.638455
0.180530
0.199877
0.289636
0.209019
0.305662
0.372679
0.304781
0.600062
0.618874
0.438459
0.198913
0.269330
0.602058
0.350244
0.202755
0.051356
0.308699
0.208273
0.687935
0.483080
0.426906
0.091674
0.317600
0.224801
0.341525
0.308316
0.410744
0.567707
0.401482
0.423262
0.408724
0.347404
0.192708
0.196884
0.108398
0.472666
0.412986
0.385546
0.299929
0.621378
0.485149
0.159768
0.405087
0.403650
0.221401
0.291051
0.303940
0.201747
0.433425
0.150314
0.666126
0.212031
0.168589
0.209580
0.353968
0.245742
0.299651
0.542491
0.608186
0.423697
0.682594
0.108076
0.411178
0.112088
0.195600
0.415061
0.408036
0.136344
0.519061
0.449294
0.339902
0.415657
0.335187
0.163909
0.369081
0.577035
0.420514
0.473972
0.465333
0.315170
0.319685
0.436528
0.173864
0.388504
0.614262
0.181863
0.292421
0.221076
0.760833
0.265268
0.309548
0.135965
0.381011
0.608746
0.231650
0.367872
0.252041
0.118519
0.162034
0.443717
0.217733
0.209362
0.409630
0.323919
0.144211
0.471680
0.459711
0.334749
0.398423
0.149700
0.586424
0.314199
0.403715
0.165200
0.535925
0.470072
0.270643
0.424451
0.247090
0.388685
0.416667
0.404133
0.466803
0.515818
0.332937
0.520803
0.227950
