0.259327
0.520340
0.345615
0.118737
0.513204
0.673487
0.617121
0.472221
0.212821
0.722366
0.267893
0.060184
0.092173
0.040868
0.046252
0.349088
0.225338
0.587350
0.197408
0.101648
0.226235
0.526603
0.616019
0.416098
0.593932
0.341338
0.400953
0.469980
0.074014
0.389754
0.211847
0.275513
0.185275
0.039729
0.197260
0.669647
0.653684
0.627439
0.453820
0.725154
0.183847
0.752923
0.215862
0.241323
0.040275
0.510204
0.148603
0.240012
0.113717
0.152583
0.062343
0.046422
0.161548
0.453739
0.361916
0.864709
0.491363
0.404251
0.606187
0.633457
0.328370
0.304216
0.300564
0.724758
0.622133
0.193730
0.188678
0.133202
0.212957
0.336154
0.013420
0.445637
0.178274
0.366281
0.396128
0.222089
0.337402
0.520839
0.226040
0.376514
0.234208
0.640590
0.525283
0.387391
0.175888
0.401534
0.474518
0.372425
0.296259
0.364950
0.197071
0.446914
0.121486
0.153543
0.614715
0.176454
0.629245
0.113091
0.128758
0.087115
0.714524
0.635641
0.221726
0.558328
0.054815
0.504157
0.293650
0.416967
0.247860
0.116478
0.123925
0.341195
0.334786
0.664213
0.275708
0.161632
0.095204
0.228760
0.436659
0.196985
0.895680
0.328171
0.201076
0.156609
0.182617
0.254198
0.266667
0.034166
0.112553
0.356549
0.160740
0.137319
0.200887
0.028830
0.564756
0.409677
0.485313
0.428618
0.250517
0.327508
0.259115
0.593155
0.293490
0.147987
0.781591
0.451034
0.129359
0.409465
0.251823
0.210671
0.135109
0.222089
0.172155
0.100999
0.129287
0.601981
0.758975
0.415588
0.378534
0.752514
0.301559
0.301873
0.704749
0.310644
0.264840
0.237269
0.708422
0.516685
0.450712
0.435919
0.453303
0.320654
0.280133
0.163093
0.242804
0.858167
0.171639
0.208139
0.551662
0.228055
0.092329
0.174076
0.180429
0.114351
0.565466
0.206273
0.496462
0.308957
0.570106
0.234365
0.514583
0.101742
0.178894
0.524937
0.559267
0.679204
0.008655
0.387636
0.282183
0.578158
0.184231
0.050810
0.546770
0.291138
0.624728
0.351254
0.113319
0.164446
0.385427
0.062539
0.335774
0.219243
0.111517
0.433495
0.292723
0.470010
0.338769
0.078982
0.198100
0.283534
0.423414
0.252165
0.433742
0.339464
0.197439
0.121735
0.136127
0.033165
0.320220
0.215511
0.108256
0.123388
0.231108
0.272533
0.173422
0.795358
0.610503
0.009080
0.302999
0.144839
0.348111
0.237231
0.214972
0.107328
0.168238
0.246216
0.301103
0.287765
0.079248
0.381010
0.207839
0.052268
0.541115
0.711285
0.266990
0.182421
0.062898
0.167379
0.301506
0.255184
0.100623
0.308786
0.303416
0.275130
0.608323
0.309145
0.298448
0.168515
0.537544
0.265505
0.601833
0.132807
0.341595
0.410295
0.088104
0.536458
0.264054
0.424756
0.294537
0.208116
0.457563
0.240809
0.196741
0.554973
0.158565
0.492837
0.252122
0.392983
0.434963
0.311705
0.198698
0.368799
0.137690
0.544373
0.343863
0.092875
0.262406
0.528496
0.585432
0.198920
0.571924
0.526575
0.402679
0.582903
0.592777
0.214078
0.276182
0.481569
0.313338
0.385001
0.020551
0.288793
0.587365
0.494708
0.402872
0.191206
0.203082
0.573745
0.721526
0.484943
0.689835
0.304289
0.115269
0.345815
0.274080
0.431485
0.429386
0.328117
0.245730
0.346820
0.191404
0.315322
0.258250
0.319095
0.109682
0.756114
0.369814
0.416331
0.437030
0.534635
0.213300
0.479266
0.624595
0.622417
0.573186
0.331968
0.590168
0.491841
0.215032
0.103039
0.034339
0.246410
0.788144
0.468614
0.258973
0.254754
0.228340
0.389612
0.226631
0.036138
0.359667
0.354937
0.383212
0.056702
0.518488
0.562937
0.187081
0.511092
0.184835
0.166639
0.512519
0.579573
0.376233
0.179077
0.346154
0.323610
0.756708
0.123985
0.268793
0.629745
0.174893
0.115072
0.252316
0.720674
0.181075
0.636693
0.261822
0.333652
0.011388
0.435894
0.261959
0.089233
0.136727
0.716280
0.469925
0.441388
0.256141
0.488698
0.128033
0.202686
0.488878
0.328490
0.212897
0.426795
0.409017
0.428029
0.260984
0.580110
0.095912
0.515296
0.087221
0.256454
0.063555
0.103211
0.437867
0.295906
0.339545
0.127832
0.135789
0.234604
0.423389
0.529172
0.649062
0.414956
0.193654
0.042089
0.313045
0.358831
0.770379
0.247367
0.453166
0.418211
0.439509
0.245066
0.303344
-0.000000
0.356002
0.456842
0.369886
0.064786
0.492463
0.269822
0.066119
0.651190
0.187468
0.665314
0.522555
0.529266
0.279728
0.028418
0.127904
0.056737
0.613502
0.079300
0.186243
0.344691
0.281236
0.182705
0.489837
0.298362
0.091455
0.732422
0.316929
0.129558
0.671050
0.088908
0.487493
0.173041
0.105467
0.425312
0.380569
0.473829
0.541658
0.093684
0.169868
0.796858
0.123610
0.203410
0.262715
0.249439
0.735517
0.365297
0.344184
0.651521
0.299713
0.323697
0.163728
0.110539
0.265130
0.398978
0.211827
0.089653
0.351738
0.544440
0.708247
0.188544
0.611222
0.147969
0.615674
0.765291
0.150455
0.148129
0.041892
0.359892
0.137260
0.203140
0.372060
0.329420
0.158931
0.388315
0.677418
0.256766
0.599074
0.115993
0.252879
0.222704
0.656503
0.517840
0.452438
0.191543
0.559100
0.711649
0.304200
0.582520
0.151957
0.294683
0.512818
0.582285
0.451331
0.505028
0.430540
0.282749
0.245890
0.103830
0.276031
0.464384
0.181485
0.105358
0.253066
0.130253
0.614456
0.615895
0.503617
0.667397
0.471250
0.150032
0.310617
0.331654
0.214806
0.103880
0.117422
0.106513
0.077096
0.463704
0.161361
0.645715
0.228487
0.416211
0.279178
0.102102
0.247703
0.094946
0.248336
0.485079
0.260438
0.411594
0.152442
0.079829
0.327494
0.365919
0.328046
0.444967
0.532614
0.254819
0.368357
0.531445
0.476896
0.409366
0.113698
0.045651
0.099315
0.738232
0.257536
0.253530
0.421974
0.297337
0.218465
0.617167
0.509308
0.474527
0.304432
0.278996
0.462087
0.108143
0.455590
0.553210
0.404691
0.481335
0.486042
0.304315
0.354662
0.484211
0.573215
0.543161
0.096769
0.306833
0.415824
0.539992
0.437047
0.546733
0.801074
0.521961
0.186603
0.308675
0.101947
0.411310
0.148372
0.199015
0.410216
0.330439
0.082081
0.146300
0.398016
0.157460
0.191502
0.496708
0.203444
0.151223
0.202831
0.598674
0.171499
0.506117
0.087072
0.742985
0.451512
0.436472
0.186358
0.169952
0.139083
0.274079
0.077597
0.829484
0.513274
0.486870
0.215531
0.503663
0.098091
0.704688
0.282682
0.338715
0.518736
0.293559
0.574563
0.406051
0.194392
0.204162
0.361543
0.086080
0.256245
0.400546
0.458175
0.236813
0.399138
0.346053
0.077612
0.308308
0.524440
0.543087
0.123686
0.350299
0.079106
0.695729
0.078383
0.437026
0.724447
0.580359
0.387404
0.502510
0.130006
0.321356
0.495747
0.260377
0.437247
0.272716
0.450763
0.336760
0.379181
0.185908
0.185592
0.292780
0.106161
0.473475
0.280987
0.217499
0.574458
0.271296
0.244741
0.232364
0.418691
0.595327
0.346651
0.242714
0.161798
0.226641
0.202939
0.338790
0.485815
0.409993
0.192476
0.080432
0.143039
0.757419
0.040683
0.522733
0.119483
0.403065
0.451582
0.250227
0.386684
0.345318
0.379681
0.059646
0.466985
0.313525
0.063939
0.443397
0.613970
0.021978
0.419329
0.635644
0.207365
0.141595
0.160593
0.301088
0.149271
0.674381
0.111172
0.651953
0.225751
0.204571
0.514493
0.194965
0.392822
0.291009
0.258068
0.420732
0.116349
0.312500
0.529530
0.224661
