0.293311
0.555748
0.448982
0.178256
0.404413
0.652093
0.427286
0.311508
0.343502
0.617961
0.439202
0.173695
0.147825
0.140012
0.177772
0.453655
0.353825
0.408191
0.614222
0.216080
0.365138
0.657658
0.533304
0.543487
0.732151
0.123043
0.399451
0.434442
0.219500
0.355660
0.325392
0.374995
0.491377
0.232576
0.459195
0.817649
0.535558
0.416104
0.233352
0.495967
0.245065
0.719848
0.456713
0.353015
0.163404
0.525278
0.141173
0.334293
0.210765
0.157834
0.313235
0.121931
0.183345
0.543775
0.436018
0.525163
0.511078
0.618600
0.339932
0.523682
0.369158
0.405546
0.252384
0.463689
0.542301
0.125828
0.313043
0.196741
0.249770
0.291370
0.089216
0.431130
0.344190
0.355756
0.502525
0.277979
0.209267
0.449639
0.650369
0.347978
0.239242
0.433115
0.467959
0.450489
0.201931
0.444980
0.404750
0.535984
0.476810
0.384633
0.247441
0.422626
0.275224
0.376248
0.694621
0.243092
0.416651
0.258668
0.261488
0.227114
0.532602
0.515017
0.463355
0.441511
0.188017
0.412134
0.503702
0.372931
0.516978
0.141516
0.233138
0.340328
0.538124
0.566924
0.563922
0.361561
0.258945
0.497177
0.574913
0.509624
0.597289
0.368110
0.432290
0.532918
0.449734
0.487009
0.369213
0.346558
0.171299
0.516148
0.222911
0.312818
0.304958
0.056569
0.470470
0.669052
0.447714
0.416217
0.366753
0.241427
0.545449
0.557910
0.511132
0.259087
0.416776
0.504562
0.218594
0.355947
0.307216
0.451003
0.175280
0.322405
0.163094
0.044680
0.322920
0.456437
0.519171
0.422606
0.553782
0.680121
0.155791
0.383069
0.464551
0.293210
0.488931
0.435015
0.442697
0.182268
0.378363
0.405436
0.313263
0.498985
0.348016
0.306907
0.422357
0.525317
0.231529
0.212387
0.522091
0.268839
0.241112
0.474858
0.483172
0.280880
0.744838
0.366611
0.135730
0.383810
0.560305
0.442194
0.454877
0.388293
0.383046
0.494587
0.264489
0.642087
0.052902
0.597366
0.260571
0.437476
0.303842
0.109281
0.671772
0.355870
0.497482
0.603529
0.185514
0.256909
0.727413
0.323265
0.409575
0.501375
0.217216
0.318090
0.327322
0.204435
0.295231
0.253443
0.232185
0.248742
0.490502
0.247700
0.188279
0.483587
0.319145
0.310445
0.148967
0.124678
0.551912
0.200815
0.451037
0.097435
0.489529
0.276689
0.585146
0.653897
0.614220
0.066629
0.456748
0.194519
0.392851
0.572301
0.341058
0.255103
0.318147
0.529364
0.184158
0.491793
0.286556
0.273258
0.333018
0.080958
0.214287
0.629234
0.148074
0.418619
0.193684
0.395509
0.370946
0.333877
0.511204
0.393534
0.332505
0.473373
0.466758
0.216242
0.244688
0.254214
0.337966
0.370619
0.569817
0.188460
0.521403
0.480188
0.226737
0.601598
0.324014
0.663387
0.347697
0.293404
0.267509
0.441709
0.498299
0.674455
0.236486
0.319373
0.445991
0.415743
0.443167
0.421974
0.238985
0.575084
0.532190
0.473983
0.485528
0.195587
0.342150
0.152039
0.485248
0.385125
0.505904
0.509193
0.634858
0.594123
0.453226
0.301678
0.395109
0.269225
0.298441
0.440916
0.142093
0.162726
0.558336
0.627733
0.462574
0.365531
0.201907
0.221371
0.586014
0.319637
0.537633
0.630398
0.198637
0.580494
0.348208
0.678386
0.653751
0.394481
0.261950
0.535466
0.362794
0.344811
0.360432
0.288125
0.402280
0.551896
0.655683
0.396271
0.426185
0.565613
0.346986
0.391057
0.324813
0.671673
0.561430
0.447033
0.459649
0.395491
0.276379
0.207757
0.146321
0.480215
0.564531
0.417696
0.529073
0.363403
0.514941
0.159953
0.215299
0.138896
0.486177
0.383738
0.237324
0.131747
0.631890
0.450299
0.409338
0.395563
0.459096
0.269846
0.267782
0.429867
0.447088
0.166553
0.532980
0.111462
0.412924
0.108830
0.293202
0.379577
0.448381
0.385780
0.453538
0.722254
0.230707
0.345307
0.449438
0.272170
0.014491
0.368198
0.311364
0.247093
0.352162
0.442561
0.397883
0.470615
0.217913
0.641433
0.167463
0.274022
0.321929
0.328766
0.523835
0.692678
0.434354
0.489791
0.588361
0.667888
0.638894
0.391178
0.118928
0.222829
0.129364
0.183641
0.629046
0.685987
0.529741
0.131241
0.385568
0.371758
0.281166
0.431824
0.612988
0.460150
0.125882
0.124050
0.516117
0.575092
0.681052
0.544841
0.257430
0.206469
0.487485
0.306552
0.404476
0.000000
0.496467
0.417895
0.409999
0.238832
0.479827
0.280311
0.109336
0.529574
0.341745
0.572539
0.435959
0.593428
0.307962
0.190863
0.241638
0.221357
0.405198
0.346349
0.473195
0.237859
0.240798
0.526025
0.464692
0.168907
0.382654
0.585682
0.275889
0.159021
0.603828
0.180520
0.548364
0.206249
0.130006
0.332460
0.350230
0.373693
0.562435
0.173244
0.393999
0.691104
0.147967
0.485658
0.495638
0.482292
0.522893
0.510445
0.541010
0.655207
0.600245
0.413897
0.150784
0.248573
0.316411
0.475082
0.342367
0.104082
0.547305
0.441930
0.377074
0.212856
0.535815
0.345063
0.588566
0.756389
0.232791
0.282457
0.214857
0.694835
0.263450
0.235331
0.435524
0.538492
0.344116
0.346482
0.578938
0.341462
0.478308
0.388066
0.270958
0.254473
0.457756
0.386265
0.294155
0.543888
0.517672
0.545729
0.501910
0.457281
0.176194
0.606087
0.595671
0.547053
0.675557
0.587090
0.588267
0.356528
0.379105
0.155671
0.541199
0.492364
0.240371
0.246997
0.354406
0.228664
0.649450
0.556034
0.513073
0.190465
0.540776
0.346965
0.433829
0.589245
0.283161
0.264105
0.285363
0.106826
0.125959
0.479170
0.243461
0.403834
0.409140
0.388060
0.427600
0.164361
0.236921
0.164108
0.458514
0.551521
0.264405
0.345672
0.361325
0.075493
0.454204
0.547263
0.390131
0.467434
0.459553
0.378334
0.546318
0.503295
0.443378
0.364350
0.287819
0.155300
0.282064
0.571099
0.482457
0.406487
0.527648
0.144952
0.235898
0.317492
0.208871
0.581143
0.391920
0.484553
0.504856
0.189709
0.634076
0.414979
0.562053
0.524643
0.273384
0.269269
0.285216
0.569390
0.450056
0.452857
0.217451
0.260356
0.391136
0.495701
0.312019
0.453500
0.561513
0.565463
0.254557
0.342612
0.318737
0.552863
0.347028
0.327675
0.563652
0.620432
0.297734
0.272051
0.560753
0.176616
0.235354
0.459839
0.317676
0.317718
0.336834
0.225984
0.581894
0.595144
0.260516
0.286609
0.326716
0.495870
0.238555
0.327469
0.073291
0.239361
0.182536
0.580436
0.381187
0.553286
0.156945
0.405436
0.256484
0.359904
0.329883
0.538687
0.573414
0.317193
0.387585
0.424218
0.338885
0.176444
0.293383
0.183735
0.559668
0.347608
0.488456
0.362884
0.687706
0.507360
0.197176
0.447050
0.394091
0.427862
0.300453
0.390326
0.193363
0.507101
0.197769
0.625203
0.293999
0.302019
0.273323
0.410901
0.226704
0.285331
0.543711
0.564324
0.467683
0.524319
0.177519
0.392299
0.196081
0.279564
0.343367
0.424624
0.141364
0.634084
0.453109
0.329566
0.337195
0.482744
0.307424
0.496270
0.632094
0.738770
0.589561
0.414480
0.240639
0.424504
0.465496
0.299114
0.359727
0.749737
0.291920
0.354573
0.202880
0.626324
0.216197
0.326200
0.170082
0.491475
0.516526
0.239528
0.466111
0.415836
0.292823
0.197725
0.512317
0.296600
0.151688
0.405882
0.470803
0.123335
0.543634
0.523122
0.420985
0.254537
0.176195
0.598818
0.296732
0.572504
0.177216
0.673035
0.517001
0.318834
0.414308
0.326314
0.419755
0.484941
0.444582
0.509533
0.280964
0.505565
0.694059
0.215942
