0.238832
0.336641
0.349524
0.100692
0.405078
0.691639
0.357032
0.285214
0.245540
0.377031
0.337808
0.082246
0.150427
0.089070
0.210648
0.272812
0.227672
0.435638
0.420959
0.141544
0.313205
0.492433
0.579093
0.556921
0.658606
0.132035
0.235845
0.354801
0.198491
0.220483
0.384547
0.317037
0.425850
0.135013
0.411687
0.409015
0.467814
0.486887
0.163257
0.328989
0.333403
0.688948
0.300618
0.305196
0.232390
0.463255
0.150746
0.291060
0.128735
0.149011
0.206253
0.139453
0.160935
0.438868
0.365559
0.480131
0.497090
0.370142
0.267599
0.296917
0.287544
0.202221
0.142960
0.355098
0.459871
0.095905
0.238908
0.247477
0.146335
0.210088
0.118185
0.324434
0.286963
0.310270
0.395185
0.216833
0.146174
0.386668
0.532523
0.291628
0.184712
0.332810
0.368806
0.388396
0.133828
0.252209
0.365372
0.393794
0.368932
0.294758
0.239307
0.248935
0.286849
0.298035
0.414025
0.174579
0.243825
0.234393
0.249634
0.143394
0.519760
0.404190
0.460806
0.400087
0.195491
0.332611
0.380578
0.319197
0.281596
0.174569
0.118825
0.349127
0.385184
0.530542
0.332154
0.258175
0.185937
0.457772
0.496037
0.406164
0.534525
0.097166
0.387398
0.350818
0.334816
0.450053
0.279337
0.358544
0.148612
0.526053
0.233325
0.226999
0.238347
0.048092
0.335515
0.432773
0.310695
0.266075
0.336581
0.224376
0.513741
0.388932
0.234476
0.163067
0.330957
0.381192
0.200398
0.370691
0.282264
0.292092
0.181248
0.287999
0.162089
0.039290
0.232163
0.485704
0.462387
0.324074
0.446043
0.647852
0.156279
0.305109
0.387544
0.218757
0.392237
0.248092
0.376500
0.172380
0.279455
0.316994
0.208545
0.528060
0.288005
0.260018
0.326915
0.445997
0.255962
0.184345
0.314971
0.315196
0.253797
0.396798
0.373439
0.195486
0.555770
0.234757
0.159473
0.342605
0.557091
0.458414
0.411801
0.345307
0.250936
0.546404
0.249843
0.507186
0.035437
0.557508
0.153323
0.339105
0.248147
0.075832
0.354755
0.405523
0.512462
0.618401
0.105755
0.199255
0.476885
0.236892
0.531769
0.309641
0.160815
0.244131
0.282255
0.211200
0.283799
0.190374
0.155096
0.214896
0.283885
0.189682
0.141863
0.412195
0.266773
0.322690
0.091232
0.111811
0.477584
0.262585
0.312468
0.090036
0.622228
0.214169
0.530660
0.424524
0.401905
0.043658
0.376431
0.138651
0.239638
0.463333
0.230378
0.156626
0.337840
0.392820
0.200160
0.356886
0.276259
0.262140
0.220025
0.051495
0.272676
0.649242
0.109394
0.324171
0.185723
0.223795
0.265629
0.407986
0.403715
0.267523
0.285066
0.276843
0.503858
0.097477
0.216968
0.178998
0.404776
0.218994
0.480972
0.100176
0.506928
0.347859
0.184064
0.489090
0.268715
0.410744
0.208391
0.297471
0.270122
0.354404
0.450238
0.577929
0.161231
0.225036
0.457806
0.320531
0.270715
0.323378
0.271116
0.529916
0.423213
0.488834
0.356188
0.196011
0.318296
0.150640
0.438151
0.315460
0.411290
0.427781
0.448634
0.342057
0.408063
0.238919
0.242102
0.230723
0.209755
0.321256
0.098510
0.103068
0.262588
0.425909
0.269171
0.249106
0.156186
0.255921
0.403715
0.278202
0.541545
0.410662
0.137617
0.304597
0.287142
0.427436
0.557731
0.335399
0.288765
0.383471
0.283225
0.289991
0.244312
0.357201
0.392823
0.305287
0.621507
0.382787
0.315700
0.375280
0.392837
0.291609
0.342096
0.646351
0.407251
0.442524
0.353699
0.306371
0.266607
0.169631
0.184332
0.421859
0.590302
0.313036
0.460216
0.201949
0.445941
0.181308
0.167335
0.087251
0.411652
0.311472
0.231063
0.121876
0.610210
0.448273
0.350493
0.262135
0.443699
0.187211
0.223977
0.323744
0.368414
0.170603
0.442993
0.087555
0.434723
0.098151
0.357929
0.328625
0.309737
0.443941
0.443042
0.471996
0.185430
0.342733
0.338329
0.261420
0.026544
0.290246
0.240622
0.210860
0.201230
0.320614
0.285161
0.346841
0.161125
0.611195
0.145848
0.243479
0.220151
0.389958
0.406428
0.436379
0.450457
0.439851
0.552428
0.594979
0.503033
0.392767
0.094785
0.246833
0.103349
0.128022
0.381002
0.523506
0.365639
0.124556
0.373184
0.306552
0.229764
0.516580
0.525607
0.430800
0.128129
0.086150
0.560845
0.428809
0.590054
0.493332
0.159380
0.248841
0.322787
0.174644
0.241653
0.000000
0.407622
0.337810
0.277957
0.113522
0.281078
0.252823
0.114234
0.553128
0.324489
0.557577
0.381634
0.581651
0.224190
0.164941
0.165382
0.131937
0.342309
0.171304
0.346803
0.224868
0.285990
0.485979
0.367544
0.180805
0.259567
0.364618
0.261650
0.101227
0.426838
0.139863
0.622036
0.175864
0.151699
0.345000
0.279605
0.463794
0.598437
0.156219
0.366667
0.664671
0.079131
0.395371
0.323342
0.445247
0.584518
0.597782
0.292893
0.495840
0.513270
0.357008
0.180959
0.193723
0.310470
0.276077
0.259871
0.133523
0.506721
0.357438
0.409223
0.258142
0.431680
0.243301
0.549026
0.604185
0.112904
0.276508
0.241149
0.495984
0.219632
0.180991
0.300548
0.398258
0.322761
0.354885
0.537090
0.352320
0.433076
0.274102
0.307041
0.200199
0.485735
0.340482
0.296597
0.360648
0.451711
0.473007
0.371716
0.374351
0.176525
0.477024
0.353424
0.391111
0.599227
0.466933
0.594676
0.285552
0.288583
0.129014
0.391753
0.334786
0.228868
0.134280
0.149333
0.199614
0.644654
0.463204
0.451542
0.135308
0.426290
0.245946
0.310043
0.506483
0.366678
0.280336
0.195128
0.112173
0.121106
0.376618
0.197487
0.312353
0.263457
0.205026
0.327682
0.196847
0.148053
0.116775
0.421015
0.464542
0.203939
0.299929
0.297690
0.068543
0.217484
0.438711
0.267878
0.434761
0.392666
0.282901
0.384424
0.478808
0.379747
0.270879
0.230077
0.105620
0.343426
0.394390
0.296785
0.472532
0.289891
0.158481
0.174750
0.285460
0.217830
0.494983
0.350500
0.443459
0.373695
0.131690
0.470078
0.323865
0.451112
0.333562
0.300609
0.206238
0.240557
0.436547
0.314439
0.356628
0.150655
0.208171
0.236521
0.512528
0.270902
0.414460
0.411216
0.452971
0.208045
0.372758
0.332054
0.503931
0.348566
0.225403
0.455849
0.449439
0.322771
0.301199
0.532775
0.133123
0.191813
0.236892
0.179810
0.325997
0.331115
0.250000
0.475548
0.531681
0.322536
0.197792
0.276199
0.475066
0.293352
0.185582
0.057822
0.274146
0.142057
0.479244
0.393550
0.373344
0.110074
0.351702
0.187030
0.332634
0.238613
0.495899
0.482143
0.311928
0.380065
0.290394
0.365570
0.218418
0.185057
0.126425
0.458980
0.425747
0.281921
0.342632
0.697718
0.457218
0.155839
0.372354
0.380037
0.244637
0.245205
0.286801
0.171250
0.381016
0.140336
0.579364
0.198754
0.236237
0.269231
0.266259
0.196263
0.223420
0.388048
0.452437
0.331678
0.575736
0.131372
0.391791
0.105544
0.173197
0.274169
0.316940
0.124245
0.576845
0.369380
0.331578
0.320634
0.323877
0.148928
0.406884
0.463711
0.417342
0.269902
0.331564
0.229241
0.351493
0.482996
0.218825
0.363341
0.610844
0.321679
0.325417
0.180970
0.663050
0.278875
0.209840
0.184513
0.382023
0.433157
0.184591
0.378293
0.204383
0.229676
0.153636
0.320033
0.251566
0.152374
0.309729
0.328683
0.114207
0.362365
0.348034
0.313619
0.399940
0.170687
0.517764
0.298607
0.316431
0.189713
0.470050
0.586058
0.207763
0.272112
0.196784
0.371851
0.343215
0.384486
0.443962
0.306524
0.365340
0.497060
0.219385
