0.282119
0.477654
0.392065
0.156714
0.414476
0.722954
0.461034
0.291060
0.311976
0.548974
0.419101
0.133796
0.148083
0.118485
0.226669
0.364979
0.277003
0.465636
0.485656
0.164975
0.340336
0.593919
0.513999
0.585536
0.713672
0.104596
0.358592
0.429803
0.225153
0.305772
0.372750
0.416301
0.456498
0.201809
0.371900
0.648967
0.547919
0.495173
0.222309
0.450728
0.291803
0.703947
0.360695
0.353565
0.201096
0.478826
0.143883
0.355346
0.164949
0.156810
0.291339
0.111969
0.195898
0.570910
0.396416
0.519616
0.557019
0.494413
0.364579
0.487740
0.331597
0.392198
0.254229
0.452735
0.560947
0.144047
0.256263
0.234726
0.197373
0.254522
0.101973
0.451263
0.336770
0.380805
0.431781
0.214354
0.231138
0.446443
0.574185
0.333244
0.190510
0.397826
0.473639
0.423278
0.187797
0.402834
0.358374
0.562616
0.401511
0.404146
0.262536
0.350705
0.256166
0.390096
0.609673
0.215669
0.375389
0.256079
0.263752
0.245678
0.574535
0.485162
0.452590
0.428276
0.182019
0.362623
0.429792
0.367415
0.440153
0.166651
0.196608
0.353424
0.481509
0.544840
0.498605
0.323519
0.231731
0.427817
0.546462
0.416667
0.654462
0.213906
0.424452
0.421804
0.370119
0.470046
0.355768
0.343478
0.168912
0.498877
0.220821
0.258062
0.326818
0.071746
0.438499
0.460563
0.417377
0.376385
0.345154
0.217928
0.526389
0.499153
0.341392
0.289504
0.374442
0.443394
0.217003
0.386761
0.281815
0.337843
0.195215
0.320359
0.170322
0.051924
0.281951
0.465614
0.485504
0.461305
0.524782
0.637491
0.202690
0.325578
0.389697
0.283123
0.414794
0.360689
0.393757
0.233902
0.399938
0.399985
0.283061
0.530191
0.393478
0.266439
0.401776
0.531513
0.247918
0.180432
0.527070
0.284022
0.236458
0.448014
0.411518
0.261990
0.638315
0.319746
0.199697
0.402666
0.527808
0.449636
0.427297
0.318960
0.279377
0.446350
0.229946
0.569527
0.059863
0.583735
0.230956
0.450357
0.278310
0.094683
0.605006
0.386823
0.540145
0.572998
0.167997
0.232019
0.625834
0.298642
0.475742
0.422281
0.215478
0.348818
0.319085
0.225375
0.323877
0.221143
0.220915
0.262890
0.352888
0.259789
0.166127
0.455536
0.319481
0.281255
0.144101
0.131033
0.491449
0.244510
0.436289
0.112874
0.499844
0.267909
0.519105
0.596838
0.525052
0.053082
0.401869
0.189115
0.412671
0.616617
0.300967
0.250483
0.304015
0.456786
0.193282
0.517153
0.324755
0.355350
0.298596
0.071746
0.253945
0.671006
0.145183
0.373210
0.190828
0.302708
0.346533
0.394514
0.461014
0.393423
0.333438
0.450681
0.543920
0.172394
0.219694
0.247615
0.426003
0.267165
0.604027
0.179933
0.555773
0.421873
0.187257
0.563716
0.297236
0.696512
0.274037
0.307954
0.268544
0.430255
0.451837
0.539819
0.218553
0.301286
0.432625
0.324407
0.408500
0.381517
0.262547
0.490022
0.447193
0.542109
0.403715
0.180365
0.308523
0.210525
0.505127
0.314588
0.413363
0.501182
0.529379
0.462122
0.466304
0.349575
0.323471
0.272749
0.231294
0.419128
0.136384
0.177509
0.470605
0.545455
0.397906
0.330749
0.207320
0.282993
0.588121
0.340689
0.447184
0.504329
0.173744
0.490454
0.357497
0.517246
0.680542
0.389057
0.275502
0.451241
0.336914
0.334834
0.336681
0.317573
0.403417
0.517159
0.612702
0.403122
0.303258
0.492057
0.338829
0.357249
0.353957
0.621950
0.523806
0.432374
0.488690
0.392613
0.296900
0.192283
0.161990
0.460139
0.577632
0.429420
0.513503
0.269410
0.394231
0.168478
0.224379
0.134949
0.478349
0.338481
0.282789
0.115415
0.655986
0.455150
0.376877
0.364643
0.445077
0.232735
0.227035
0.390062
0.505933
0.171897
0.468425
0.134922
0.436229
0.148225
0.368632
0.348573
0.378165
0.413328
0.518298
0.625164
0.187627
0.347149
0.400370
0.288324
0.011905
0.344174
0.302168
0.214308
0.318931
0.412854
0.399799
0.405353
0.215750
0.621032
0.143602
0.282655
0.315448
0.343250
0.488925
0.548514
0.443866
0.492427
0.506271
0.604423
0.532764
0.358605
0.127509
0.248100
0.106038
0.174971
0.534884
0.628609
0.418272
0.149699
0.414114
0.352608
0.264455
0.470771
0.561770
0.412166
0.115860
0.102597
0.536408
0.505465
0.672576
0.508340
0.240306
0.259221
0.509191
0.304963
0.396920
0.000000
0.450160
0.401305
0.363789
0.217758
0.383234
0.272873
0.122632
0.577243
0.299377
0.545943
0.404352
0.597934
0.268643
0.186012
0.211515
0.160286
0.431026
0.270861
0.434108
0.220302
0.289522
0.400416
0.483266
0.139247
0.397942
0.570198
0.319921
0.169654
0.598641
0.161079
0.592895
0.196733
0.144324
0.329918
0.343926
0.380256
0.607302
0.179863
0.387628
0.675995
0.124991
0.444670
0.402919
0.519408
0.597457
0.582690
0.380548
0.553147
0.560296
0.381321
0.181159
0.191490
0.340935
0.355298
0.307987
0.121080
0.497944
0.439624
0.449683
0.243677
0.499615
0.308396
0.563682
0.652560
0.198059
0.345856
0.222667
0.609747
0.227139
0.249553
0.490867
0.467007
0.356808
0.333116
0.565760
0.396870
0.461486
0.409376
0.286114
0.251544
0.529972
0.357168
0.334505
0.413805
0.497020
0.547105
0.452859
0.531334
0.186042
0.588559
0.492254
0.499803
0.639531
0.477024
0.607775
0.332937
0.316158
0.131624
0.482428
0.463277
0.254478
0.268630
0.320060
0.201194
0.697718
0.529813
0.470420
0.230712
0.526651
0.400756
0.363967
0.589132
0.333061
0.276838
0.273517
0.110049
0.109216
0.428147
0.193305
0.351925
0.369139
0.335128
0.345589
0.211260
0.222658
0.171845
0.440106
0.530958
0.221940
0.321792
0.391716
0.114811
0.385642
0.504824
0.363318
0.437344
0.448962
0.312909
0.523126
0.475751
0.440745
0.355447
0.281437
0.135016
0.314656
0.564832
0.382584
0.432457
0.401505
0.187718
0.261531
0.307672
0.217824
0.513365
0.375406
0.539717
0.469012
0.156777
0.519815
0.380466
0.482277
0.517863
0.291722
0.225912
0.247554
0.511312
0.455556
0.373191
0.172171
0.255317
0.325786
0.464314
0.289768
0.465994
0.464805
0.491141
0.264756
0.358778
0.322715
0.520178
0.315669
0.327905
0.467814
0.567567
0.285641
0.281815
0.539095
0.191535
0.236085
0.407867
0.223073
0.308453
0.411765
0.305515
0.572626
0.580122
0.338393
0.231727
0.381057
0.488801
0.220035
0.281571
0.078046
0.297690
0.169649
0.620263
0.413258
0.422253
0.153548
0.380440
0.172262
0.387700
0.275397
0.463712
0.585090
0.309661
0.440842
0.362779
0.316123
0.243621
0.218017
0.142131
0.501840
0.387174
0.424054
0.398500
0.634945
0.460563
0.186292
0.420450
0.430700
0.337535
0.322508
0.430095
0.179225
0.493719
0.193797
0.605423
0.283123
0.318170
0.294983
0.388889
0.211678
0.312884
0.513203
0.468771
0.496256
0.556252
0.181751
0.416768
0.158733
0.253996
0.297037
0.366566
0.136552
0.653397
0.427778
0.359792
0.376611
0.445669
0.305260
0.488636
0.616655
0.566326
0.527082
0.380384
0.240480
0.346725
0.431223
0.285579
0.362452
0.682714
0.313096
0.385543
0.201851
0.662450
0.216640
0.299231
0.180212
0.416589
0.509638
0.242522
0.370699
0.361034
0.309335
0.171895
0.509073
0.321276
0.167295
0.348459
0.450401
0.126657
0.513752
0.526122
0.342871
0.330297
0.180413
0.540715
0.279630
0.467847
0.191568
0.644921
0.553722
0.286011
0.434711
0.257663
0.316322
0.444088
0.400113
0.488489
0.347275
0.441228
0.501333
0.206892
