0.304995
0.433079
0.452252
0.117222
0.306003
0.544316
0.349883
0.258659
0.268074
0.470251
0.328283
0.089187
0.102576
0.053052
0.190338
0.326360
0.263340
0.383363
0.394877
0.140482
0.282769
0.530832
0.371005
0.487035
0.628787
0.116485
0.231181
0.339305
0.147831
0.271876
0.226496
0.343181
0.375059
0.146302
0.236048
0.613034
0.511839
0.420118
0.241411
0.371052
0.251264
0.635284
0.283191
0.286235
0.178203
0.451391
0.157717
0.388026
0.137322
0.094558
0.222893
0.072323
0.161132
0.531473
0.356002
0.495507
0.472028
0.417441
0.296765
0.484845
0.340087
0.303250
0.217079
0.385240
0.558346
0.110427
0.208167
0.166809
0.202705
0.280644
0.063261
0.336137
0.265696
0.305587
0.350523
0.195978
0.203671
0.348991
0.370659
0.311694
0.149831
0.312043
0.419479
0.381629
0.151755
0.287501
0.317169
0.300140
0.404710
0.420683
0.159423
0.295667
0.188435
0.242128
0.562002
0.245213
0.389483
0.267548
0.237922
0.196662
0.573020
0.431195
0.362680
0.370962
0.176064
0.280939
0.444215
0.345435
0.320674
0.114129
0.119316
0.262083
0.428381
0.471757
0.419649
0.212801
0.203311
0.375322
0.449792
0.352171
0.591221
0.245612
0.398661
0.418251
0.398145
0.466292
0.297847
0.200484
0.117771
0.511907
0.207537
0.192116
0.266917
0.062761
0.378224
0.261964
0.468749
0.312570
0.262795
0.143638
0.490029
0.483358
0.244447
0.232070
0.319356
0.487318
0.194762
0.248287
0.253184
0.235520
0.099772
0.295551
0.123080
0.037548
0.187915
0.456329
0.475048
0.434110
0.491137
0.477105
0.265664
0.287518
0.395382
0.200420
0.395414
0.293873
0.324839
0.194032
0.352066
0.265758
0.148041
0.467858
0.324532
0.180170
0.382832
0.429870
0.229610
0.173983
0.443938
0.214816
0.262032
0.495569
0.274553
0.172806
0.548700
0.217696
0.193765
0.354446
0.496838
0.364578
0.346957
0.249702
0.255152
0.330191
0.191638
0.588215
0.032444
0.444961
0.206408
0.358887
0.270509
0.083931
0.541607
0.394125
0.417738
0.436197
0.156734
0.220217
0.529453
0.260304
0.373457
0.392564
0.200518
0.325564
0.276229
0.178533
0.293766
0.141042
0.188773
0.273127
0.286430
0.276425
0.133259
0.353047
0.292828
0.230302
0.141032
0.103977
0.400216
0.189871
0.418195
0.099904
0.421217
0.186473
0.477923
0.570646
0.530718
0.016256
0.432210
0.110088
0.354587
0.457884
0.264184
0.236997
0.176110
0.322839
0.159516
0.449645
0.240980
0.288069
0.244439
0.071345
0.166929
0.684545
0.108806
0.360325
0.161357
0.259409
0.328143
0.260142
0.294170
0.348038
0.291285
0.338646
0.395153
0.152142
0.167200
0.239182
0.349854
0.269488
0.538372
0.111472
0.476197
0.291614
0.178854
0.527258
0.207351
0.515732
0.210177
0.352762
0.216437
0.337027
0.349384
0.577857
0.140932
0.227814
0.314717
0.267668
0.369627
0.378462
0.247869
0.364319
0.411892
0.436864
0.331504
0.124852
0.213724
0.167112
0.481599
0.344504
0.374074
0.409440
0.384227
0.426747
0.391538
0.372758
0.322414
0.296506
0.203904
0.374544
0.034439
0.178155
0.385751
0.428354
0.410180
0.306712
0.169186
0.202829
0.481935
0.325961
0.454220
0.473096
0.129442
0.408709
0.279624
0.491092
0.550211
0.300761
0.238692
0.368251
0.253886
0.310095
0.304243
0.223638
0.274344
0.469320
0.495895
0.411495
0.235905
0.481468
0.322752
0.238190
0.276272
0.568802
0.445007
0.408802
0.479592
0.404944
0.254297
0.126019
0.180398
0.350919
0.476495
0.398360
0.549876
0.267169
0.269186
0.178753
0.183362
0.132900
0.392697
0.309385
0.261454
0.101636
0.594116
0.343533
0.287571
0.358350
0.304591
0.200613
0.219930
0.277794
0.453397
0.149343
0.501602
0.155619
0.353362
0.105785
0.411181
0.338539
0.418962
0.473859
0.569798
0.586290
0.186883
0.318144
0.273953
0.297167
0.012323
0.322140
0.237705
0.247388
0.306316
0.288908
0.423529
0.364263
0.165917
0.644735
0.161299
0.292093
0.231738
0.345450
0.322431
0.471996
0.407240
0.434667
0.420541
0.477809
0.457176
0.308051
0.132895
0.280252
0.074977
0.222613
0.528546
0.509834
0.302116
0.105374
0.373953
0.268586
0.214347
0.354082
0.492402
0.362319
0.061264
0.074838
0.468949
0.451644
0.544512
0.484029
0.153004
0.223331
0.485802
0.265897
0.319087
-0.000000
0.259973
0.336428
0.236715
0.175175
0.388861
0.198829
0.153285
0.388194
0.285419
0.531632
0.528131
0.541584
0.218345
0.171289
0.177639
0.168189
0.407471
0.188838
0.348171
0.169404
0.238626
0.268840
0.385979
0.109776
0.289586
0.370608
0.227606
0.092769
0.538742
0.143429
0.460666
0.185616
0.118099
0.279161
0.301217
0.314916
0.548903
0.176685
0.339785
0.648106
0.087248
0.442620
0.317827
0.307651
0.467133
0.523438
0.425977
0.516297
0.590096
0.242959
0.140620
0.148523
0.269131
0.278825
0.324326
0.077249
0.471246
0.344527
0.343052
0.229388
0.431794
0.290520
0.496582
0.550154
0.161389
0.220982
0.142149
0.550262
0.174127
0.218865
0.381120
0.397485
0.300508
0.299871
0.491533
0.370658
0.328048
0.339853
0.198123
0.239672
0.422694
0.333299
0.336911
0.428303
0.427665
0.454134
0.394468
0.404982
0.145888
0.570580
0.441177
0.458493
0.453010
0.396073
0.591108
0.174008
0.276514
0.099533
0.430684
0.359505
0.181016
0.240056
0.305879
0.140799
0.578581
0.459775
0.454441
0.212685
0.428149
0.306918
0.322644
0.518954
0.315383
0.292734
0.224163
0.070700
0.060190
0.341285
0.196626
0.326303
0.258929
0.291564
0.309222
0.218901
0.183606
0.145668
0.413063
0.538837
0.190594
0.161286
0.360091
0.065786
0.300214
0.403864
0.353162
0.424975
0.480524
0.238092
0.406754
0.425442
0.367937
0.249578
0.237292
0.091289
0.291788
0.587099
0.318569
0.351959
0.348822
0.160868
0.303819
0.277058
0.162210
0.450007
0.232217
0.453508
0.312230
0.116173
0.354828
0.367898
0.393194
0.511719
0.199056
0.159655
0.241585
0.445312
0.461016
0.275523
0.193219
0.199130
0.268962
0.293104
0.317020
0.461349
0.382557
0.543882
0.207638
0.256811
0.234648
0.487929
0.235017
0.289585
0.351652
0.468021
0.339035
0.256021
0.514338
0.171362
0.189934
0.423206
0.243961
0.257837
0.298677
0.235319
0.375754
0.371270
0.321523
0.189349
0.346544
0.402114
0.205460
0.290728
0.077358
0.249402
0.123489
0.495540
0.295057
0.386814
0.122557
0.286028
0.122152
0.396006
0.206618
0.356922
0.551526
0.224834
0.315569
0.297497
0.294079
0.127915
0.226732
0.111383
0.308220
0.323670
0.442074
0.287815
0.558318
0.424467
0.151919
0.471493
0.352933
0.336971
0.229514
0.357724
0.152320
0.436459
0.199467
0.561085
0.227180
0.261120
0.196439
0.354201
0.202096
0.231817
0.492565
0.275198
0.460996
0.502889
0.139628
0.432078
0.148694
0.212882
0.187783
0.279423
0.089607
0.642355
0.382282
0.299358
0.369345
0.474386
0.247000
0.371793
0.585304
0.494492
0.506792
0.189163
0.218076
0.230306
0.318120
0.237804
0.321701
0.629027
0.273230
0.259423
0.120363
0.607527
0.127159
0.300075
0.191545
0.406992
0.417568
0.224062
0.300484
0.376604
0.275113
0.139211
0.508384
0.322788
0.125484
0.362817
0.371336
0.071297
0.418152
0.403269
0.301949
0.298377
0.147981
0.414301
0.177639
0.415157
0.119561
0.563592
0.531129
0.227083
0.303329
0.212676
0.168559
0.402034
0.296382
0.453037
0.218232
0.356277
0.521624
0.172787
