0.253876
0.441371
0.376477
0.144370
0.404033
0.682085
0.434451
0.274947
0.283663
0.452554
0.355768
0.107638
0.132530
0.112491
0.221560
0.341270
0.277003
0.469795
0.448239
0.145078
0.315364
0.519871
0.443350
0.511646
0.639441
0.096318
0.337024
0.399637
0.159317
0.301034
0.333144
0.408330
0.476091
0.190491
0.309778
0.646572
0.471963
0.469258
0.226094
0.409303
0.293444
0.673196
0.296570
0.336736
0.188893
0.404938
0.151929
0.372000
0.158286
0.149961
0.246756
0.103703
0.177790
0.542396
0.352758
0.519881
0.530884
0.426585
0.318049
0.449259
0.324864
0.326295
0.234927
0.416573
0.546154
0.131401
0.252364
0.202991
0.192400
0.213501
0.090962
0.416443
0.276031
0.371851
0.429580
0.196437
0.197743
0.409461
0.552786
0.304340
0.175014
0.342109
0.427199
0.397292
0.169106
0.384615
0.385750
0.468280
0.376369
0.383535
0.233492
0.299965
0.231779
0.379263
0.594660
0.222184
0.323534
0.218778
0.248445
0.213455
0.549968
0.417956
0.428684
0.391632
0.164652
0.375580
0.452522
0.321448
0.372423
0.134024
0.165260
0.336164
0.421457
0.555679
0.493861
0.302689
0.199163
0.434269
0.527393
0.400000
0.659165
0.222700
0.400775
0.411701
0.306791
0.434600
0.319805
0.298943
0.172806
0.475024
0.181182
0.247701
0.298454
0.063627
0.401329
0.451597
0.425604
0.333958
0.337757
0.217373
0.507718
0.532360
0.320609
0.239790
0.330891
0.404810
0.194580
0.390560
0.261796
0.280514
0.184187
0.274516
0.135608
0.045059
0.242486
0.426975
0.405547
0.416999
0.450342
0.618307
0.188264
0.318032
0.356681
0.257091
0.397382
0.280474
0.372936
0.176223
0.325785
0.382751
0.244927
0.526151
0.337248
0.255007
0.348827
0.489493
0.237104
0.156304
0.386372
0.278624
0.223733
0.393855
0.399521
0.258883
0.582201
0.289122
0.210439
0.379934
0.522326
0.427267
0.400585
0.288103
0.279944
0.433214
0.229946
0.516972
0.048115
0.544955
0.192980
0.388605
0.253610
0.086541
0.586520
0.373969
0.481837
0.571892
0.143770
0.222228
0.563528
0.286281
0.454340
0.403507
0.191282
0.308739
0.283823
0.228075
0.290037
0.187292
0.156533
0.231965
0.312004
0.261418
0.140611
0.404494
0.275168
0.249988
0.131021
0.125610
0.463651
0.255608
0.430612
0.101733
0.493976
0.234718
0.486293
0.572082
0.469216
0.047373
0.399975
0.155040
0.385705
0.586188
0.272570
0.246157
0.278395
0.380322
0.193282
0.482941
0.304349
0.293636
0.287395
0.061517
0.225947
0.662127
0.132815
0.335138
0.190892
0.283759
0.335384
0.335374
0.432111
0.356299
0.292615
0.345114
0.535206
0.152819
0.222518
0.215480
0.423400
0.250000
0.538835
0.179033
0.519344
0.283276
0.176562
0.552786
0.249445
0.654770
0.243028
0.303779
0.239114
0.393696
0.474439
0.543532
0.197227
0.253957
0.417063
0.307041
0.383306
0.345965
0.237040
0.486193
0.428130
0.513491
0.450207
0.178886
0.244071
0.183503
0.521517
0.295170
0.397536
0.440335
0.481902
0.445783
0.399127
0.368106
0.301523
0.240964
0.190534
0.399670
0.089045
0.141885
0.412591
0.474836
0.376265
0.276099
0.184197
0.247031
0.531918
0.300510
0.421927
0.470187
0.168161
0.451661
0.311919
0.503836
0.593854
0.346778
0.278259
0.462420
0.310747
0.332584
0.346469
0.256718
0.360667
0.460670
0.558445
0.401941
0.283580
0.502480
0.339678
0.346879
0.308263
0.620872
0.494762
0.417737
0.451420
0.349231
0.246823
0.193907
0.155777
0.459037
0.545387
0.383462
0.470046
0.276785
0.359452
0.133557
0.209084
0.117770
0.416856
0.334656
0.238371
0.112034
0.624642
0.445810
0.320788
0.339645
0.403068
0.212107
0.210988
0.297649
0.510968
0.160320
0.416302
0.103249
0.443696
0.137955
0.362021
0.322657
0.399755
0.409151
0.462126
0.484430
0.176407
0.347149
0.371255
0.268690
0.021843
0.327469
0.277358
0.212520
0.275690
0.379815
0.371254
0.355342
0.225120
0.605279
0.137008
0.228856
0.273322
0.325335
0.445894
0.523982
0.410814
0.452252
0.482470
0.515839
0.502619
0.372803
0.124244
0.213555
0.085467
0.164971
0.502812
0.579790
0.437517
0.141617
0.417641
0.326091
0.254052
0.418222
0.538780
0.380941
0.078775
0.099078
0.496562
0.407306
0.625681
0.466631
0.188526
0.230082
0.488059
0.275122
0.348993
0.000000
0.395257
0.397869
0.349472
0.197103
0.391177
0.262129
0.120696
0.527755
0.284720
0.553285
0.385912
0.547868
0.196039
0.160555
0.193630
0.153597
0.441370
0.279944
0.403519
0.217784
0.255102
0.362666
0.415918
0.140131
0.390728
0.496255
0.301987
0.137147
0.506484
0.155944
0.545923
0.177280
0.139471
0.312433
0.285767
0.357114
0.540088
0.152343
0.311566
0.665888
0.131263
0.432593
0.382813
0.470945
0.604463
0.559410
0.385143
0.530632
0.542267
0.312209
0.151792
0.174374
0.273866
0.328962
0.266960
0.111376
0.479603
0.399133
0.423933
0.246077
0.448381
0.270887
0.517578
0.659454
0.195966
0.323346
0.194251
0.644214
0.208990
0.213622
0.407082
0.431273
0.302770
0.327427
0.528235
0.359904
0.394855
0.353337
0.271838
0.272104
0.479808
0.358419
0.333263
0.381092
0.497020
0.541336
0.413247
0.394038
0.183985
0.602764
0.403399
0.499993
0.632829
0.518103
0.570776
0.306472
0.309518
0.130619
0.431533
0.404701
0.239958
0.197173
0.268428
0.168406
0.669823
0.465356
0.404938
0.228075
0.488109
0.357474
0.363260
0.540443
0.328226
0.268605
0.294914
0.094448
0.090338
0.385524
0.213570
0.335975
0.342450
0.277685
0.310937
0.211260
0.195396
0.151704
0.428328
0.465421
0.188827
0.316080
0.364546
0.079067
0.376970
0.475332
0.338083
0.378456
0.430387
0.306605
0.469068
0.399048
0.359317
0.315500
0.234335
0.121911
0.277799
0.504050
0.382383
0.395782
0.388440
0.181236
0.238655
0.273895
0.209441
0.454051
0.316572
0.521535
0.414170
0.146568
0.450196
0.348460
0.461500
0.507448
0.272037
0.203474
0.236490
0.500385
0.436043
0.356806
0.176657
0.229636
0.335761
0.434640
0.235541
0.441176
0.477651
0.498522
0.255676
0.299419
0.318272
0.502802
0.303017
0.315847
0.427396
0.482233
0.290200
0.264940
0.500651
0.173339
0.226260
0.284991
0.257750
0.344862
0.379296
0.294495
0.558467
0.536594
0.292587
0.252140
0.346810
0.414971
0.210178
0.268509
0.081066
0.297690
0.154800
0.574366
0.399932
0.362767
0.133123
0.336709
0.174941
0.368640
0.269197
0.464310
0.581845
0.286485
0.423998
0.324759
0.308793
0.211725
0.222950
0.123688
0.473315
0.356194
0.412631
0.361558
0.597635
0.470839
0.155311
0.426625
0.417697
0.294998
0.282698
0.391171
0.171132
0.511868
0.167556
0.560775
0.273096
0.303857
0.283762
0.375000
0.192960
0.294913
0.526568
0.428409
0.425938
0.542832
0.159709
0.411475
0.162825
0.254276
0.269679
0.375652
0.118048
0.639406
0.384898
0.369071
0.348628
0.406204
0.253525
0.447229
0.597008
0.542735
0.467830
0.356522
0.223557
0.313356
0.428187
0.284581
0.357470
0.656109
0.317517
0.276682
0.187974
0.633801
0.210672
0.284246
0.176261
0.398266
0.466998
0.224747
0.334133
0.339670
0.285296
0.173964
0.404600
0.276786
0.167295
0.328904
0.431918
0.114061
0.456463
0.419705
0.350551
0.309437
0.158079
0.509061
0.261134
0.417453
0.200674
0.583959
0.510056
0.243081
0.430526
0.240604
0.300109
0.425244
0.362326
0.455489
0.300114
0.385868
0.499806
0.181350
