1.0
1.0
0.5
0.8
0.5
0.0
0.666666666667
1.0
1.0
0.0
0.6
1.0
1.0
0.916666666667
0.666666666667
0.8
1.0
1.0
1.0
0.5
1.0
0.75
1.0
0.333333333333
1.0
0.666666666667
0.666666666667
0.0
1.0
0.0
0.857142857143
0.666666666667
0.888888888889
1.0
1.0
0.666666666667
1.0
1.0
0.4
1.0
0.5
0.444444444444
0.857142857143
0.0
1.0
1.0
1.0
0.8
0.923076923077
1.0
0.888888888889
1.0
0.6
0.0
1.0
0.0
1.0
0.5
0.0
0.0
0.909090909091
0.666666666667
0.8
1.0
0.444444444444
1.0
1.0
1.0
0.666666666667
0.444444444444
1.0
0.4
1.0
0.5
0.0
1.0
0.8
0.333333333333
0.666666666667
0.75
0.75
1.0
0.0
0.4
0.666666666667
0.333333333333
0.666666666667
1.0
0.833333333333
1.0
0.666666666667
1.0
1.0
0.666666666667
1.0
0.571428571429
1.0
1.0
1.0
0.666666666667
0.8
0.5
1.0
0.769230769231
1.0
0.75
0.666666666667
0.571428571429
1.0
1.0
1.0
1.0
0.909090909091
0.4
0.75
1.0
0.909090909091
0.666666666667
0.666666666667
0.0
1.0
1.0
1.0
0.8
0.909090909091
1.0
1.0
0.8
1.0
1.0
0.8
0.666666666667
0.8
0.75
1.0
1.0
0.444444444444
0.5
1.0
0.666666666667
0.666666666667
0.857142857143
1.0
0.909090909091
0.666666666667
0.75
1.0
1.0
0.8
0.5
1.0
0.5
0.666666666667
0.909090909091
1.0
0.588235294118
0.0
1.0
0.615384615385
0.0
0.666666666667
0.75
0.8
0.8
1.0
0.666666666667
0.0
0.571428571429
0.8
0.0
1.0
0.666666666667
1.0
1.0
1.0
1.0
1.0
0.666666666667
0.5
1.0
1.0
1.0
0.666666666667
1.0
0.333333333333
1.0
0.0
0.666666666667
0.75
0.571428571429
0.0
0.0
1.0
0.333333333333
1.0
0.615384615385
0.933333333333
1.0
1.0
0.0
0.222222222222
1.0
1.0
1.0
0.75
0.5
0.8
0.666666666667
0.666666666667
0.909090909091
0.666666666667
1.0
0.782608695652
1.0
0.5
0.666666666667
1.0
0.666666666667
0.857142857143
0.666666666667
1.0
0.769230769231
0.666666666667
1.0
0.666666666667
1.0
0.0
1.0
0.571428571429
0.857142857143
0.8
0.4
0.666666666667
0.666666666667
1.0
0.0
0.0
1.0
0.888888888889
0.857142857143
0.857142857143
0.909090909091
0.75
0.857142857143
1.0
1.0
1.0
0.6
1.0
0.0
0.333333333333
1.0
0.333333333333
0.0
1.0
0.8
0.8
0.736842105263
0.769230769231
1.0
0.909090909091
0.666666666667
1.0
1.0
1.0
1.0
0.285714285714
0.4
0.8
0.8
0.666666666667
0.888888888889
0.333333333333
0.842105263158
0.923076923077
0.571428571429
0.666666666667
0.0
1.0
1.0
1.0
0.933333333333
0.8
1.0
0.4
1.0
1.0
0.5
0.736842105263
0.333333333333
0.666666666667
0.0
1.0
0.666666666667
0.75
1.0
0.8
0.0
0.857142857143
0.4
1.0
0.666666666667
0.0
1.0
1.0
1.0
1.0
0.666666666667
0.8
0.0
1.0
1.0
1.0
0.75
1.0
1.0
0.727272727273
0.5
0.0
1.0
0.666666666667
0.4
0.666666666667
1.0
0.8
1.0
0.666666666667
1.0
1.0
0.571428571429
1.0
1.0
0.666666666667
0.8
1.0
0.0
0.333333333333
1.0
0.666666666667
1.0
0.5
0.5
0.5
0.222222222222
0.571428571429
1.0
1.0
0.0
0.0
0.666666666667
1.0
0.5
1.0
0.285714285714
1.0
0.75
0.888888888889
0.8
0.888888888889
0.6
1.0
0.5
1.0
1.0
1.0
1.0
0.4
0.5
1.0
0.0
1.0
1.0
1.0
1.0
0.0
0.666666666667
1.0
1.0
1.0
0.333333333333
0.888888888889
1.0
0.666666666667
0.666666666667
0.571428571429
0.4
0.666666666667
0.888888888889
0.923076923077
0.705882352941
0.666666666667
1.0
1.0
0.571428571429
1.0
0.666666666667
1.0
0.5
1.0
0.666666666667
0.4
0.0
1.0
0.5
0.4
0.0
0.8
0.666666666667
1.0
1.0
0.333333333333
0.5
1.0
0.4
0.666666666667
0.5
1.0
1.0
0.857142857143
0.8
0.571428571429
0.333333333333
1.0
0.666666666667
0.571428571429
1.0
0.75
1.0
1.0
0.75
0.5
0.571428571429
1.0
0.727272727273
0.8
1.0
0.5
0.666666666667
0.909090909091
0.909090909091
1.0
1.0
1.0
1.0
0.888888888889
1.0
1.0
0.333333333333
0.5
1.0
1.0
1.0
0.4
0.833333333333
0.5
0.5
1.0
0.5
0.222222222222
1.0
0.666666666667
0.0
1.0
0.888888888889
1.0
0.933333333333
0.333333333333
0.666666666667
0.8
0.666666666667
0.333333333333
0.5
1.0
0.666666666667
0.727272727273
0.0
0.0
0.666666666667
0.333333333333
1.0
0.4
1.0
0.5
1.0
0.666666666667
0.5
0.888888888889
0.875
1.0
1.0
0.5
1.0
1.0
0.666666666667
1.0
0.666666666667
1.0
0.5
1.0
0.666666666667
0.823529411765
0.5
1.0
0.75
0.8
1.0
0.727272727273
0.666666666667
0.444444444444
0.571428571429
1.0
0.5
0.0
1.0
1.0
0.75
0.0
1.0
0.666666666667
0.5
1.0
1.0
0.857142857143
0.0
1.0
1.0
0.5
0.888888888889
0.857142857143
0.615384615385
0.333333333333
1.0
1.0
1.0
0.555555555556
1.0
0.666666666667
0.545454545455
0.444444444444
1.0
1.0
0.666666666667
1.0
0.666666666667
1.0
0.8
1.0
1.0
1.0
1.0
1.0
0.666666666667
0.8
0.5
0.5
1.0
0.888888888889
0.571428571429
0.5
1.0
0.833333333333
1.0
1.0
1.0
0.666666666667
0.8
1.0
0.666666666667
0.4
0.888888888889
1.0
1.0
0.4
1.0
0.5
1.0
1.0
0.4
1.0
1.0
0.333333333333
0.727272727273
0.666666666667
1.0
0.666666666667
0.666666666667
1.0
0.444444444444
0.5
0.888888888889
0.0
1.0
1.0
0.666666666667
0.909090909091
0.571428571429
0.0
0.0
0.0
0.571428571429
1.0
0.5
1.0
1.0
0.571428571429
0.5
0.666666666667
1.0
1.0
1.0
1.0
0.857142857143
0.666666666667
0.857142857143
1.0
0.666666666667
1.0
1.0
0.0
0.666666666667
1.0
0.5
0.333333333333
1.0
0.444444444444
0.2
0.875
0.833333333333
1.0
0.0
0.888888888889
0.5
0.5
0.0
0.444444444444
0.666666666667
0.75
0.923076923077
1.0
1.0
1.0
1.0
0.5
0.333333333333
0.666666666667
1.0
0.8
0.333333333333
1.0
1.0
0.909090909091
1.0
1.0
1.0
1.0
1.0
0.888888888889
0.857142857143
1.0
0.666666666667
0.0
0.8
1.0
0.666666666667
0.0
1.0
1.0
0.666666666667
0.705882352941
1.0
1.0
0.5
1.0
0.333333333333
0.0
0.4
1.0
1.0
0.933333333333
1.0
0.857142857143
1.0
1.0
1.0
1.0
0.666666666667
0.727272727273
1.0
0.0
0.0
0.857142857143
1.0
1.0
1.0
0.0
1.0
0.0
0.5
1.0
0.666666666667
0.5
1.0
0.8
1.0
1.0
0.4
0.4
1.0
0.75
0.75
0.888888888889
0.333333333333
1.0
1.0
0.0
1.0
1.0
0.666666666667
0.888888888889
1.0
0.5
1.0
0.571428571429
1.0
0.666666666667
1.0
0.222222222222
1.0
0.75
1.0
1.0
1.0
0.5
0.0
0.666666666667
0.0
1.0
0.571428571429
1.0
0.857142857143
1.0
0.8
1.0
1.0
1.0
1.0
1.0
0.333333333333
0.5
1.0
