0.853549849395
0.801093546351
0.712790792259
0.885447415698
0.664842123461
0.627919599706
0.750347249884
0.840437742197
0.890120963418
0.735835246878
0.746940764112
0.952625178269
0.934980550365
0.977427610719
0.999999993058
0.897040534238
0.843711154213
0.675487133329
0.711038416352
0.879684427082
0.847228390381
0.600269034756
0.646089214927
0.698216772076
0.642694947432
0.904021798261
0.901798530219
0.699639618148
0.967650448581
0.709850534513
0.861303288128
0.757294215162
0.70072737419
0.942665530138
0.841042974126
0.508976900314
0.811050618681
0.942777119787
0.890627335285
0.691005505263
0.733806862403
0.593326432293
0.802496356889
0.754305560056
0.778158306177
0.860743038218
0.89735364261
0.749826628533
0.906931151281
0.944877178633
0.867483734384
0.938826569389
0.887276424123
0.828087940299
0.888928512352
0.579492954272
0.797569413943
0.715915781305
0.788910105666
0.742764510985
0.758286995252
0.807097228686
0.928194999239
0.616941244807
0.523849518308
0.961295173646
0.900092561979
0.883247348889
0.860906563761
0.77177029476
0.921750278498
0.794759075011
0.790270715931
0.646191287301
0.770854670057
0.906831069664
0.914666263683
0.599615773975
0.778710623076
0.694918316266
0.942041023616
0.87609929459
0.568542621245
0.667904932624
0.889076669736
0.858074996373
0.907337820243
0.722228532084
0.875501913117
0.866776615975
0.822173773826
0.874919154514
0.734321020547
0.846202619304
0.50345156511
0.765625923523
0.820191944642
0.594022094047
0.739878450674
0.922356600937
0.589411241453
0.770816997853
0.735728590857
0.70663200985
0.927950004738
0.843160828717
0.80104559713
0.798756905991
0.742403636664
0.960033065514
0.913505506389
0.896574638564
0.817806408667
0.706138802571
0.663896013304
0.891657792139
0.84117121738
0.785537949901
0.597521215176
0.853200945246
0.844526277289
0.884097351718
0.535931919998
0.810107735292
0.708003290814
0.577718419192
0.886913389875
0.882653774761
0.893433511431
0.435301240325
0.855334374423
0.839791970977
0.764078520555
0.998776103299
0.843570989331
0.646826501659
0.761262299944
0.789600460604
0.836939908181
0.932578072764
0.818947270343
0.825798300124
0.856082047683
0.932299266862
0.74589754663
0.704676026426
0.891534112797
0.795785802514
0.917527634131
0.805599657199
0.965498197514
0.826582703334
0.905336376342
0.984561006288
0.819123393266
0.639776389908
0.732201062401
0.879430632489
0.6945257774
0.543159309615
0.697735087738
0.753259788317
0.812567053785
0.837766777126
0.823713269345
0.872941238386
0.653719735679
0.748549415155
0.785514883213
0.709659588274
0.967564593055
0.607877608806
0.881408768255
0.720256951555
0.83012221638
0.873030279605
0.642990679145
0.892631491046
0.692866954849
0.843341665531
0.740425452449
0.739819518115
0.782536064707
0.928345713899
0.698330850351
0.901492290594
0.927353713865
0.844814419342
0.823781562252
0.803043562651
0.863529252028
0.6114576983
0.76578270474
0.881218119299
0.706947964012
0.829400210135
0.973026369231
0.682136877415
0.882380855723
0.795766277746
0.837168469821
0.972357636091
0.664120945984
0.616235671115
0.59991945058
0.689981622959
0.908785631365
0.921738186736
0.531205319024
0.818948446764
0.573132686055
0.84198677646
0.817966379455
0.898532487079
0.796297156198
0.876186456252
0.904246388321
0.865506765822
0.918861036886
0.818509467619
0.830778032406
0.856787645878
0.890659917189
0.754791158261
0.852580003459
0.754210966314
0.900669591113
0.777806329506
0.943819573186
0.68723728453
0.779870822304
0.985345668326
0.777250108115
0.852396007941
0.955202765412
0.644132509738
0.57319982119
0.974998934918
0.717885674729
0.968672120503
0.763349126289
0.777104727498
0.914971696318
0.869640950607
0.883405651964
0.831526246266
0.847430194911
0.810228171282
0.772859713178
0.860548015997
0.637413683795
0.984558237326
0.87387834195
0.653553537419
0.928354843883
0.775650892725
0.793157743955
0.719306199157
0.836954315067
0.913776152156
0.858803497303
0.691897485872
0.79943605877
0.862719063811
0.746741718395
0.950611972565
0.888299312597
0.783545043272
0.767373662741
0.806334374195
0.684163150698
0.929866458309
0.731233082868
0.929637371019
0.896511476484
0.688438892648
0.824309814911
0.678221359329
0.833849638949
0.84982184753
0.866217498672
0.783268479509
0.745999281933
0.689931883627
0.925452862349
0.894026543168
0.683264944752
0.673844869486
0.934016386074
0.815266710615
0.69558614756
0.821110603125
0.57122817523
0.784544256942
0.808012956431
0.912602636613
0.923976983591
0.886807607607
0.727923601424
0.754038090822
0.871161849915
0.729186262502
0.759091341101
0.645402207205
0.706029381633
0.835433370727
0.922063027293
0.734526854643
0.889057636294
0.852083490978
0.999999996515
0.915032739005
0.725831227551
0.719609202651
0.782530543205
0.830335724754
0.800997908669
0.844734730226
0.882236191717
0.875175243048
0.827453393792
0.798789991659
0.926759785699
0.756031302617
0.799625815572
0.899089023868
0.555483627385
0.824083294937
0.759235356842
0.729264841347
0.873434764999
0.940512159143
0.762393890146
0.83490126251
0.807892782638
0.610772935263
0.668754036826
0.855779577637
0.862084895378
0.65037311375
0.935536917161
0.839310403602
0.798761959119
0.665667490545
0.728874454302
0.725243097001
0.777399131071
0.675959426907
0.919092318163
0.886201839517
0.862652977571
0.812355239544
0.753558014326
0.823347167572
0.74863550957
0.837757882276
0.935911956993
0.876853966712
0.900788156501
0.834593393228
0.840541650274
0.797488740319
0.752471921581
0.909256543923
0.797203757041
0.781327984317
0.853414324661
0.80911905706
0.725777643578
0.887981498076
0.912159151019
0.857958004366
0.741701567029
0.956882972837
0.468872715464
0.938565322639
0.799499003738
0.909517413156
0.581176308994
0.693298341164
0.501830785108
0.65130024477
0.667359369291
0.808899368527
0.799689375759
0.83892372544
0.74412744067
0.551603624259
0.999999996672
0.760315256757
0.856763816061
0.903977598211
0.901426861945
0.777774542179
0.877401393855
0.50789725984
0.826113637785
0.535377503155
0.895822129953
0.638797554586
0.848009013152
0.739770331739
0.780616602269
0.478136439228
0.880310959443
0.839365017839
0.856380114716
0.744196898046
0.660973770546
0.854764124037
0.915443569259
0.744098589859
0.964015186336
0.867869178249
0.806897987212
0.625685755235
0.90001536883
0.915374624106
0.751146092594
0.820090256556
0.916895182086
0.679070686316
0.595170262147
0.717053939079
0.993485365903
0.959234154273
0.667466048766
0.785773052876
0.828793243989
0.793953723095
0.858109957729
0.758111384681
0.640000672326
0.818137258508
0.765870870017
0.9999999952
0.771198491138
0.939150312539
0.847640691555
0.910515896537
0.849018629672
0.913309182669
0.916069888745
0.903692762302
0.849022202753
0.86144638289
0.595497759806
0.675257169715
0.828914456217
0.819235187023
0.945944077543
0.909888995713
0.677934630662
0.939007299928
0.476378380998
0.827250395978
0.886245578715
0.874539270092
0.323862739857
0.937506896925
0.818824716479
0.828448308793
0.858110826709
0.916703094016
0.5703100669
0.889686641172
0.367099696196
0.863590781618
0.840007894657
0.77736830772
0.92105385353
0.724762685956
0.664879422473
0.907257632854
0.791227850216
0.599393936491
0.90017203473
0.640830067636
0.791574071249
0.853655670013
0.806438395237
0.853165802546
0.667599470939
0.792574040042
0.588812066328
0.791782794752
0.896014503044
0.87526117173
0.848870150828
0.797853205715
0.807069280836
0.927061509581
0.769187717735
0.698665263664
0.726192794963
0.841722475331
0.76463954631
0.895412105229
0.708444484835
0.707209945556
0.937073693051
0.887454622832
0.955059817692
0.521018644677
0.790146914657
0.944857208405
0.626042454926
0.704427339742
0.906713444489
0.865336745848
0.767165819012
0.710881614056
0.818069656062
0.76510063068
0.932582801503
0.887481667232
0.587218120828
0.7321737344
0.594489285054
0.734604759775
0.830002558696
0.549282768024
0.739107429437
0.659358759725
0.890032462992
0.770101161697
0.61412707531
0.622062566159
0.774391513025
0.761918867852
0.677014373229
0.804358230092
0.782485251702
0.920861295296
0.752053381583
0.713630896438
0.912572879535
0.927958747155
0.866288150513
0.910123521064
0.822729690614
0.695458070673
0.860743038218
0.803209295989
0.666765141585
0.673500665024
0.917794852537
0.718637990312
0.848772855061
0.724798154398
0.911496437156
0.952693208261
0.936526030695
0.690995172599
0.87760067608
0.796952542158
0.851288554993
0.825418748695
0.758269638889
0.750497334035
0.852393366834
0.913711535982
0.749694052388
0.670737265414
0.874848675648
0.913942543732
0.809169925274
0.928511205148
0.905757370572
0.589876959201
0.775579232686
0.809252838085
0.783397174137
0.851648186253
0.743232056021
0.754168648688
0.775794800283
0.895920400546
0.875064485601
0.902570437623
0.824994444921
0.82911234371
0.71388361366
0.845110288009
0.85222063225
0.851394706562
0.91656248479
0.763956737029
0.843196035082
0.845972064771
0.76541594949
0.528729727086
0.857810074401
0.960331879302
0.717508744322
0.704475798526
0.888276087787
0.725526629787
0.592718244039
0.820497209965
0.935133746056
0.835293897524
0.802845514396
0.804215273925
0.831589194672
0.91236682385
0.823906855955
0.833842022591
0.773527655747
0.689001200739
0.68877266004
0.749746098831
0.82216542304
0.828970058447
0.563227041277
0.69114961394
0.88202582488
0.821937702851
0.745042715003
0.722052206424
0.816801407019
0.731694197936
0.727603006768
0.874333968589
0.825918971226
0.749956805278
0.961352769406
0.733176323635
0.833287058117
0.775828490698
0.719916006143
0.743692360464
0.84681741462
0.90180002149
0.74913425243
0.902356611699
0.628957360005
0.847002810205
0.959964809016
0.808625102551
0.903376162409
0.678790443423
0.664842123461
0.705333367348
0.950161208198
0.827726640758
0.916432789707
0.700270396507
0.883803119667
0.912050005063
0.646639959191
0.834527914263
0.811408026078
0.912793231691
0.791004224417
0.854739790091
0.925463968462
0.923964068652
0.904338534361
0.680157376283
0.666533200064
0.673086329095
0.687191344388
0.810650173903
0.902308375934
0.706870105734
0.701958801805
0.783500786986
0.91713529237
0.735838986917
0.944589976491
0.535954267735
0.968389262983
0.71929850028
0.793620573665
0.710460383586
0.752900214489
0.86436606515
0.82779567292
0.754231442193
0.784041321491
0.805588875906
0.864604205598
0.816036575578
0.906774294674
0.872431915807
0.908434810636
0.914304240329
0.812948867921
0.774434875305
0.937030284151
0.680576819655
0.888061342703
0.913722300583
0.578243498661
0.74656109944
0.863030648549
0.783753699502
0.694079991835
0.694318274572
0.649387081034
0.905412230624
0.96706720863
0.850690775981
0.843576877878
0.947259585339
0.815736920203
0.651281231632
0.814639880195
0.728640830079
0.888796551407
0.712919163655
0.943122575177
0.942427055518
0.930853429363
0.903344704205
0.651440897945
0.825706867051
0.865533049006
0.93892925713
0.85619251336
0.90733705002
0.73438028613
0.902260340128
0.949065218046
0.859707750352
0.740372525164
0.975365030887
0.722173890907
0.509605615022
0.859693360607
0.884726323988
0.842782652609
0.901830181957
0.833747000139
0.801878924814
0.911896729326
0.626982065696
0.672195203599
0.884645051653
0.645980279954
0.907698692419
0.893301187001
0.896710992086
0.82149161473
0.421902453269
0.839762225869
0.685680649246
0.693147614808
0.731475441263
