0.625
0.4
0.0
0.714285714286
0.0
0.0
0.0
0.24
0.3
0.0
0.0
0.533333333333
0.56
0.413793103448
0.6
0.470588235294
0.0
0.0
0.0
0.421052631579
0.105263157895
0.0
0.0
0.0
0.0
0.666666666667
0.344827586207
0.0
0.615384615385
0.518518518519
0.0
0.0
0.173913043478
0.32
0.210526315789
0.0
0.111111111111
0.210526315789
0.631578947368
0.0
0.428571428571
0.111111111111
0.30303030303
0.0952380952381
0.266666666667
0.0
0.666666666667
0.363636363636
0.615384615385
0.470588235294
0.0
0.7
0.636363636364
0.0
0.434782608696
0.235294117647
0.111111111111
0.125
0.296296296296
0.114285714286
0.0
0.56
0.58064516129
0.0
0.230769230769
0.782608695652
0.222222222222
0.125
0.533333333333
0.411764705882
0.230769230769
0.0
0.2
0.0
0.526315789474
0.428571428571
0.545454545455
0.222222222222
0.0
0.210526315789
0.555555555556
0.5
0.428571428571
0.0
0.521739130435
0.16
0.0
0.0
0.125
0.272727272727
0.190476190476
0.171428571429
0.25
0.162162162162
0.0
0.111111111111
0.421052631579
0.111111111111
0.375
0.48275862069
0.142857142857
0.0833333333333
0.0
0.137931034483
0.551724137931
0.461538461538
0.206896551724
0.4
0.0
0.666666666667
0.193548387097
0.117647058824
0.25
0.0
0.0571428571429
0.307692307692
0.588235294118
0.0
0.222222222222
0.0
0.0
0.636363636364
0.0
0.181818181818
0.285714285714
0.0
0.666666666667
0.375
0.387096774194
0.181818181818
0.48
0.260869565217
0.16
0.6875
0.214285714286
0.0
0.333333333333
0.4
0.4
0.6
0.181818181818
0.0
0.2
0.484848484848
0.333333333333
0.260869565217
0.206896551724
0.222222222222
0.380952380952
0.48
0.0
0.428571428571
0.5
0.85
0.260869565217
0.363636363636
0.266666666667
0.181818181818
0.166666666667
0.0
0.470588235294
0.4
0.0
0.518518518519
0.470588235294
0.1875
0.1
0.5
0.19512195122
0.148148148148
0.357142857143
0.210526315789
0.571428571429
0.210526315789
0.117647058824
0.0
0.0
0.514285714286
0.0
0.56
0.5
0.380952380952
0.142857142857
0.294117647059
0.0
0.484848484848
0.642857142857
0.24
0.125
0.190476190476
0.133333333333
0.0
0.4
0.0
0.5
0.56
0.666666666667
0.0
0.410256410256
0.129032258065
0.416666666667
0.625
0.0
0.0
0.266666666667
0.0
0.620689655172
0.740740740741
0.111111111111
0.166666666667
0.142857142857
0.105263157895
0.733333333333
0.25
0.181818181818
0.666666666667
0.266666666667
0.357142857143
0.8
0.5625
0.142857142857
0.742857142857
0.777777777778
0.3
0.384615384615
0.363636363636
0.810810810811
0.727272727273
0.4
0.538461538462
0.272727272727
0.733333333333
0.0
0.378378378378
0.363636363636
0.0
0.0
0.434782608696
0.0
0.25
0.125
0.16
0.545454545455
0.315789473684
0.210526315789
0.166666666667
0.7
0.0
0.0
0.181818181818
0.571428571429
0.702702702703
0.24
0.0
0.642857142857
0.230769230769
0.4
0.457142857143
0.30303030303
0.235294117647
0.235294117647
0.315789473684
0.526315789474
0.380952380952
0.0
0.516129032258
0.4
0.608695652174
0.3
0.25
0.142857142857
0.52380952381
0.0
0.0
0.782608695652
0.285714285714
0.421052631579
0.0
0.117647058824
0.0
0.411764705882
0.275862068966
0.0
0.0
0.466666666667
0.16
0.0
0.5
0.538461538462
0.285714285714
0.190476190476
0.111111111111
0.4
0.0
0.0714285714286
0.571428571429
0.363636363636
0.608695652174
0.333333333333
0.0
0.181818181818
0.0625
0.0
0.117647058824
0.285714285714
0.5
0.3
0.315789473684
0.454545454545
0.413793103448
0.6875
0.540540540541
0.277777777778
0.0
0.5
0.24
0.111111111111
0.444444444444
0.2
0.588235294118
0.0
0.363636363636
0.642857142857
0.142857142857
0.272727272727
0.0
0.0
0.347826086957
0.0909090909091
0.0
0.3
0.636363636364
0.428571428571
0.380952380952
0.0
0.153846153846
0.0
0.428571428571
0.285714285714
0.181818181818
0.210526315789
0.307692307692
0.153846153846
0.0
0.173913043478
0.333333333333
0.285714285714
0.190476190476
0.571428571429
0.7
0.2
0.153846153846
0.0
0.166666666667
0.4
0.4
0.285714285714
0.592592592593
0.529411764706
0.357142857143
0.0
0.352941176471
0.0
0.47619047619
0.125
0.3
0.571428571429
0.3
0.631578947368
0.466666666667
0.631578947368
0.5
0.133333333333
0.642857142857
0.0
0.692307692308
0.0
0.521739130435
0.0
0.0
0.333333333333
0.0
0.0
0.0
0.555555555556
0.533333333333
0.153846153846
0.285714285714
0.823529411765
0.272727272727
0.315789473684
0.347826086957
0.222222222222
0.272727272727
0.235294117647
0.166666666667
0.47619047619
0.0
0.571428571429
0.08
0.545454545455
0.0
0.142857142857
0.0
0.0
0.0714285714286
0.266666666667
0.307692307692
0.153846153846
0.2
0.58064516129
0.444444444444
0.363636363636
0.705882352941
0.117647058824
0.0
0.272727272727
0.615384615385
0.266666666667
0.171428571429
0.322580645161
0.0
0.0
0.111111111111
0.594594594595
0.4
0.0
0.307692307692
0.0
0.235294117647
0.647058823529
0.266666666667
0.0
0.263157894737
0.16
0.666666666667
0.0869565217391
0.148148148148
0.285714285714
0.228571428571
0.216216216216
0.538461538462
0.666666666667
0.142857142857
0.25
0.222222222222
0.0
0.0
0.322580645161
0.736842105263
0.363636363636
0.545454545455
0.105263157895
0.411764705882
0.2
0.666666666667
0.285714285714
0.347826086957
0.0
0.538461538462
0.210526315789
0.0740740740741
0.315789473684
0.642857142857
0.0
0.631578947368
0.117647058824
0.380952380952
0.47619047619
0.272727272727
0.4
0.142857142857
0.142857142857
0.533333333333
0.0
0.1
0.72
0.1
0.296296296296
0.133333333333
0.0
0.111111111111
0.181818181818
0.272727272727
0.0
0.230769230769
0.545454545455
0.384615384615
0.2
0.111111111111
0.444444444444
0.285714285714
0.0
0.129032258065
0.0
0.4
0.0
0.315789473684
0.1
0.0
0.538461538462
0.324324324324
0.666666666667
0.0
0.275862068966
0.625
0.210526315789
0.4
0.272727272727
0.0
0.210526315789
0.2
0.0769230769231
0.1
0.307692307692
0.125
0.0
0.363636363636
0.2
0.230769230769
0.0
0.133333333333
0.222222222222
0.363636363636
0.571428571429
0.0
0.454545454545
0.347826086957
0.266666666667
0.210526315789
0.0
0.0
0.466666666667
0.714285714286
0.162162162162
0.0
0.206896551724
0.318181818182
0.294117647059
0.484848484848
0.133333333333
0.0
0.0
0.526315789474
0.181818181818
0.25
0.521739130435
0.111111111111
0.285714285714
0.3
0.307692307692
0.592592592593
0.47619047619
0.0869565217391
0.210526315789
0.0769230769231
0.142857142857
0.461538461538
0.333333333333
0.4
0.333333333333
0.648648648649
0.0625
0.153846153846
0.444444444444
0.363636363636
0.210526315789
0.888888888889
0.4375
0.0
0.333333333333
0.173913043478
0.47619047619
0.421052631579
0.0
0.0
0.0
0.242424242424
0.0
0.434782608696
0.111111111111
0.0625
0.0
0.117647058824
0.171428571429
0.666666666667
0.48275862069
0.416666666667
0.5
0.307692307692
0.117647058824
0.0
0.0869565217391
0.266666666667
0.470588235294
0.25
0.3
0.105263157895
0.0
0.545454545455
0.733333333333
0.285714285714
0.0
0.526315789474
0.551724137931
0.48275862069
0.266666666667
0.181818181818
0.5
0.133333333333
0.0
0.142857142857
0.727272727273
0.0
0.285714285714
0.0
0.444444444444
0.357142857143
0.190476190476
0.0
0.307692307692
0.235294117647
0.0
0.625
0.625
0.0588235294118
0.0
0.0833333333333
0.32
0.142857142857
0.0
0.0
0.315789473684
0.5
0.222222222222
0.0
0.333333333333
0.4
0.923076923077
0.333333333333
0.210526315789
0.0
0.0
0.0
0.592592592593
0.235294117647
0.461538461538
0.142857142857
0.32
0.0
0.222222222222
0.266666666667
0.181818181818
0.47619047619
0.181818181818
0.72
0.592592592593
0.647058823529
0.625
0.0
0.333333333333
0.4
0.0
0.0
0.5
0.133333333333
0.173913043478
0.388888888889
0.266666666667
0.153846153846
0.545454545455
0.0
0.695652173913
0.0
0.615384615385
0.25
0.0
0.588235294118
0.30303030303
0.375
0.2
0.0
0.137931034483
0.0
0.56
0.0
0.608695652174
0.526315789474
0.347826086957
0.545454545455
0.615384615385
0.0
0.148148148148
0.285714285714
0.0
0.0
0.4375
0.0
0.133333333333
0.111111111111
0.1
0.210526315789
0.6
0.111111111111
0.3
0.5625
0.285714285714
0.0
0.363636363636
0.117647058824
0.58064516129
0.0
0.0
0.368421052632
0.692307692308
0.25
0.0
0.48
0.363636363636
0.142857142857
0.285714285714
0.307692307692
0.102564102564
0.457142857143
0.631578947368
0.0
0.210526315789
0.5625
0.0714285714286
0.0
0.230769230769
0.0
0.4
0.142857142857
0.210526315789
0.307692307692
0.0740740740741
0.125
0.105263157895
0.5625
0.166666666667
0.0833333333333
0.375
0.190476190476
0.352941176471
0.0
0.222222222222
0.210526315789
0.0
0.190476190476
