0.666666666667
0.631578947368
0.5
0.75
0.315789473684
0.4
0.5
0.689655172414
0.75
0.5
0.625
0.823529411765
0.758620689655
0.909090909091
0.571428571429
0.666666666667
0.666666666667
0.380952380952
0.555555555556
0.782608695652
0.608695652174
0.352941176471
0.333333333333
0.375
0.428571428571
0.823529411765
0.606060606061
0.454545454545
0.8
0.645161290323
0.777777777778
0.5
0.592592592593
0.827586206897
0.521739130435
0.421052631579
0.454545454545
0.521739130435
0.782608695652
0.416666666667
0.666666666667
0.454545454545
0.594594594595
0.48
0.631578947368
0.592592592593
0.785714285714
0.538461538462
0.8
0.736842105263
0.72
0.916666666667
0.769230769231
0.538461538462
0.592592592593
0.47619047619
0.454545454545
0.5
0.516129032258
0.461538461538
0.529411764706
0.620689655172
0.8
0.333333333333
0.466666666667
0.814814814815
0.774193548387
0.7
0.705882352941
0.736842105263
0.866666666667
0.521739130435
0.411764705882
0.6
0.608695652174
0.777777777778
0.810810810811
0.545454545455
0.5
0.608695652174
0.9
0.5625
0.555555555556
0.444444444444
0.740740740741
0.620689655172
0.857142857143
0.6
0.666666666667
0.615384615385
0.72
0.615384615385
0.7
0.585365853659
0.461538461538
0.545454545455
0.608695652174
0.454545454545
0.6
0.848484848485
0.444444444444
0.5
0.470588235294
0.484848484848
0.848484848485
0.6
0.545454545455
0.631578947368
0.551724137931
0.838709677419
0.857142857143
0.666666666667
0.6
0.470588235294
0.512820512821
0.588235294118
0.684210526316
0.56
0.454545454545
0.571428571429
0.428571428571
0.769230769231
0.4
0.666666666667
0.555555555556
0.545454545455
0.709677419355
0.8
0.8
0.4
0.689655172414
0.740740740741
0.620689655172
0.944444444444
0.5625
0.5
0.636363636364
0.588235294118
0.736842105263
0.833333333333
0.538461538462
0.555555555556
0.590909090909
0.702702702703
0.5
0.444444444444
0.727272727273
0.645161290323
0.8
0.620689655172
0.888888888889
0.6875
0.875
0.954545454545
0.740740740741
0.461538461538
0.526315789474
0.666666666667
0.571428571429
0.315789473684
0.666666666667
0.529411764706
0.454545454545
0.645161290323
0.571428571429
0.611111111111
0.5
0.642857142857
0.577777777778
0.516129032258
0.75
0.521739130435
0.72
0.608695652174
0.571428571429
0.625
0.444444444444
0.769230769231
0.444444444444
0.620689655172
0.666666666667
0.48
0.666666666667
0.684210526316
0.352941176471
0.648648648649
0.75
0.551724137931
0.5
0.56
0.736842105263
0.545454545455
0.736842105263
0.521739130435
0.625
0.620689655172
0.941176470588
0.428571428571
0.744186046512
0.457142857143
0.642857142857
0.888888888889
0.375
0.285714285714
0.526315789474
0.6
0.848484848485
0.709677419355
0.454545454545
0.642857142857
0.555555555556
0.521739130435
0.764705882353
0.785714285714
0.461538461538
0.774193548387
0.631578947368
0.6875
0.823529411765
0.722222222222
0.666666666667
0.769230769231
0.818181818182
0.583333333333
0.733333333333
0.666666666667
0.829268292683
0.769230769231
0.631578947368
0.733333333333
0.538461538462
0.882352941176
0.6
0.682926829268
0.8
0.421052631579
0.421052631579
0.962962962963
0.47619047619
0.928571428571
0.5
0.413793103448
0.594594594595
0.695652173913
0.695652173913
0.6
0.75
0.5
0.470588235294
0.692307692308
0.625
0.926829268293
0.758620689655
0.5
0.8125
0.6
0.714285714286
0.564102564103
0.702702702703
0.666666666667
0.666666666667
0.608695652174
0.608695652174
0.56
0.5
0.857142857143
0.75
0.740740740741
0.666666666667
0.714285714286
0.555555555556
0.826086956522
0.315789473684
0.692307692308
0.740740740741
0.48
0.782608695652
0.375
0.666666666667
0.538461538462
0.684210526316
0.606060606061
0.4
0.434782608696
0.823529411765
0.620689655172
0.526315789474
0.583333333333
0.8
0.625
0.48
0.727272727273
0.526315789474
0.666666666667
0.625
0.8
0.8
0.666666666667
0.571428571429
0.631578947368
0.666666666667
0.444444444444
0.533333333333
0.571428571429
0.48
0.6
0.583333333333
0.608695652174
0.692307692308
0.606060606061
1.0
0.731707317073
0.6
0.631578947368
0.642857142857
0.620689655172
0.636363636364
0.818181818182
0.5
0.736842105263
0.555555555556
0.538461538462
0.75
0.5625
0.538461538462
0.454545454545
0.4
0.592592592593
0.538461538462
0.5
0.666666666667
0.769230769231
0.4375
0.64
0.666666666667
0.352941176471
0.375
0.555555555556
0.777777777778
0.461538461538
0.782608695652
0.666666666667
0.470588235294
0.363636363636
0.518518518519
0.571428571429
0.555555555556
0.56
0.666666666667
0.833333333333
0.666666666667
0.470588235294
0.4
0.428571428571
0.5
0.689655172414
0.8
0.774193548387
0.789473684211
0.8125
0.526315789474
0.666666666667
0.526315789474
0.72
0.6
0.583333333333
0.72
0.583333333333
0.608695652174
0.764705882353
0.695652173913
0.7
0.421052631579
0.875
0.380952380952
0.866666666667
0.421052631579
0.814814814815
0.375
0.5625
0.5
0.375
0.5
0.571428571429
0.636363636364
0.631578947368
0.533333333333
0.444444444444
1.0
0.538461538462
0.695652173913
0.740740740741
0.709677419355
0.615384615385
0.473684210526
0.375
0.72
0.421052631579
0.8
0.551724137931
0.692307692308
0.4
0.555555555556
0.333333333333
0.6
0.5625
0.631578947368
0.588235294118
0.470588235294
0.714285714286
0.742857142857
0.58064516129
0.864864864865
0.761904761905
0.571428571429
0.444444444444
0.538461538462
0.866666666667
0.526315789474
0.564102564103
0.742857142857
0.352941176471
0.428571428571
0.454545454545
0.926829268293
0.916666666667
0.625
0.470588235294
0.6
0.47619047619
0.684210526316
0.631578947368
0.5
0.666666666667
0.551724137931
0.909090909091
0.592592592593
0.58064516129
0.625
0.666666666667
0.634146341463
0.733333333333
0.838709677419
0.444444444444
0.7
0.545454545455
0.470588235294
0.375
0.571428571429
0.782608695652
0.756756756757
0.756756756757
0.347826086957
0.736842105263
0.428571428571
0.727272727273
0.8
0.666666666667
0.363636363636
0.866666666667
0.608695652174
0.516129032258
0.695652173913
0.875
0.380952380952
0.809523809524
0.47619047619
0.72
0.72
0.615384615385
0.666666666667
0.444444444444
0.444444444444
0.736842105263
0.571428571429
0.333333333333
0.758620689655
0.416666666667
0.516129032258
0.631578947368
0.4
0.545454545455
0.432432432432
0.538461538462
0.526315789474
0.666666666667
0.756756756757
0.8
0.666666666667
0.636363636364
0.645161290323
0.72
0.5
0.514285714286
0.421052631579
0.689655172414
0.545454545455
0.695652173913
0.416666666667
0.4
0.8
0.682926829268
0.88
0.363636363636
0.727272727273
0.777777777778
0.434782608696
0.526315789474
0.692307692308
0.588235294118
0.521739130435
0.588235294118
0.466666666667
0.5
0.733333333333
0.8
0.333333333333
0.461538461538
0.583333333333
0.6
0.8
0.421052631579
0.545454545455
0.533333333333
0.8
0.444444444444
0.538461538462
0.518518518519
0.526315789474
0.608695652174
0.352941176471
0.588235294118
0.588235294118
0.875
0.536585365854
0.5
0.666666666667
0.708333333333
0.631578947368
0.756756756757
0.526315789474
0.421052631579
0.592592592593
0.695652173913
0.533333333333
0.5
0.666666666667
0.454545454545
0.666666666667
0.5
0.705882352941
0.903225806452
0.88
0.592592592593
0.782608695652
0.533333333333
0.6875
0.666666666667
0.647058823529
0.631578947368
0.7
0.780487804878
0.388888888889
0.470588235294
0.709677419355
0.8
0.608695652174
0.909090909091
0.666666666667
0.545454545455
0.545454545455
0.592592592593
0.64
0.695652173913
0.47619047619
0.416666666667
0.533333333333
0.594594594595
0.666666666667
0.888888888889
0.545454545455
0.444444444444
0.421052631579
0.571428571429
0.410256410256
0.785714285714
0.727272727273
0.714285714286
0.6
0.470588235294
0.666666666667
0.444444444444
0.592592592593
0.823529411765
0.571428571429
0.6
0.666666666667
0.521739130435
0.6
0.769230769231
0.823529411765
0.555555555556
0.380952380952
0.782608695652
0.727272727273
0.787878787879
0.647058823529
0.615384615385
0.642857142857
0.526315789474
0.380952380952
0.555555555556
0.756756756757
0.689655172414
0.545454545455
0.666666666667
0.709677419355
0.5625
0.48
0.470588235294
0.705882352941
0.571428571429
0.375
0.777777777778
0.722222222222
0.526315789474
0.769230769231
0.642857142857
0.551724137931
0.333333333333
0.47619047619
0.4
0.521739130435
0.75
0.454545454545
0.631578947368
0.625
0.689655172414
0.933333333333
0.75
0.761904761905
0.285714285714
0.315789473684
0.352941176471
0.838709677419
0.666666666667
0.866666666667
0.555555555556
0.620689655172
0.666666666667
0.451612903226
0.647058823529
0.538461538462
0.8
0.615384615385
0.758620689655
0.838709677419
0.842105263158
0.7
0.636363636364
0.454545454545
0.631578947368
0.421052631579
0.533333333333
0.75
0.421052631579
0.444444444444
0.6
0.588235294118
0.466666666667
0.769230769231
0.4
0.888888888889
0.375
0.705882352941
0.5
0.666666666667
0.666666666667
0.756756756757
0.7
0.416666666667
0.5
0.545454545455
0.421052631579
0.758620689655
0.615384615385
0.814814814815
0.782608695652
0.740740740741
0.692307692308
0.866666666667
0.333333333333
0.58064516129
0.666666666667
0.375
0.461538461538
0.666666666667
0.416666666667
0.526315789474
0.363636363636
0.416666666667
0.608695652174
0.823529411765
0.727272727273
0.666666666667
0.666666666667
0.48
0.375
0.692307692308
0.666666666667
0.8
0.352941176471
0.823529411765
0.714285714286
0.733333333333
0.714285714286
0.5
0.758620689655
0.533333333333
0.652173913043
0.777777777778
0.8
0.46511627907
0.666666666667
0.869565217391
0.526315789474
0.521739130435
0.888888888889
0.5
0.333333333333
0.666666666667
0.428571428571
0.764705882353
0.666666666667
0.695652173913
0.558139534884
0.774193548387
0.5
0.434782608696
0.722222222222
0.428571428571
0.714285714286
0.8
0.56
0.571428571429
0.470588235294
0.769230769231
0.608695652174
0.421052631579
0.64
