0.647058823529
0.470588235294
0.111111111111
0.733333333333
0.117647058824
0.0
0.176470588235
0.37037037037
0.454545454545
0.111111111111
0.133333333333
0.5
0.592592592593
0.5
0.5
0.526315789474
0.2
0.105263157895
0.25
0.545454545455
0.285714285714
0.133333333333
0.125
0.142857142857
0.0
0.733333333333
0.387096774194
0.2
0.642857142857
0.466666666667
0.375
0.181818181818
0.32
0.444444444444
0.380952380952
0.235294117647
0.2
0.380952380952
0.545454545455
0.0
0.5
0.3
0.4
0.260869565217
0.235294117647
0.24
0.64
0.416666666667
0.714285714286
0.555555555556
0.173913043478
0.833333333333
0.666666666667
0.166666666667
0.32
0.315789473684
0.2
0.235294117647
0.413793103448
0.27027027027
0.1875
0.592592592593
0.666666666667
0.125
0.333333333333
0.692307692308
0.413793103448
0.4
0.545454545455
0.555555555556
0.5
0.190476190476
0.3125
0.222222222222
0.434782608696
0.5
0.685714285714
0.4
0.0
0.434782608696
0.65
0.533333333333
0.235294117647
0.0
0.666666666667
0.37037037037
0.333333333333
0.0
0.411764705882
0.444444444444
0.434782608696
0.378378378378
0.444444444444
0.358974358974
0.0
0.347826086957
0.47619047619
0.2
0.333333333333
0.58064516129
0.25
0.230769230769
0.0
0.193548387097
0.709677419355
0.5
0.322580645161
0.470588235294
0.148148148148
0.709677419355
0.424242424242
0.315789473684
0.333333333333
0.133333333333
0.27027027027
0.4
0.540540540541
0.260869565217
0.3
0.166666666667
0.166666666667
0.666666666667
0.0
0.461538461538
0.375
0.222222222222
0.689655172414
0.6
0.529411764706
0.307692307692
0.592592592593
0.307692307692
0.296296296296
0.823529411765
0.333333333333
0.2
0.47619047619
0.470588235294
0.588235294118
0.75
0.333333333333
0.125
0.380952380952
0.514285714286
0.384615384615
0.307692307692
0.387096774194
0.296296296296
0.521739130435
0.518518518519
0.375
0.466666666667
0.8
0.837209302326
0.4
0.416666666667
0.352941176471
0.461538461538
0.307692307692
0.0
0.526315789474
0.411764705882
0.2
0.551724137931
0.526315789474
0.294117647059
0.181818181818
0.571428571429
0.372093023256
0.275862068966
0.48275862069
0.380952380952
0.608695652174
0.380952380952
0.315789473684
0.285714285714
0.125
0.648648648649
0.125
0.444444444444
0.2
0.434782608696
0.333333333333
0.444444444444
0.133333333333
0.571428571429
0.625
0.296296296296
0.222222222222
0.260869565217
0.333333333333
0.1
0.222222222222
0.0952380952381
0.571428571429
0.5
0.8125
0.0
0.585365853659
0.181818181818
0.538461538462
0.764705882353
0.0
0.0
0.352941176471
0.111111111111
0.709677419355
0.6
0.181818181818
0.384615384615
0.25
0.285714285714
0.75
0.428571428571
0.333333333333
0.6
0.352941176471
0.5
0.823529411765
0.611111111111
0.25
0.756756756757
0.6
0.363636363636
0.5
0.461538461538
0.820512820513
0.75
0.533333333333
0.620689655172
0.333333333333
0.727272727273
0.111111111111
0.512820512821
0.615384615385
0.235294117647
0.235294117647
0.72
0.0952380952381
0.5
0.333333333333
0.296296296296
0.514285714286
0.47619047619
0.380952380952
0.315789473684
0.727272727273
0.133333333333
0.133333333333
0.333333333333
0.625
0.829268292683
0.444444444444
0.0
0.733333333333
0.285714285714
0.5
0.486486486486
0.514285714286
0.421052631579
0.421052631579
0.47619047619
0.571428571429
0.434782608696
0.142857142857
0.647058823529
0.521739130435
0.64
0.5
0.461538461538
0.25
0.708333333333
0.117647058824
0.166666666667
0.615384615385
0.333333333333
0.47619047619
0.0
0.421052631579
0.0
0.5
0.387096774194
0.153846153846
0.190476190476
0.625
0.37037037037
0.235294117647
0.521739130435
0.571428571429
0.466666666667
0.347826086957
0.3
0.375
0.2
0.266666666667
0.695652173913
0.615384615385
0.592592592593
0.428571428571
0.333333333333
0.307692307692
0.176470588235
0.0
0.421052631579
0.347826086957
0.555555555556
0.454545454545
0.434782608696
0.583333333333
0.451612903226
0.810810810811
0.634146341463
0.421052631579
0.235294117647
0.538461538462
0.37037037037
0.3
0.545454545455
0.260869565217
0.666666666667
0.222222222222
0.416666666667
0.666666666667
0.333333333333
0.333333333333
0.1
0.153846153846
0.48
0.333333333333
0.111111111111
0.454545454545
0.666666666667
0.4
0.521739130435
0.307692307692
0.266666666667
0.142857142857
0.5
0.5
0.333333333333
0.380952380952
0.5
0.266666666667
0.0
0.32
0.461538461538
0.375
0.347826086957
0.352941176471
0.727272727273
0.363636363636
0.4
0.153846153846
0.230769230769
0.454545454545
0.444444444444
0.434782608696
0.689655172414
0.666666666667
0.6
0.117647058824
0.47619047619
0.111111111111
0.56
0.333333333333
0.454545454545
0.56
0.416666666667
0.608695652174
0.625
0.666666666667
0.555555555556
0.111111111111
0.733333333333
0.105263157895
0.709677419355
0.117647058824
0.72
0.142857142857
0.2
0.4
0.0
0.142857142857
0.166666666667
0.545454545455
0.555555555556
0.285714285714
0.375
0.810810810811
0.416666666667
0.380952380952
0.56
0.48275862069
0.333333333333
0.222222222222
0.266666666667
0.608695652174
0.117647058824
0.695652173913
0.222222222222
0.4
0.235294117647
0.375
0.0
0.105263157895
0.2
0.470588235294
0.4
0.266666666667
0.333333333333
0.666666666667
0.48275862069
0.628571428571
0.6
0.210526315789
0.25
0.416666666667
0.733333333333
0.352941176471
0.324324324324
0.545454545455
0.133333333333
0.166666666667
0.2
0.717948717949
0.636363636364
0.25
0.4
0.111111111111
0.315789473684
0.555555555556
0.526315789474
0.222222222222
0.45
0.296296296296
0.5
0.24
0.344827586207
0.4
0.432432432432
0.307692307692
0.642857142857
0.758620689655
0.25
0.444444444444
0.3
0.0
0.0
0.375
0.761904761905
0.457142857143
0.628571428571
0.190476190476
0.5
0.307692307692
0.6
0.56
0.4
0.222222222222
0.6
0.380952380952
0.137931034483
0.47619047619
0.733333333333
0.105263157895
0.619047619048
0.2
0.521739130435
0.64
0.416666666667
0.378378378378
0.25
0.25
0.588235294118
0.210526315789
0.2
0.714285714286
0.166666666667
0.387096774194
0.352941176471
0.0
0.3
0.285714285714
0.25
0.235294117647
0.357142857143
0.628571428571
0.5
0.363636363636
0.4
0.428571428571
0.56
0.181818181818
0.242424242424
0.133333333333
0.518518518519
0.1
0.47619047619
0.272727272727
0.153846153846
0.642857142857
0.512820512821
0.8
0.1
0.451612903226
0.514285714286
0.285714285714
0.352941176471
0.4
0.133333333333
0.285714285714
0.375
0.142857142857
0.181818181818
0.5
0.444444444444
0.0
0.416666666667
0.347826086957
0.357142857143
0.25
0.235294117647
0.3
0.461538461538
0.695652173913
0.125
0.538461538462
0.4
0.352941176471
0.380952380952
0.133333333333
0.25
0.545454545455
0.8
0.390243902439
0.111111111111
0.387096774194
0.425531914894
0.388888888889
0.628571428571
0.352941176471
0.117647058824
0.32
0.571428571429
0.307692307692
0.333333333333
0.56
0.363636363636
0.5
0.363636363636
0.4
0.689655172414
0.608695652174
0.24
0.380952380952
0.214285714286
0.333333333333
0.533333333333
0.470588235294
0.470588235294
0.473684210526
0.6
0.117647058824
0.266666666667
0.5
0.461538461538
0.380952380952
0.9
0.529411764706
0.3
0.4
0.32
0.521739130435
0.571428571429
0.105263157895
0.0869565217391
0.214285714286
0.4
0.193548387097
0.64
0.3
0.117647058824
0.222222222222
0.210526315789
0.216216216216
0.714285714286
0.606060606061
0.571428571429
0.555555555556
0.4
0.210526315789
0.125
0.24
0.5
0.5
0.210526315789
0.363636363636
0.285714285714
0.111111111111
0.666666666667
0.6875
0.375
0.105263157895
0.666666666667
0.606060606061
0.58064516129
0.4375
0.25
0.538461538462
0.235294117647
0.105263157895
0.375
0.648648648649
0.275862068966
0.444444444444
0.307692307692
0.48
0.2
0.347826086957
0.0
0.4
0.421052631579
0.142857142857
0.705882352941
0.555555555556
0.277777777778
0.25
0.222222222222
0.357142857143
0.25
0.210526315789
0.153846153846
0.380952380952
0.564102564103
0.3
0.117647058824
0.4
0.551724137931
0.928571428571
0.428571428571
0.5
0.0
0.117647058824
0.133333333333
0.689655172414
0.315789473684
0.48275862069
0.25
0.444444444444
0.0
0.275862068966
0.4375
0.333333333333
0.608695652174
0.25
0.592592592593
0.689655172414
0.611111111111
0.666666666667
0.2
0.2
0.470588235294
0.117647058824
0.307692307692
0.636363636364
0.235294117647
0.230769230769
0.5
0.375
0.214285714286
0.666666666667
0.0
0.8
0.0
0.375
0.333333333333
0.307692307692
0.631578947368
0.4
0.555555555556
0.272727272727
0.0
0.322580645161
0.0
0.666666666667
0.162162162162
0.56
0.666666666667
0.56
0.666666666667
0.714285714286
0.0
0.344827586207
0.5
0.0
0.166666666667
0.526315789474
0.181818181818
0.352941176471
0.2
0.260869565217
0.272727272727
0.625
0.3
0.5
0.588235294118
0.347826086957
0.142857142857
0.5
0.210526315789
0.685714285714
0.133333333333
0.0
0.487804878049
0.733333333333
0.461538461538
0.2
0.518518518519
0.461538461538
0.363636363636
0.235294117647
0.571428571429
0.19512195122
0.473684210526
0.666666666667
0.235294117647
0.347826086957
0.705882352941
0.266666666667
0.0
0.428571428571
0.0
0.5625
0.375
0.285714285714
0.390243902439
0.344827586207
0.333333333333
0.190476190476
0.588235294118
0.230769230769
0.307692307692
0.555555555556
0.347826086957
0.421052631579
0.266666666667
0.363636363636
0.380952380952
0.235294117647
0.434782608696
