1.0
1.0
1.0
1.0
0.0
0.0
1.0
1.0
0.0
0.0
1.0
1.0
1.0
1.0
1.0
1.0
1.0
1.0
1.0
1.0
1.0
0.0
1.0
0.0
0.0
1.0
1.0
1.0
0.0
1.0
0.5
1.0
1.0
1.0
0.0
1.0
0.0
1.0
1.0
1.0
1.0
0.0
1.0
1.0
0.8
1.0
1.0
1.0
1.0
0.857142857143
1.0
0.6
1.0
1.0
1.0
1.0
1.0
1.0
1.0
1.0
1.0
1.0
0.0
1.0
1.0
1.0
1.0
0.222222222222
1.0
1.0
1.0
1.0
1.0
1.0
1.0
1.0
1.0
0.666666666667
0.0
1.0
1.0
0.0
1.0
1.0
1.0
1.0
0.0
1.0
0.0
1.0
1.0
1.0
1.0
1.0
0.0
1.0
1.0
1.0
0.5
1.0
0.0
1.0
1.0
0.0
1.0
1.0
1.0
0.0
1.0
1.0
1.0
1.0
1.0
1.0
0.0
1.0
1.0
1.0
0.0
1.0
0.0
1.0
0.0
1.0
1.0
1.0
0.0
0.0
1.0
0.333333333333
1.0
1.0
1.0
1.0
1.0
1.0
1.0
0.0
0.0
0.222222222222
0.0
1.0
0.0
1.0
1.0
1.0
1.0
1.0
0.25
0.0
1.0
1.0
1.0
1.0
1.0
1.0
1.0
0.0
1.0
1.0
1.0
1.0
1.0
0.5
1.0
1.0
1.0
1.0
1.0
1.0
1.0
1.0
0.0
0.857142857143
0.0
1.0
0.5
1.0
0.666666666667
1.0
1.0
1.0
1.0
1.0
0.0
1.0
1.0
1.0
1.0
0.0
0.0
1.0
1.0
0.0
1.0
0.0
1.0
0.0
1.0
1.0
1.0
1.0
1.0
0.571428571429
1.0
0.0
1.0
1.0
1.0
1.0
0.333333333333
1.0
1.0
1.0
0.857142857143
1.0
1.0
1.0
1.0
1.0
1.0
0.0
1.0
1.0
1.0
0.25
0.666666666667
1.0
0.0
1.0
1.0
1.0
1.0
1.0
0.0
1.0
1.0
1.0
1.0
1.0
1.0
1.0
1.0
1.0
1.0
1.0
1.0
1.0
0.8
1.0
1.0
1.0
1.0
0.0
1.0
1.0
1.0
1.0
1.0
1.0
1.0
1.0
0.5
1.0
1.0
1.0
1.0
1.0
0.666666666667
1.0
0.0
1.0
0.0
1.0
1.0
0.0
1.0
1.0
1.0
0.8
1.0
0.0
1.0
1.0
1.0
1.0
0.8
1.0
1.0
1.0
0.666666666667
0.0
1.0
1.0
1.0
1.0
0.0
1.0
0.0
1.0
0.571428571429
0.0
0.0
1.0
1.0
0.5
1.0
1.0
1.0
0.0
1.0
1.0
0.0
0.0
1.0
1.0
1.0
1.0
1.0
0.0
1.0
0.0
1.0
1.0
1.0
1.0
0.0
1.0
0.857142857143
1.0
1.0
0.5
1.0
0.0
0.666666666667
0.0
0.0
0.0
1.0
1.0
1.0
1.0
0.571428571429
0.0
0.0
1.0
0.0
1.0
1.0
0.5
1.0
0.0
1.0
1.0
1.0
1.0
0.0
1.0
0.8
1.0
1.0
1.0
1.0
1.0
0.4
1.0
1.0
1.0
1.0
1.0
1.0
0.0
1.0
1.0
1.0
1.0
1.0
1.0
1.0
1.0
1.0
1.0
1.0
0.0
1.0
1.0
0.5
1.0
1.0
0.0
1.0
1.0
0.0
1.0
1.0
1.0
1.0
0.0
0.0
0.8
1.0
0.0
0.0
1.0
0.5
1.0
1.0
0.0
1.0
0.666666666667
1.0
1.0
1.0
1.0
0.0
1.0
1.0
1.0
1.0
1.0
1.0
0.0
0.666666666667
0.0
1.0
1.0
1.0
1.0
0.666666666667
0.285714285714
1.0
1.0
0.0
1.0
1.0
1.0
0.0
0.0
1.0
1.0
0.0
1.0
1.0
0.0
0.666666666667
0.0
1.0
0.0
1.0
1.0
1.0
1.0
1.0
1.0
1.0
1.0
0.0
0.0
1.0
1.0
1.0
1.0
1.0
1.0
1.0
1.0
0.0
0.666666666667
0.6
1.0
1.0
0.0
0.0
1.0
1.0
0.0
1.0
1.0
1.0
1.0
0.0
0.0
1.0
0.0
1.0
1.0
1.0
0.0
0.5
1.0
1.0
0.6
0.25
1.0
0.5
0.0
1.0
1.0
1.0
1.0
1.0
1.0
1.0
1.0
1.0
1.0
1.0
0.0
1.0
1.0
1.0
1.0
0.0
1.0
0.333333333333
1.0
0.0
1.0
1.0
1.0
0.0
1.0
1.0
1.0
0.666666666667
1.0
1.0
0.0
0.0
1.0
0.0
1.0
1.0
1.0
1.0
1.0
0.666666666667
1.0
1.0
1.0
0.0
1.0
1.0
1.0
0.0
1.0
1.0
1.0
0.666666666667
0.666666666667
1.0
1.0
1.0
1.0
1.0
1.0
0.0
1.0
1.0
1.0
1.0
1.0
0.666666666667
1.0
1.0
1.0
1.0
1.0
0.0
1.0
1.0
1.0
1.0
0.666666666667
1.0
1.0
0.0
0.0
1.0
0.666666666667
0.222222222222
1.0
1.0
0.0
1.0
1.0
1.0
1.0
0.8
1.0
1.0
1.0
1.0
0.0
0.0
1.0
0.0
1.0
0.8
1.0
0.0
1.0
1.0
0.666666666667
1.0
1.0
1.0
1.0
1.0
1.0
1.0
1.0
1.0
1.0
0.666666666667
0.0
0.2
1.0
1.0
1.0
1.0
1.0
0.0
1.0
1.0
1.0
1.0
1.0
1.0
1.0
1.0
1.0
0.222222222222
1.0
1.0
0.0
0.8
1.0
1.0
1.0
1.0
0.0
0.0
0.285714285714
1.0
1.0
0.0
1.0
1.0
1.0
0.0
1.0
0.4
0.666666666667
0.8
1.0
1.0
0.0
0.0
1.0
1.0
1.0
1.0
1.0
1.0
1.0
1.0
1.0
1.0
1.0
1.0
1.0
1.0
0.285714285714
1.0
1.0
1.0
0.0
1.0
1.0
0.0
1.0
1.0
1.0
1.0
0.5
1.0
1.0
0.0
0.0
1.0
0.0
1.0
1.0
0.8
1.0
1.0
1.0
0.0
1.0
1.0
1.0
0.0
1.0
0.0
1.0
1.0
0.0
1.0
0.5
1.0
0.0
1.0
1.0
1.0
0.0
1.0
1.0
0.0
0.0
1.0
1.0
1.0
1.0
1.0
1.0
1.0
1.0
0.0
1.0
1.0
0.75
1.0
0.0
0.5
0.0
1.0
1.0
0.0
1.0
0.0
1.0
1.0
1.0
1.0
1.0
1.0
0.0
1.0
1.0
