0.295325475549
0.254323990927
0.0758967846167
0.362994308299
0.227535155397
0.0908788522811
0.0121736186826
0.0366082510756
0.0391301018131
0.171448668303
0.0752129280139
0.142951904797
0.0634856052627
0.0392266177993
0.183456658144
0.191113447463
0.273001131612
0.171017744915
0.328638778408
0.0312643732278
0.0207791977179
0.147516539222
0.0348299293573
0.0265900962735
0.283741460229
0.227713589521
0.410591224955
0.256072509524
0.0513385991436
0.389044013035
0.197975023199
0.135859099499
0.304629103322
0.0665109961837
0.556103908442
0.525053701632
0.298452920497
0.257076496606
0.104703439921
0.346868513227
0.223977147281
0.357369142737
0.204156949989
0.0674746877188
0.0533319769881
0.0590639697945
0.254909651383
0.150818548114
0.195318384021
0.0779682298266
0.147615101338
0.13297002832
0.432955527231
0.106365994439
0.142885476717
0.0533866218401
0.368249773401
0.115098034721
0.0376888322451
0.0325808749677
0.0178891633077
0.0517993883684
0.036758614475
0.350707385134
0.301922897863
0.0447522401203
0.20476033939
0.290178315501
0.185361045258
0.15184781238
0.011190375368
0.156909955658
0.0559688318533
0.197867231945
0.245382747156
0.0503732401772
0.104819544055
0.294526720192
0.425598960271
0.055930169829
0.0947432424239
0.253887527056
0.369809658333
0.0702564828665
0.374676382441
0.168202180597
0.0149696100831
0.131131428095
0.196753242574
0.348719948993
0.0870245055288
0.0479087796487
0.0565355795013
0.0876484676317
0.0771396559248
0.309103046641
0.228012949819
0.096446706838
0.122822662212
0.208342000129
0.62159642899
0.0502327294896
0.175583769679
0.224023040773
0.0235750920545
0.300701012838
0.068747397699
0.316547521362
0.0923673221205
0.103255479555
0.245269056169
0.0227963388885
0.334173939531
0.00399898348304
0.166712982767
0.0927958493265
0.06568055702
0.258793719765
0.388598995265
0.0802314804667
0.249402050051
0.121702435282
0.290280237286
0.0976808477058
0.142448721982
0.0644976349529
0.275702057412
0.0092023778141
0.0951933076893
0.385572211642
0.27695972798
0.274001741888
0.0735790180612
0.00224135045351
0.269000624586
0.326838877728
0.029952164795
0.396731090177
0.0510517345035
0.0737115949237
0.346278156391
0.336054876583
0.163778606363
0.236152342994
0.0511721406787
0.158230432421
0.203517762701
0.425953047324
0.130307589764
0.12950409422
0.0600759463705
0.253096780085
0.12189369367
0.0573810468359
0.336066304698
0.0137231761421
0.010037814997
0.308833827099
0.0494365765934
0.0297116378098
0.441726809667
0.0176542092725
0.417579576992
0.140212840031
0.296917665576
0.0390800891776
0.127657073451
0.167263743127
0.065218902082
0.135674188334
0.127884077472
0.434703110009
0.323764981951
0.410367599297
0.186805897527
0.0391714550793
0.153163137872
0.0378481362107
0.441514112633
0.224129372654
0.155797103211
0.4067215917
0.0512598936927
0.0723800750055
0.069490092359
0.065527751633
0.343723058246
0.200820363292
0.418798371091
0.139541711662
0.11201745984
0.447961210958
0.351565262899
0.186917273183
0.217530054691
0.406767268803
0.0211499288219
0.385464915397
0.165761697184
0.0483909955698
0.037506569743
0.0355738424633
0.053397468906
0.29279393264
0.322612900597
0.296341239784
0.15551624553
0.0655312565521
0.147525875503
0.00750887529512
0.263976827592
0.26130320854
0.0916586576146
0.0904987048748
0.0519473821737
0.338925234007
0.0268649496722
0.22167284573
0.352478756844
0.311069488213
0.022364115572
0.0718344113606
0.304949102227
0.26253811261
0.175920946986
0.288602469372
0.161905089717
0.294075682507
0.421618487073
0.351699029162
0.0967090709864
0.0608294373788
0.0105736347347
0.0325601951589
0.0999610617407
0.0389569154183
0.129300074421
0.0629807925033
0.318647852964
0.169954995146
0.051019668018
0.37311228181
0.377361912552
0.0356812693458
0.0946217824633
0.213613635614
0.260635674002
0.168396284921
0.386049152761
0.205786292682
0.161462704624
0.0789764667124
0.232184027663
0.189826307569
0.194386475297
0.0974622142323
0.243448921802
0.3826827168
0.267565673215
0.356894541803
0.00715249889411
0.145657715552
0.242483770857
0.110567673813
0.100437347509
0.204162429911
0.208242307399
0.0404956082935
0.048912129171
0.313143254955
0.310049774994
0.0942913407197
0.298220201607
0.11501014673
0.104418250995
0.261253271803
0.0806038201929
0.307653345986
0.163571337041
0.378098150964
0.175730684322
0.281788104588
0.296582797026
0.254679832229
0.169614345756
0.164082201746
0.212408479923
0.234717018129
0.393902517201
0.017285613061
0.191692039801
0.323913258576
0.341253929953
0.15683749886
0.0817883789812
0.142008473371
0.000376943191474
0.212407321704
0.0900336442852
0.267161160496
0.418221526058
0.129912700327
0.228048969394
0.364103548133
0.285863956146
0.233239874032
0.0174296755937
0.164333610537
0.311425732496
0.0288418043803
0.0210377889963
0.273431935018
0.0588052927654
0.247925307207
0.220514836214
0.0175662300881
0.166597412902
0.313027023858
0.0342170393481
0.13857076682
0.270539996487
0.194947572295
0.354746498191
0.15189036776
0.0460729745668
0.081862844912
0.435227196826
0.281705683619
0.268161074203
0.205138700932
0.0108862006729
0.583599496953
0.320097644594
0.318975055077
0.161348765196
0.301007133009
0.0318518280586
0.435701547815
0.306894835164
0.0722201602967
0.393500234713
0.377354190337
0.11368998512
0.212537400661
0.189286006151
0.234416430345
0.302436871412
0.11476381602
0.242180271685
0.171342123722
0.0994808112146
0.199491337055
0.172841463758
0.209655466746
0.21672357666
0.126256893941
0.0616066691926
0.311716848482
0.135647434448
0.187044854929
0.296599751536
0.406302692087
0.162087161072
0.158671075869
0.162028087945
0.277656841884
0.0769094858878
0.185017009327
0.0743402446205
0.254214889803
0.29083342993
0.2831134899
0.0502658216545
0.12459311172
0.148110289652
0.0222962285045
0.186454168348
0.0973121148213
0.199857576284
0.0541392794276
0.454677704795
0.000758980586309
0.112280615142
0.22610954535
0.195931563787
0.338682135775
0.202568179916
0.234727889077
0.0
0.0669473480546
0.343228660393
0.125869377603
0.150312973788
0.146339959038
0.0673454783737
0.121552266472
0.242246575269
0.524441722689
0.253831672764
0.00374130157557
0.0610088727492
0.278461725094
0.269117649153
0.205485383152
0.124605410011
0.0718881420448
0.488406441428
0.226714029522
0.187793204147
0.0208019283472
0.329136832518
0.126283120956
0.00207830690958
0.441650466484
0.288964921749
0.0617554620893
0.0241343676152
0.0746635197218
0.409429417377
0.0946000900667
0.168532282423
0.0293962316983
0.0953839991581
0.0233980064441
0.0568206199384
0.132624432869
0.149332548535
0.0309900746498
0.0459183456547
0.242061386017
0.0141816783233
0.278654046649
0.2245235001
0.0929672197187
0.0192630587411
0.291894163802
0.299981364369
0.232302234551
0.245194521977
0.104261767619
0.0591828334671
0.219198218506
0.380059907106
0.314142416269
0.34753637893
0.102270996115
0.143729213882
0.0274188232541
0.215154073884
0.321668311187
0.0388389240875
0.115981820958
0.0870859677208
0.0912506025843
0.43141378438
0.0692361928086
0.160317755629
0.243103411223
0.463238609031
0.187782865806
0.243437922029
0.187165592888
0.10726383379
0.14470960788
0.207547641399
0.245944164832
0.413346372465
0.064950283676
0.120906330715
0.331714893816
0.0137561048259
0.200834378822
0.118325986205
0.318180908753
0.63093188377
0.0771754163549
0.287858869799
0.199162781001
0.0376480843335
0.104459347866
0.392288592995
0.141922030993
0.161380038876
0.237555758746
0.357258120502
0.218295749123
0.198265155682
0.173944288376
0.168536127175
0.163302087911
0.304314725124
0.11489793149
0.289707257254
0.163836607332
0.121169960225
0.118529102954
0.0710105212176
0.0983622831501
0.357640110146
0.0288676281535
0.31193063156
0.138463877332
0.25297597958
0.142785463367
0.198824231562
0.26545148879
0.0797969585393
0.320622207281
0.370807781246
0.213797226442
0.011872721081
0.081946615526
0.121072839699
0.0273757242925
0.131393903829
0.115901422066
0.305930059753
0.190133367844
0.487879406792
0.271784804748
0.0858391291284
0.161259835689
0.0767789823563
0.0183215898672
0.233835004369
0.00672294680862
0.224212754212
0.162998599842
0.225626440093
0.0654115377419
0.018569263267
0.206285274735
0.293327461645
0.144753478583
0.219944827589
0.152874894383
0.157509483975
0.0558948830618
0.235187747787
0.142590408687
0.248187933985
0.107128043507
0.0590639697945
0.275414863964
0.352990637217
0.133627388539
0.020892077612
0.255624880583
0.156214279433
0.0605938386494
0.00388215600243
0.174162735848
0.206441531222
0.158755095262
0.159868618543
0.137807720612
0.0424802945186
0.0936675463213
0.167291477736
0.19990503836
0.060661209094
0.219072965853
0.0908173452362
0.301082363362
0.14238538705
0.217371699402
0.174646302689
0.150880058182
0.0813593029833
0.25683205043
0.105693762057
0.496524361494
0.313800635573
0.23688863628
0.25500770484
0.218134258031
0.126033385271
0.0455736208507
0.201757431711
0.00791410901875
0.508358243762
0.213598092728
0.377916617153
0.330185227372
0.0124438885021
0.336003325057
0.218194304088
0.134096843992
0.000866167927053
0.196060507047
0.10672423633
0.0170082505481
0.0954086630047
0.0812486808612
0.082826042567
0.37212614969
0.0240338336238
0.210739897914
0.0374864958769
0.198987634006
0.146662414726
0.230029850781
0.132818490113
0.142505009627
0.0856126851559
0.242873427692
0.0136499543423
0.268359230736
0.330704584656
0.0852486746488
0.129495542099
0.415281992544
0.219136926629
0.206519676793
0.291455160301
0.290745112704
0.0186325108166
0.100437091773
0.203897869109
0.12623634775
0.0135414505644
0.05621843268
0.0861259858056
0.257658223424
0.1413090799
0.0683997971631
0.564218569908
0.217549937116
0.257514296965
0.229467677569
0.153554381748
0.0620999604283
0.339895929095
0.379980185164
0.231138384931
0.363497248737
0.0695463441649
0.225578488633
0.196389488083
0.00983633786143
0.0102515291357
0.321914270628
0.211264922217
0.034640427955
0.206289720203
0.147131764423
0.0142452444205
0.217715478245
0.106797788761
0.0245802263006
0.0511283740986
0.0653582859488
0.084610137441
0.145201045401
0.161315579638
0.334146911125
0.268614114126
0.0692863865268
0.354693365213
0.221190370209
0.177158341188
0.220141550541
0.367794635787
0.295942386425
0.0730392135022
0.280502194989
0.113639869054
0.239804155059
0.343981642391
0.120828168926
0.226150194994
0.0182855102305
0.0452466206744
0.0586038804417
0.0489237992036
0.0663299253545
0.463951986615
0.279506061134
0.390298690167
0.405041673895
0.145398619826
0.0167463223881
0.257735769288
0.103928463077
0.176600242883
0.0781260698729
0.00896071375793
0.269397005721
0.0366542209875
0.0954452391245
0.12693592343
0.451353421722
0.389475095394
0.117989424512
0.187725665572
0.0882251875808
0.337668377937
0.299281098185
0.155861405972
0.253012512427
0.306423664018
0.14198910852
0.170284913005
0.00684639328409
0.0154151127655
0.0139177196047
0.0166676337141
0.148894839291
0.204901909904
0.305483092634
0.306617505945
0.0156164226152
0.107294675162
0.101897145405
0.0314271591793
0.392718025382
0.209131882863
0.246095703031
0.0894533984753
0.108736165783
0.0250699000982
0.0335705306716
0.105539063426
0.0783201226796
0.310997353104
0.197590832752
0.253272538818
0.0459474220304
0.0644491450599
0.293984863488
0.261672880769
0.114365478584
0.0417864305069
0.290907737474
0.0751593795098
0.0454302592587
0.0763902123854
0.366118801856
0.325864972107
0.323102107284
0.235823728766
0.270938830426
0.327664107664
0.122582951706
0.254982020218
0.30640515624
0.103582896099
0.245072913687
0.140143875969
0.296304431347
