0.28571414966
0.272727024794
0.181818016529
0.315789307479
0.272727024794
0.181818016529
0.105263102493
0.0666666222223
0.0
0.181818016529
0.0
0.111111049383
0.0666666222223
0.0
0.0
0.0909090082645
0.285713877552
0.0909090082645
0.363636033058
0.0
0.0833332638889
0.111110987654
0.0
0.0
0.444443950618
0.222222098766
0.349999825
0.0
0.124999921875
0.3999998
0.1999998
0.399999733334
0.199999866667
0.0666666222223
0.562499648438
0.416666319445
0.307692071006
0.230769053255
0.153846035503
0.333333111111
0.363636033058
0.307692071006
0.238095124717
0.0769230177515
0.0999999000001
0.0714285204082
0.411764463668
0.142857040816
0.235293979239
0.0
0.214285561225
0.142857040816
0.374999765625
0.266666488889
0.0714285204082
0.0909090082645
0.428571122449
0.105263102493
0.176470484429
0.049999975
0.0
0.187499882813
0.0555555246914
0.363636033058
0.0
0.0
0.176470484429
0.307692071006
0.15789465374
0.09999995
0.124999921875
0.357142602041
0.210526204986
0.333333055556
0.0769230177515
0.0
0.0526315512466
0.0
0.285713877552
0.0769230177515
0.0909090495868
0.315789307479
0.0999999000001
0.1999998
0.38888867284
0.0666666222223
0.0
0.181818016529
0.0
0.294117474049
0.0769230177515
0.049999975
0.181818016529
0.0476190249433
0.142856938776
0.0769230177515
0.230769053255
0.166666527778
0.181818016529
0.0588234948097
0.499999583334
0.133333244445
0.2999997
0.166666574074
0.0588234948097
0.333333148148
0.0588234948097
0.272727024794
0.0666666222223
0.166666574074
0.15789465374
0.0909090082645
0.181818016529
0.2999997
0.227272623967
0.111110987654
0.049999975
0.0769230177515
0.428571122449
0.0
0.0
0.0
0.12499984375
0.12499984375
0.1999998
0.166666388889
0.277777623457
0.166666527778
0.1999999
0.12499984375
0.294117474049
0.24999984375
0.0666666222223
0.0
0.222222098766
0.285713877552
0.230769053255
0.43478241966
0.0999999000001
0.0
0.266666488889
0.0
0.086956483932
0.149999925
0.0
0.133333244445
0.166666574074
0.38888867284
0.0769230177515
0.0666666222223
0.0
0.222222098766
0.117646989619
0.043478241966
0.312499804688
0.142857040816
0.0999999000001
0.333332962963
0.0
0.0
0.384615088758
0.105263102493
0.307692071006
0.0624999609375
0.249999791667
0.0
0.0
0.333333148148
0.043478241966
0.0624999609375
0.0624999609375
0.230769053255
0.214285561225
0.357142602041
0.249999791667
0.222221975309
0.0
0.049999975
0.1999998
0.187499882813
0.285713877552
0.333333111111
0.181818016529
0.0
0.111110987654
0.0526315512466
0.29999985
0.0666666222223
0.333333055556
0.0769230177515
0.181818016529
0.428571122449
0.333333055556
0.230769053255
0.222221975309
0.333333148148
0.0
0.444443950618
0.208333246528
0.0555555246914
0.24999984375
0.105263102493
0.0
0.2499996875
0.272727024794
0.333333055556
0.166666574074
0.0
0.0
0.0
0.363636033058
0.357142602041
0.111111049383
0.124999921875
0.0
0.222222098766
0.0999999000001
0.111111049383
0.1999999
0.190476099773
0.0
0.049999975
0.307692071006
0.153846035503
0.235293979239
0.333332962963
0.21739120983
0.374999765625
0.2999997
0.368420858726
0.0
0.0555555246914
0.181818016529
0.13636357438
0.12499984375
0.272727024794
0.0999999000001
0.0714285204082
0.357142602041
0.124999921875
0.181818016529
0.187499882813
0.238095124717
0.0833332638889
0.0833332638889
0.0952380498866
0.399999733334
0.222222098766
0.454545041323
0.0
0.111111049383
0.0454545247934
0.0666666222223
0.0
0.222222098766
0.0
0.2499996875
0.227272623967
0.149999925
0.0909090082645
0.0909090082645
0.230769053255
0.230769053255
0.0769230177515
0.222221975309
0.1999999
0.333333111111
0.199999866667
0.142857040816
0.24999984375
0.0
0.0769230473373
0.272727024794
0.142857040816
0.0
0.374999765625
0.0833332638889
0.222221975309
0.0909090082645
0.266666488889
0.09999995
0.263157756233
0.333332962963
0.230769053255
0.210526204986
0.187499882813
0.0999999000001
0.214285561225
0.124999921875
0.117646989619
0.333333111111
0.166666527778
0.1999998
0.0
0.222222098766
0.214285561225
0.12499984375
0.187499882813
0.0
0.181818016529
0.499999500001
0.1999999
0.12499984375
0.249999791667
0.214285561225
0.333333055556
0.0
0.214285561225
0.374999765625
0.0588234948097
0.049999975
0.279999888
0.0952380498866
0.0999999000001
0.133333244445
0.0666666222223
0.166666527778
0.285714081633
0.0769230177515
0.190476099773
0.0
0.142857040816
0.3999998
0.222222098766
0.266666488889
0.166666527778
0.333332962963
0.199999866667
0.374999765625
0.461538106509
0.153846035503
0.266666488889
0.315789307479
0.437499726563
0.12499984375
0.111110987654
0.0
0.499999583334
0.1999998
0.0
0.230769053255
0.333333148148
0.111110987654
0.0
0.199999866667
0.133333244445
0.0
0.0769230177515
0.272727024794
0.153846035503
0.153846035503
0.2999997
0.333332962963
0.24999984375
0.285714081633
0.294117474049
0.0769230177515
0.277777623457
0.09999995
0.222222098766
0.272727024794
0.230769053255
0.333333055556
0.411764463668
0.0
0.285714081633
0.0714285204082
0.142857040816
0.0769230177515
0.210526204986
0.230769053255
0.333333055556
0.0
0.117646989619
0.0909090082645
0.166666574074
0.272727024794
0.0714285204082
0.222221975309
0.117646989619
0.583332847223
0.222221975309
0.222221975309
0.0
0.153846035503
0.461538106509
0.235293979239
0.1999998
0.049999975
0.142857040816
0.357142602041
0.199999866667
0.0624999609375
0.0
0.0
0.111110987654
0.437499726563
0.538461124261
0.214285561225
0.0666666222223
0.0714285204082
0.272727024794
0.363636033058
0.363636033058
0.0909090082645
0.117646989619
0.272727024794
0.111110987654
0.111110987654
0.2499996875
0.249999875
0.176470484429
0.0526315512466
0.428571122449
0.384615088758
0.0
0.0
0.117646989619
0.272727024794
0.14285707483
0.0555555246914
0.111110987654
0.0
0.0
0.0476190249433
0.153846035503
0.0
0.111110987654
0.0
0.384615088758
0.09999995
0.249999791667
0.181818016529
0.0
0.0666666222223
0.307692071006
0.199999866667
0.0624999609375
0.315789307479
0.049999975
0.0476190249433
0.124999921875
0.277777623457
0.363636033058
0.181818016529
0.0
0.111110987654
0.0
0.380952199547
0.357142602041
0.0526315512466
0.149999925
0.230769053255
0.0
0.499999500001
0.166666527778
0.0714285204082
0.0714285204082
0.166666388889
0.117646989619
0.230769053255
0.176470484429
0.0833332638889
0.222222098766
0.249999791667
0.307692189349
0.166666527778
0.0769230177515
0.0714285204082
0.142857040816
0.049999975
0.1999998
0.363636033058
0.272727024794
0.249999791667
0.307692071006
0.333333148148
0.142857040816
0.0588234948097
0.0999999000001
0.333332962963
0.0
0.238095124717
0.142857040816
0.272727024794
0.124999921875
0.238095124717
0.124999921875
0.153846035503
0.166666527778
0.421052409972
0.0714285204082
0.285714081633
0.15789465374
0.111110987654
0.187499882813
0.166666527778
0.0833332638889
0.399999733334
0.12499984375
0.235293979239
0.21739120983
0.199999866667
0.166666527778
0.263157756233
0.318181673554
0.0833332638889
0.272727024794
0.312499804688
0.111110987654
0.0833332638889
0.0
0.124999921875
0.0
0.124999921875
0.0
0.0
0.266666488889
0.333333111111
0.333333148148
0.0
0.0999999000001
0.166666527778
0.333332962963
0.214285561225
0.0
0.24999984375
0.199999866667
0.0999999000001
0.0833332638889
0.111110987654
0.1999998
0.333333174603
0.117646989619
0.0454545247934
0.0
0.263157756233
0.039999984
0.09999995
0.149999925
0.272727024794
0.0999999000001
0.0714285204082
0.357142602041
0.333332962963
0.181818016529
0.0714285204082
0.153846035503
0.1999998
0.0
0.111110987654
0.0624999609375
0.214285561225
0.0714285204082
0.230769053255
0.235293979239
0.0
0.0
0.1999999
0.272727024794
0.181818099174
0.173912967864
0.105263102493
0.111110987654
0.0
0.12499984375
0.230769053255
0.0
0.1999999
0.166666527778
0.166666527778
0.411764463668
0.214285561225
0.230769053255
0.249999791667
0.214285561225
0.124999921875
0.149999925
0.166666574074
0.0714285204082
0.428571122449
0.105263102493
0.461538106509
0.384615088758
0.14285707483
0.235293979239
0.249999875
0.0
0.0
0.111110987654
0.0909090082645
0.0
0.199999866667
0.111111049383
0.307692071006
0.384615088758
0.0
0.230769053255
0.181818016529
0.142857040816
0.111111049383
0.363636033058
0.0909090082645
0.0833332638889
0.0555555246914
0.349999825
0.210526204986
0.266666488889
0.24999984375
0.0999999000001
0.0909090082645
0.363636033058
0.14285707483
0.176470484429
0.166666388889
0.12499984375
0.0714285204082
0.222222098766
0.214285561225
0.111110987654
0.111110987654
0.249999791667
0.0
0.28571414966
0.09999995
0.09999995
0.142857040816
0.294117474049
0.333333148148
0.1999998
0.384615088758
0.12499984375
0.230769053255
0.21739120983
0.166666527778
0.272727024794
0.111110987654
0.176470484429
0.124999921875
0.222221975309
0.0909090495868
0.384615088758
0.272727024794
0.111110987654
0.277777623457
0.0909090082645
0.0624999609375
0.0
0.0666666222223
0.0
0.0624999609375
0.0
0.142857040816
0.0769230177515
0.142857040816
0.0666666222223
0.176470484429
0.09999995
0.333333055556
0.166666527778
0.0
0.0999999000001
0.272727024794
0.333332962963
0.0
0.272727024794
0.133333244445
0.173912967864
0.111111049383
0.0
0.142857040816
0.333332962963
0.0714285204082
0.0
0.363636033058
0.181818016529
0.444444197531
0.0909090082645
0.238095124717
0.333333055556
0.153846035503
0.0
0.349999825
0.0999999000001
0.0666666222223
0.14285707483
0.0714285204082
0.230769053255
0.0714285204082
0.142857040816
0.235293979239
0.363636033058
0.368420858726
0.1999998
0.2999997
0.0
0.333333194445
0.153846035503
0.0999999000001
0.166666527778
0.333333111111
0.153846035503
0.111111049383
0.0
0.0
0.105263102493
0.333333111111
0.0
0.0
0.0909090082645
0.238095124717
0.111110987654
0.111110987654
0.208333246528
0.0
0.24999984375
0.285713877552
0.187499882813
0.12499984375
0.0833332986111
0.0999999000001
0.0
0.0454545247934
0.0
0.230769053255
0.416666319445
0.0769230177515
0.0
0.222222098766
0.1999998
0.235293979239
0.0
0.111111049383
0.0
0.0833332638889
0.0454545247934
0.0624999609375
0.181818016529
0.230769053255
0.1999999
0.24999984375
0.24999984375
0.181818016529
0.214285561225
0.249999791667
0.111110987654
0.142856938776
0.0833332638889
0.272727024794
0.333333111111
