0.834083798404
0.76146839075
0.657963262895
0.876413918518
0.819702532926
0.763760187917
0.757332165645
0.876920051687
0.875656108978
0.787437623961
0.722919007448
0.95280275973
0.925555933792
0.975949590078
0.999999998962
0.827698165485
0.83029918535
0.652894805393
0.722225320775
0.915267664571
0.804919931153
0.545197050332
0.75234967573
0.690765890944
0.703670273661
0.891237459033
0.836073847469
0.738969340776
0.968555181858
0.749015318438
0.91336935431
0.539010580649
0.456142693607
0.927866629026
0.813737847614
0.553413449645
0.781571916012
0.968080154199
0.965533309825
0.612741041617
0.764168613583
0.438907661526
0.7724441231
0.793406648643
0.849389778882
0.846524386467
0.92242504535
0.671107212197
0.8759879718
0.9536219708
0.755450561318
0.947210212116
0.852627401675
0.815616046964
0.844720956361
0.574504704002
0.811399071735
0.738638966435
0.78681595518
0.825797766658
0.794945488595
0.824800622875
0.917990350662
0.608507999867
0.452236718399
0.984089976151
0.851561715346
0.939146274955
0.898536731065
0.819885802691
0.930094711039
0.833846047363
0.749038929554
0.789686128234
0.734874765986
0.879399509106
0.918644968589
0.5250264231
0.565055410835
0.669707610196
0.970467914909
0.882533065678
0.401669285251
0.791952356096
0.872156008762
0.890054127921
0.962510920515
0.60078297776
0.794686359725
0.839535060049
0.771197075157
0.863087374481
0.858781739236
0.899408950637
0.534944997816
0.752684222106
0.744696176869
0.707281633787
0.76068460066
0.881847743283
0.342258837541
0.75549386697
0.750538437375
0.717873857186
0.945448898193
0.829091053805
0.621504382488
0.784604483038
0.496230211914
0.967706266026
0.82676460185
0.90119611651
0.376580784715
0.474139979569
0.676249987243
0.907865442658
0.816153957438
0.768862700128
0.380779222906
0.897844668912
0.795743632891
0.924361593695
0.567915014444
0.828104901256
0.717615092743
0.580925909014
0.888353929429
0.974372645983
0.913943206287
0.543692258472
0.782301532908
0.864227558069
0.789037881045
0.999999999661
0.814968709328
0.786997845663
0.591356072443
0.745112372851
0.834067276162
0.933364058794
0.827371919756
0.45555418598
0.935273683138
0.930509975952
0.703770532933
0.581900219736
0.924910970954
0.67742272909
0.836561407114
0.808281379264
0.968744320453
0.691620647124
0.894763152734
0.978169819046
0.712036497795
0.648079549784
0.537794831588
0.84338850504
0.645146004229
0.375129997456
0.820542912243
0.791671284258
0.774012046097
0.858332012847
0.838927235697
0.850457649306
0.798485393032
0.825415974084
0.815455277683
0.710520151127
0.967381547512
0.49545353151
0.889124137461
0.770824764989
0.821806295539
0.845241200387
0.768695151913
0.874636388609
0.625478360407
0.862596710478
0.842129974386
0.60958137435
0.756296219186
0.905389293258
0.741329152227
0.898108978889
0.917031352953
0.779475881121
0.566844758956
0.762764560547
0.798463825987
0.652668095343
0.798951266916
0.919940893904
0.747201404928
0.810818629964
0.91896046426
0.648030689964
0.844610501017
0.747128249726
0.880130676039
0.996403337385
0.787341011096
0.719222147168
0.639006933703
0.643694582889
0.937752552413
0.937658497688
0.373685360217
0.855427642371
0.705562594094
0.891620113095
0.676475919084
0.874624549111
0.742958451124
0.809607223898
0.890505793079
0.892145083357
0.892302654071
0.860707024378
0.842316812635
0.762281219465
0.860220320615
0.790119926236
0.853988407593
0.74996122859
0.945852410699
0.806500600876
0.91574168694
0.647358770053
0.682402808901
0.984443803579
0.760258579057
0.838158603899
0.922128850327
0.593939128906
0.675711752558
0.977287068675
0.630185147559
0.936507691368
0.572521669309
0.662277072747
0.862075921774
0.891164308754
0.788860149476
0.824283782865
0.84891271265
0.792162550471
0.743460894777
0.865562397037
0.783941348022
0.996459943937
0.906873365379
0.62255476856
0.917053062884
0.814403421015
0.794948332409
0.804415022416
0.828308142103
0.841480035156
0.79151585239
0.738877199
0.722233301622
0.828350124337
0.752364992634
0.924617672079
0.928478356547
0.874070392715
0.707121679635
0.809673379943
0.581264976878
0.949545061026
0.756157382866
0.444751785889
0.872963432374
0.616186168164
0.949326671057
0.593675656459
0.830720220948
0.824714257119
0.819433092537
0.726410217357
0.729965447212
0.673509048854
0.963036798413
0.902000055703
0.534723931417
0.48215621464
0.876663914379
0.738069851173
0.707555605146
0.744841267264
0.691486381718
0.732611778496
0.64562377356
0.864340229021
0.905972368782
0.889840751229
0.675926957736
0.61192062553
0.886468097274
0.628264548951
0.595269405568
0.651816846291
0.597649770093
0.881051482717
0.943780844691
0.63951857269
0.913815658789
0.839610209647
0.999999999601
0.908076616447
0.807262444358
0.692639322916
0.79460506538
0.866813798773
0.847892054168
0.826651658242
0.902677768545
0.918768877329
0.787033492887
0.820352971273
0.952024644727
0.524749751002
0.813515260662
0.935720018028
0.530888048349
0.818724296301
0.809751278265
0.54560185165
0.845530107985
0.828757712814
0.720867681529
0.822151573292
0.80806217394
0.829618438794
0.693983340506
0.86711650642
0.767231790115
0.56390718218
0.828222083713
0.784890247491
0.857904674571
0.7872018931
0.649676155211
0.731778878387
0.794145347352
0.71576387358
0.91533812052
0.896741029052
0.888168787447
0.915075686623
0.808902849115
0.918008132539
0.503373050196
0.831911611238
0.911147054376
0.809965724799
0.88123219382
0.831687803422
0.833300892541
0.794827585733
0.772179947645
0.949382300976
0.818424184862
0.756714664719
0.861001016213
0.910213561949
0.669527256351
0.8732393701
0.897330852501
0.858467415655
0.808231240121
0.93977738192
0.73843162718
0.949172082376
0.782850947535
0.90098525701
0.583184970967
0.627625363564
0.426631359631
0.639266406718
0.609721108063
0.743520353223
0.852667244187
0.883123352873
0.797754778089
0.581625147557
0.999999999655
0.816554586154
0.895755555769
0.86567318369
0.939562133805
0.701254243809
0.868334569701
0.531209395702
0.842775088736
0.53313207971
0.819208905967
0.763598492124
0.882844222501
0.764047186318
0.727659748395
0.568437565678
0.832049807305
0.804265488757
0.315164177215
0.487542022471
0.617204653046
0.875367746419
0.916315194967
0.821026836787
0.910775771603
0.800997538058
0.767274569172
0.639233497719
0.920534940606
0.911231886251
0.600012587845
0.805406968929
0.868056723672
0.6920845577
0.544196922124
0.741699225498
0.970543322971
0.962188757035
0.515715687815
0.781332267257
0.851836545596
0.781108633878
0.864266528102
0.890633568909
0.775507920039
0.843336292469
0.743624445502
0.999999999144
0.793268143219
0.862703462883
0.738858378337
0.860227552485
0.855539266017
0.951576352918
0.833156569974
0.877178782105
0.810360084081
0.913212405141
0.603071641499
0.683642986282
0.830225590142
0.857665723068
0.971140114781
0.944179476301
0.783924064228
0.951820563911
0.350618794798
0.859617087166
0.922054994114
0.943308138086
0.68793636911
0.96654263951
0.811913869881
0.853412976107
0.860683576461
0.950715838862
0.556677405918
0.888278320552
0.380940646266
0.844456860216
0.887529719712
0.782868426263
0.914719333978
0.840519268034
0.774169410614
0.854513409144
0.407654942674
0.486540935579
0.943144716574
0.66976707879
0.768097313907
0.821515125507
0.847830756943
0.908131378297
0.673407176074
0.760506160875
0.6262334312
0.68943671745
0.854293764605
0.875429130123
0.795222460955
0.762493649093
0.794310977462
0.935584463169
0.699243801707
0.575206365874
0.814601004546
0.892676651582
0.7859711315
0.895621040094
0.705312616079
0.684873735676
0.871866813388
0.889788369123
0.938750163576
0.638331830018
0.726719351383
0.943218682463
0.40480840478
0.800274927255
0.882046488827
0.933244283755
0.761094221996
0.743541988879
0.791978289011
0.724802746583
0.911082830696
0.836752808686
0.614410096572
0.821631894329
0.460194234604
0.637228161878
0.717933067705
0.52092059198
0.712645935311
0.82762793806
0.904845971855
0.797251588642
0.553648430081
0.51657345232
0.771231550246
0.664763905472
0.685211005096
0.835106359074
0.744168600473
0.935499579363
0.753639950191
0.779444221067
0.950146558901
0.912876630415
0.852005978019
0.900985709146
0.806457209212
0.612008682616
0.846524386467
0.800158764733
0.651693247864
0.681840566646
0.904967447203
0.664413222598
0.814801619478
0.806146913356
0.953646871864
0.882690502169
0.946912972757
0.730263454877
0.824461423933
0.793280407091
0.738965218284
0.807663360568
0.670208195165
0.729767394649
0.884760584679
0.93616733283
0.748045129569
0.664117960921
0.790881080443
0.722044772912
0.794812997789
0.899534036572
0.927358806088
0.426599413811
0.82325938452
0.775350922514
0.756627481675
0.898557201538
0.365115813541
0.771970891821
0.77903753673
0.88492790827
0.781102375822
0.915181780721
0.795467223733
0.806358106261
0.655885827247
0.889039220181
0.695122154253
0.802042987271
0.882266510448
0.789623423606
0.639068798845
0.692353107257
0.859985403473
0.601644864318
0.739163816982
0.95930429303
0.523564978106
0.712361030077
0.851558938488
0.74846868593
0.647821612761
0.78503563518
0.940057520186
0.840920131444
0.786299782082
0.770448458026
0.928115229867
0.900106160539
0.855043996385
0.870287960486
0.860694826509
0.655176565915
0.604087739487
0.772067461079
0.835650263038
0.858606017736
0.539268579447
0.668508844097
0.799298084576
0.87554253899
0.658608353454
0.725695787297
0.85200210127
0.75974500821
0.720715909669
0.863818986083
0.811086671137
0.768016866101
0.754406417847
0.73811201194
0.850716845631
0.855686863667
0.777157662314
0.435394359256
0.839732383695
0.690972519619
0.777998507356
0.8930740252
0.765288223471
0.86464288746
0.929781532843
0.924081714628
0.903830280209
0.717536547509
0.819702532926
0.700658106814
0.963423147073
0.908503400924
0.91639882553
0.666109097567
0.897039416726
0.910105125037
0.584177032629
0.696912414484
0.882564518617
0.837399227569
0.798574345321
0.883479014269
0.842072304766
0.931478551138
0.908565462079
0.53045684442
0.83364485451
0.617583260581
0.654907423993
0.82182919972
0.939239995773
0.721550993018
0.641040296815
0.826575286981
0.883812163935
0.770777129558
0.923818295059
0.747231455419
0.957338027905
0.732570296711
0.842512901063
0.798740759682
0.73716990944
0.917145748073
0.840734793316
0.773517347401
0.766300672984
0.790121793732
0.821374179907
0.677500691769
0.948766406059
0.826990880732
0.977688845763
0.904143175378
0.906847708763
0.922577370923
0.962070404094
0.654019294957
0.882869456858
0.921900580388
0.534779275908
0.755905341261
0.91576419149
0.724213555427
0.666073546593
0.692369397288
0.627473770018
0.89463876081
0.924448984108
0.864018380642
0.812532535714
0.934516351568
0.687995119098
0.613688996246
0.874150253775
0.829837270565
0.782749450064
0.707369828278
0.944002208309
0.93491651273
0.890038135077
0.859608129876
0.656360188515
0.826387914484
0.954811908736
0.936955443677
0.842133800379
0.865273690446
0.613443264327
0.931877016578
0.909640009733
0.855737115468
0.707235410952
0.985277346945
0.659691575039
0.532163287234
0.817463748323
0.877315171974
0.900170931739
0.783781719815
0.76937097926
0.823959497049
0.883064545465
0.490990264165
0.6549766768
0.872569214636
0.599693792435
0.908752750727
0.928541567206
0.92510346886
0.77401305844
0.444048591379
0.922039489019
0.873073793134
0.736578707571
0.814056019387
