0.771163773878
0.66074613473
0.515752361037
0.777022271507
0.650163287451
0.784920460323
0.694817402008
0.856820165208
0.840279192284
0.744345905507
0.665715685108
0.861682012012
0.873085657953
0.969699934263
0.999999998908
0.73363848905
0.713192000999
0.490375773302
0.704240183792
0.923883767802
0.77612333841
0.452227080895
0.661394170908
0.366148133736
0.545952006448
0.874323514513
0.65003283457
0.701531903079
0.945508422052
0.764030678837
0.890023102436
0.427586300982
0.355028078733
0.881709765714
0.736399404601
0.523916676757
0.722443828317
0.896132879985
0.959027726937
0.554715526156
0.686196706844
0.453957684298
0.679394375777
0.825802944005
0.855102425091
0.751719677112
0.870151839541
0.550728188629
0.876444242632
0.840981455758
0.669053428823
0.948265242575
0.784275008593
0.721303828994
0.778746788112
0.506826116517
0.641731326654
0.655241978412
0.697289013697
0.736351043402
0.786328047498
0.782973248768
0.909656556148
0.497634109772
0.413129457205
0.98247866985
0.741439004802
0.83948515804
0.814859187786
0.811224650535
0.92664722334
0.800968918491
0.658510714636
0.790599941121
0.65990799757
0.817732839984
0.882725008645
0.546347469709
0.421052668095
0.667472321184
0.969608284854
0.786496283535
0.304905980023
0.739622379882
0.831822835797
0.871469689172
0.951963957312
0.552194074435
0.716389407843
0.738370331627
0.711399837787
0.748150345089
0.842830526922
0.865850169018
0.48622242942
0.693440934839
0.679657307068
0.646045931777
0.830976407624
0.801170945058
0.308842112003
0.756688498622
0.626676528878
0.612093662885
0.939367419238
0.847718046023
0.614506120831
0.690306858905
0.326424007744
0.927760965257
0.791018712981
0.796201592428
0.148900721493
0.485020165912
0.661304875192
0.854903299006
0.778848224393
0.737448811625
0.249035276938
0.840877186391
0.634981297916
0.917314301795
0.577193425137
0.752483140823
0.689042426884
0.72572602132
0.813053416519
0.968375707537
0.930917593234
0.573369289988
0.702498344151
0.806296109207
0.730574165519
0.999999999633
0.749328064592
0.717634088967
0.52449821815
0.749607283503
0.759268970982
0.84636249551
0.774723573159
0.237463394193
0.89580021995
0.88503655219
0.57834820392
0.527263649934
0.902956561483
0.510711344831
0.802452600936
0.730398810395
0.947947963927
0.645907762393
0.876680211143
0.977961556018
0.718429609261
0.608288363637
0.497663903647
0.808950571435
0.537380546233
0.284893561585
0.814511305464
0.736204474685
0.699120254183
0.846481680089
0.711661080145
0.743901545954
0.744047578618
0.776175214556
0.718202762201
0.685526490621
0.94826856139
0.420543915691
0.86526687154
0.75902074225
0.684684061102
0.700653427411
0.746971386572
0.872434882564
0.545851909159
0.82782586685
0.817481976203
0.448477461775
0.703666409309
0.888451630776
0.413793001968
0.779058840793
0.821380705152
0.692697153945
0.549225040776
0.571254425516
0.766241141921
0.493805190158
0.786321840524
0.892398710871
0.697299765261
0.732134366739
0.906074140512
0.63457740777
0.815111788499
0.645859699063
0.831083186882
0.99605618243
0.692337632761
0.504128483315
0.596361770456
0.614239506148
0.918761100848
0.925092755975
0.361668251552
0.838108236412
0.785167310277
0.865707925759
0.661870862933
0.788452511245
0.625264238451
0.781722230412
0.818351893403
0.87971072134
0.874100020795
0.837584877205
0.769780063737
0.78398736611
0.863342861705
0.717891094894
0.808971496725
0.698894978529
0.917189668253
0.821140019939
0.819905526011
0.606708072315
0.580152179946
0.920501039794
0.694429560697
0.820758056724
0.857037433368
0.500937190463
0.581425443781
0.981573912646
0.583546252761
0.920691060043
0.461776849373
0.423036565542
0.724294533897
0.805948297827
0.690696744039
0.790276119056
0.817853757304
0.673048636321
0.674565259964
0.883616568251
0.843476707478
0.986904672715
0.868438925759
0.658106779743
0.864360877235
0.753003599724
0.746777393526
0.781180523008
0.722558925472
0.724470084947
0.710986519597
0.724964798798
0.753609634478
0.694087264495
0.658178229675
0.879921077975
0.915359767097
0.870286798964
0.721326786706
0.774027034868
0.58449033751
0.939137252081
0.398350038172
0.406190723463
0.861622888568
0.566857104256
0.914843873552
0.576636222018
0.815576487877
0.812150846692
0.699124478973
0.671006267177
0.62461193059
0.498119370658
0.942438517488
0.830560536526
0.511524953298
0.410846745197
0.866771331706
0.714822787583
0.5869669955
0.696286284926
0.694584682003
0.642035242466
0.536696529344
0.841024761647
0.880675903609
0.854441416006
0.681438111882
0.589295810945
0.801883977785
0.577097607757
0.436308378481
0.588965011202
0.476450386781
0.817364528415
0.91245972865
0.59365506199
0.906095644019
0.789206744692
0.999999999573
0.883099659533
0.752053701639
0.572995144101
0.768908290742
0.849908860511
0.795489027355
0.771554934178
0.788717432575
0.892275012174
0.720315140603
0.852407258082
0.935812861307
0.528506418317
0.814555503061
0.88186082293
0.643189346975
0.754068002777
0.783874343039
0.541467681743
0.773246346771
0.788632321599
0.810706001474
0.792583574465
0.785585532862
0.711120627833
0.4026658426
0.725949936618
0.738938149567
0.598856103924
0.745781939332
0.686263271411
0.637535090767
0.774858023755
0.564502936878
0.641838698174
0.765652164957
0.733442871053
0.863776445214
0.890912255339
0.838209004842
0.846141603935
0.738041155088
0.882480067851
0.443992427032
0.783473455328
0.839962668162
0.777865871496
0.859392470272
0.824498394901
0.72381373215
0.732499426018
0.697674248421
0.768290989642
0.732651224767
0.709332135033
0.815711293952
0.889000107492
0.66486942163
0.838022005019
0.749530948418
0.83449472403
0.680318730177
0.91419861421
0.678529380576
0.96099909401
0.702381505128
0.891350198839
0.644627230282
0.541412523201
0.491846558135
0.636378817515
0.584963534736
0.625158199685
0.8042444404
0.892519094589
0.707042157846
0.573065270668
0.99999999957
0.721347231787
0.778047027587
0.807823463043
0.920557898363
0.659444335409
0.85870904063
0.548017549117
0.80469157855
0.456164344278
0.799296726585
0.814698080872
0.829720367849
0.641683698593
0.655029040594
0.576481325681
0.686101408498
0.782343121541
0.211285847343
0.627465180749
0.452127847419
0.898099089605
0.896636285282
0.764519091717
0.896925551323
0.757564789249
0.673002429818
0.516011270368
0.857150496359
0.880398777635
0.501890229093
0.734058807319
0.836432511148
0.413161760895
0.553081285277
0.636977430859
0.93601076369
0.954204984592
0.454918428087
0.582038976294
0.761441197152
0.605129746142
0.83078209214
0.89317257051
0.75617784233
0.835076844773
0.731583686376
0.999999999089
0.784267931056
0.816052670794
0.711849879344
0.852001576791
0.85199685599
0.940280037767
0.857123573158
0.722958492258
0.803225379303
0.865705237364
0.489511683209
0.395567267762
0.811814601719
0.864595231373
0.952250344571
0.916100504178
0.618265186909
0.935397280767
0.510574450896
0.819816436758
0.896507280577
0.868952616456
0.666506849352
0.951549685564
0.791206431933
0.770926321872
0.786264503869
0.93947292487
0.553449535359
0.862581302153
0.434710729049
0.806333396475
0.847064834745
0.733933033486
0.852478926868
0.72213981213
0.753089556685
0.826004332769
0.303522331001
0.527415215394
0.922281049715
0.593741713977
0.639813125484
0.742512537515
0.753276700255
0.852101702155
0.595908615712
0.711878098785
0.607186877834
0.663226918785
0.72816914848
0.859764364206
0.703591645105
0.582038253646
0.718458515651
0.878324620733
0.62344837001
0.506847321129
0.677270693345
0.856525095858
0.76957815996
0.800753923468
0.501716717469
0.473162704423
0.861898288237
0.820155124979
0.913863735749
0.696800968601
0.768238487163
0.924919972983
0.391628013899
0.768127237208
0.807206301791
0.920893395313
0.743694584908
0.725515976009
0.668646269035
0.740712018195
0.750784004696
0.844220213059
0.622370270052
0.724534967833
0.52150113146
0.657484965753
0.719143749964
0.458995869129
0.610013750277
0.742378775619
0.892963131417
0.805826666282
0.542370739765
0.350882981436
0.702804303632
0.683461275757
0.389929895122
0.785683424149
0.738823222438
0.920716468014
0.674169799693
0.747107188072
0.89547270822
0.889996052515
0.839533734866
0.851421135188
0.610337085516
0.629562718332
0.751719677112
0.766777600883
0.618963779576
0.584907620245
0.833058443179
0.567580436989
0.882116929343
0.824327568562
0.931836717533
0.866039153305
0.922057323628
0.665916483623
0.830069651386
0.775242778706
0.770886106381
0.703509156776
0.657692394632
0.726524417032
0.886619081556
0.925507521005
0.55856283711
0.621053090627
0.754025170187
0.682236911693
0.700184411982
0.886421809859
0.904538659822
0.40412026163
0.799605319007
0.668007742721
0.720842985282
0.87322073093
0.325202878967
0.699141449258
0.714893803536
0.731055327381
0.61558729297
0.909593897596
0.512606056155
0.665762672441
0.609387919602
0.778255776452
0.617928453104
0.743105454959
0.833804896443
0.76805897973
0.568097720215
0.569471518644
0.807749845866
0.560502599501
0.543673514725
0.94535875228
0.550717693122
0.626097737066
0.807519256034
0.728910483037
0.500872880745
0.745543055679
0.913826469671
0.739199686392
0.699858012205
0.802655025613
0.932232900854
0.850377515767
0.858195418984
0.799954413638
0.75190543133
0.583686898553
0.393606999446
0.633960625203
0.88551155754
0.844372248764
0.526488053696
0.707985872154
0.647995436014
0.819184009094
0.605456299871
0.604873813324
0.751616381422
0.726911283405
0.392932921061
0.803923802195
0.773209650502
0.681131892202
0.754290775054
0.811351904578
0.774245263694
0.853760953858
0.73815744786
0.276293450305
0.648587494678
0.638274093773
0.536792789157
0.762987427816
0.705876918486
0.854135149058
0.91613452342
0.936171678053
0.873334687129
0.64998282603
0.650163287451
0.38984547722
0.942378124038
0.904876597141
0.913214012975
0.655738908927
0.827528056245
0.775344928115
0.617178792723
0.628576081823
0.759060627742
0.778457933485
0.80967309234
0.845913427236
0.782749752407
0.925593249819
0.810227217456
0.551335948692
0.826232887148
0.638766578806
0.522995599606
0.735465064905
0.935415876
0.583874506756
0.654959220812
0.754503238581
0.859889507861
0.552918060466
0.894547169277
0.656433989495
0.950930396575
0.464446881146
0.809516694343
0.772779993893
0.742451176629
0.926985779979
0.7934146942
0.736106909887
0.549372014257
0.66409404166
0.648990457741
0.440760658348
0.904193126923
0.748966861094
0.978908394166
0.836848614153
0.882793977982
0.904642970938
0.958627625086
0.574060341134
0.834874699209
0.723164103549
0.281622336002
0.684929206689
0.87258211829
0.623105959423
0.668250052819
0.614973184222
0.640447037528
0.855839624175
0.920614781536
0.781530806053
0.790555896465
0.883299009114
0.638411818015
0.484426197455
0.811059210295
0.817161548179
0.746196363059
0.41213944102
0.879511978961
0.919479804026
0.804405633353
0.866290369064
0.686493821453
0.834565792106
0.931243379179
0.831321177303
0.852914277729
0.833424353058
0.548098190327
0.92477496177
0.883216573991
0.814691302963
0.670132014813
0.978752042357
0.493629394073
0.583511985503
0.782515485287
0.801204572277
0.88346839888
0.765398892694
0.649742033105
0.795847561674
0.857250718583
0.354380282156
0.556749619611
0.830420202957
0.664745539069
0.874667514367
0.911030649971
0.953919351793
0.651069548396
0.443825708409
0.923094557377
0.85115702531
0.715973086193
0.748426154343
