0.762168633487
0.703721274456
0.645577035735
0.811986851822
0.645504972754
0.537091582466
0.68842158382
0.853648030996
0.798611111111
0.628681860589
0.792597459483
0.95652173913
0.953965612867
0.920658682635
1.0
0.805566002256
0.887417218543
0.624818401937
0.645663140765
0.833711834469
0.722551756222
0.504794101918
0.483553130211
0.492434735163
0.586094316808
0.85754985755
0.759154939289
0.547679388034
0.961300309598
0.751943347849
0.86192109777
0.719061532299
0.701525054466
0.945935868755
0.680080758307
0.524237274419
0.583121017949
0.747306072932
0.830385716692
0.567492260062
0.777626193724
0.593770183783
0.725242833452
0.750296559905
0.848220769789
0.734960767219
0.863509749304
0.682783996683
0.864444531004
0.821894736842
0.779350828729
0.938775510204
0.837420526794
0.681261366366
0.806014952424
0.604997707474
0.648493408663
0.669964090878
0.652098476943
0.597728747567
0.743634285419
0.770432255721
0.861604255543
0.480121479845
0.616478755716
0.888888888889
0.827115600449
0.892307692308
0.7792848853
0.81463095552
0.888888888889
0.645633482555
0.602404607631
0.673620611035
0.756145181477
0.925925925926
0.860761336342
0.626983401858
0.623574144487
0.688052959385
0.933869526363
0.714456372053
0.629262926293
0.533208461108
0.836723056453
0.687171966952
0.890948745911
0.67561066336
0.727476203939
0.798958333333
0.801433691756
0.755211453677
0.821229050279
0.790217982511
0.538482733284
0.59508074842
0.682147286822
0.62778882262
0.842284739983
0.896669513237
0.566870810229
0.649180327869
0.612284069098
0.644168864182
0.886432970702
0.714788732394
0.645674627918
0.726565856173
0.774368169399
0.912
0.900182038835
0.785714285714
0.682963416055
0.636922374078
0.680746441033
0.822784810127
0.801497588019
0.718686999864
0.576328711727
0.762780602045
0.631578947368
0.875050080128
0.598243902439
0.715767634855
0.676923862013
0.672727272727
0.827929465301
0.838565022422
0.839786270423
0.552631578947
0.823751573647
0.817334680588
0.80475486573
1.0
0.756378795706
0.641363556493
0.791900544676
0.732675871137
0.782762691854
0.888671875
0.682383504729
0.624632879867
0.753947368421
0.882078306291
0.614624673887
0.551118506193
0.862075102331
0.751304677863
0.882998661312
0.762497470148
0.918458781362
0.77977412731
0.907683406157
0.959069366652
0.828054298643
0.63638453811
0.642495461928
0.766256903617
0.682172956367
0.408762134701
0.716316902554
0.627989505661
0.628334737433
0.737812911726
0.638235680677
0.767115939114
0.654276458605
0.747355961237
0.713260903982
0.649572649573
0.889132553606
0.624434636708
0.78998890926
0.702467343977
0.723289252729
0.752913752914
0.629091248585
0.867609903992
0.524680988911
0.876254180602
0.75
0.626580432836
0.732394366197
0.833563444842
0.497994190068
0.794211307929
0.821983779931
0.642797172578
0.634615384615
0.690231345899
0.81546961326
0.658290847293
0.789786223278
0.72670783103
0.73308416033
0.718916343339
0.96566139146
0.649154795821
0.807111965401
0.667753948191
0.814026121522
0.959854014599
0.586941733215
0.490282685512
0.76038108934
0.634407903289
0.928925619835
0.831368642426
0.550748197241
0.830612244898
0.716753022453
0.726312105771
0.813130619064
0.847423711856
0.593072266074
0.814719616159
0.697110081624
0.772518819763
0.844542469245
0.823550952082
0.883071553229
0.863527148085
0.864215507827
0.70860745614
0.842604954754
0.760174143479
0.86754570433
0.826098349201
0.769515166793
0.830280830281
0.737123745819
0.898967220476
0.707606502907
0.763578191655
0.850785340314
0.540033689666
0.546814197049
0.981818181818
0.556578050443
0.953488372093
0.588044947017
0.536718953761
0.761050285825
0.787932044523
0.771358054031
0.730584957158
0.848
0.619526273885
0.689847009736
0.759730094467
0.700390553891
0.962962962963
0.787915075409
0.622172619048
0.895170789164
0.70598478888
0.909090909091
0.681055657173
0.806827260622
0.853658536585
0.765121630506
0.756302521008
0.762505167425
0.668398268398
0.5727221279
0.89021062636
0.796175452534
0.786056244418
0.75893675527
0.776476793249
0.64997179921
0.912014940859
0.508370682837
0.75359993928
0.867528129395
0.608152232674
0.837350754674
0.524249517474
0.759589105645
0.741540823006
0.81743533874
0.707716139026
0.652626960623
0.532946688116
0.852816062617
0.73442897654
0.723849325107
0.648656433194
0.845342706503
0.711976533733
0.594580761576
0.815376618467
0.604219677693
0.756880733945
0.702924567609
0.873015873016
0.853252209184
0.755423159181
0.63607202648
0.667616785432
0.80650994575
0.602433887199
0.681173166927
0.661041954818
0.607617913782
0.75944476245
0.745219638243
0.666729342944
0.771817151492
0.783015922573
1.0
0.837277029487
0.678687218345
0.72199081491
0.724875886076
0.759326993416
0.732922146766
0.852941176471
0.591906992494
0.789070904645
0.707745114322
0.690047209275
0.836363636364
0.648107053998
0.684205691763
0.614747930775
0.536881419234
0.713926440925
0.680909090909
0.705416874453
0.743738371261
0.913997367266
0.683156963284
0.759526781373
0.837214247741
0.478578290106
0.500854515694
0.709441836202
0.848994030511
0.579260518487
0.825
0.805246637408
0.680853166201
0.543828376646
0.685838338845
0.746113397348
0.661447603351
0.681388376384
0.694444444444
0.903225806452
0.841949104188
0.607304458955
0.486979166667
0.626548672566
0.636254884356
0.872616744957
0.897158322057
0.855497771174
0.847387849363
0.852347989574
0.619959372434
0.763232687999
0.627628119264
0.762277580071
0.78554592562
0.692220329358
0.803413120567
0.66601618965
0.752695902229
0.869096767697
0.795986177565
0.859405940594
0.517945109078
0.935707220574
0.529430225103
0.891843235009
0.560127730605
0.874727383756
0.658833333333
0.693899054518
0.625610214044
0.541636495293
0.564280031822
0.646623170048
0.70775587221
0.72
0.779497098646
0.555599230234
1.0
0.643482266237
0.805643459916
0.87559429477
0.864771058604
0.785656817322
0.81797191586
0.443240505766
0.839879154079
0.576180414943
0.897637795276
0.73993993994
0.778272604588
0.505928682949
0.665730337079
0.546400668746
0.751860119048
0.806004852406
0.688390002906
0.670796054141
0.594682230869
0.860215053763
0.833499501496
0.735714795372
0.893854748603
0.818181818182
0.762414294619
0.569786580098
0.733920422483
0.898262675857
0.678260869565
0.717221458047
0.897815362932
0.497994190068
0.53411197627
0.595264669947
0.935791481246
0.927835051546
0.926966292135
0.683542160515
0.690763052209
0.648651158471
0.799653722483
0.661337368429
0.632286004684
0.735431793618
0.722618655542
0.909090909091
0.711439228614
0.730182405472
0.740659144787
0.764928366762
0.820949724527
0.835085218837
0.905537459283
0.818263205013
0.790489642185
0.797061524334
0.603158922651
0.492434735163
0.696263518257
0.833333333333
0.903285245607
0.825537793566
0.578803084248
0.841310963876
0.586094316808
0.77353810932
0.8234531908
0.828987098545
0.4157470217
0.976
0.777596519848
0.609272658189
0.825688073394
0.908815357413
0.519755227908
0.860520094563
0.558712227131
0.813424345848
0.80685203575
0.73693129771
0.79705761034
0.65685590443
0.654252642174
0.828635851184
0.618159896123
0.616198372741
0.819642330746
0.551234614513
0.692924089576
0.72399829497
0.532026678518
0.697035146279
0.592860702716
0.712463354726
0.67768423958
0.758934178028
0.836862745098
0.840933191941
0.773248507697
0.770533573141
0.753739418242
0.870347648262
0.61925498426
0.671103656285
0.562843626135
0.833237368648
0.679022348255
0.775947200571
0.597481708355
0.499541704858
0.892508143322
0.829943245039
0.915129151292
0.529598793759
0.801751370094
0.865886588659
0.522661109448
0.724679029957
0.808780218432
0.655902593965
0.649168853893
0.782680761722
0.639566395664
0.682204155375
0.877224600135
0.862479871176
0.447239692523
0.719338133131
0.660024738272
0.804227941176
0.834730538922
0.511448176237
0.773916292975
0.563035804337
0.850389709144
0.5823706059
0.700702130192
0.626172966193
0.626302083333
0.675587355831
0.497994190068
0.883720930233
0.748866806137
0.904272579773
0.65254009747
0.620982142857
0.784140881898
0.857477866441
0.726804123711
0.858023634184
0.667600896861
0.578222578062
0.734960767219
0.776801017305
0.6536238603
0.594232531904
0.800058237726
0.572954163667
0.802992518703
0.691355367421
0.870269552516
0.919814926574
0.936708860759
0.665175242356
0.844444444444
0.699208400646
0.806281625371
0.833042535755
0.733198350403
0.788895546235
0.806224016285
0.848685246418
0.696362671406
0.584372731472
0.78072048032
0.845070422535
0.787396084741
0.924668028601
0.744773639762
0.660458202169
0.679408766565
0.742013552759
0.699101628572
0.836890243902
0.5765145399
0.707037553677
0.652951191827
0.727881323697
0.767730282962
0.913580246914
0.750194511246
0.621180029497
0.643998194946
0.701128936423
0.66161683166
0.866107114309
0.854151519558
0.796970020271
0.679795439836
0.617159552483
0.709686963726
0.572555812163
0.733689391559
0.851034950797
0.655314516756
0.684045077106
0.783267229255
0.651749846606
0.70231433506
0.80871559633
0.900192554557
0.725974025974
0.710222222222
0.841011588742
0.790798735946
0.862559241706
0.776744445063
0.783317353787
0.716111245271
0.624950261587
0.508134969711
0.694174379715
0.882186740259
0.794007099603
0.655625657203
0.744633379855
0.828164291702
0.774032743513
0.708511339161
0.579362918595
0.756159380791
0.737610850287
0.508840460526
0.843740292016
0.772929545391
0.63719473727
0.798216939079
0.772382218284
0.685663401603
0.491620013996
0.641664643849
0.567821239697
0.658170868191
0.849325810042
0.574669981142
0.834656298936
0.803598083117
0.726682613386
0.946212952799
0.793977291427
0.864114867321
0.468544555179
0.645504972754
0.494672903268
0.897959183673
0.717399502225
0.92391025641
0.661264531743
0.779211105468
0.861111111111
0.592109396268
0.841664097206
0.68819254569
0.880331514049
0.795867562858
0.809543039071
0.89192199237
0.912280701754
0.892918825561
0.693434594954
0.614317268166
0.740780331374
0.559593755246
0.652626960623
0.799961419753
0.534401672183
0.626734842951
0.689502157924
0.84097508788
0.623972894099
0.93094629156
0.527898912777
0.942428217461
0.506938498858
0.76281218972
0.610287936108
0.764843021449
0.75756364121
0.841014018299
0.771494812952
0.651719116817
0.600736568458
0.660957262
0.632361050646
0.830666348221
0.719159614435
0.911369950129
0.840391161057
0.807374338624
0.794871794872
0.926315789474
0.499520255411
0.724118148633
0.746657445828
0.631217809119
0.68023255814
0.737683613669
0.603524180559
0.665840335162
0.618612589097
0.529437522954
0.798714300769
0.951306511821
0.79212507238
0.828959096761
0.762545162585
0.686063660477
0.552845528455
0.743534482759
0.75962815405
0.870886075949
0.498777658076
0.847058823529
0.825285236833
0.82201893757
0.803901270785
0.62447257384
0.830748482805
0.751944114933
0.749558547686
0.837732760385
0.869435569755
0.602114659778
0.792131893821
0.892494929006
0.696845926934
0.59111212969
0.953613807983
0.622551921812
0.575045207957
0.815371915986
0.81189777964
0.797201588527
0.758807588076
0.799496026845
0.701121794872
0.862808145766
0.616835994194
0.582913839644
0.81010230179
0.56087000815
0.827791859252
0.84042340723
0.762512290247
0.739427860697
0.580894551729
0.804371584699
0.694224751928
0.654097102284
0.753948568302
