0.651065355561
0.61723742451
0.493107355577
0.722486829565
0.438773379319
0.44947061557
0.514629929312
0.754299246759
0.743470284713
0.595961208374
0.574585496205
0.849125775724
0.81427067375
0.881440321302
1.0
0.619782577886
0.657723436519
0.363576448717
0.552830232752
0.905874343248
0.552451676639
0.305178541342
0.382163525969
0.361942199065
0.475817937552
0.763229079487
0.532247419444
0.495884740978
0.889821859776
0.645453049297
0.812146922229
0.324284040136
0.324568946356
0.807604099293
0.434072252292
0.44452093399
0.378613307518
0.558638051205
0.920884510151
0.391291020695
0.620221098385
0.406749883287
0.546560886135
0.673445270907
0.711537879862
0.543106468256
0.825900301587
0.504538736269
0.760443911888
0.626355547622
0.631289886097
0.916214502611
0.715222253508
0.415295028682
0.596168022013
0.481593059557
0.49794456008
0.486402759194
0.587279288462
0.485184819217
0.689161777068
0.649600501491
0.759710107103
0.372373337866
0.450418898074
0.929069917542
0.720236221444
0.724908332756
0.747975136918
0.768528468893
0.873384229994
0.572912389098
0.388018649167
0.708206147136
0.633200838938
0.715025609726
0.851324686528
0.491135714549
0.293823423546
0.59012586233
0.942876295964
0.566909490837
0.46246942986
0.462583191158
0.754413766478
0.669454417719
0.925215779697
0.536439319532
0.526853018621
0.617165096776
0.534461988447
0.554660332072
0.742884953897
0.683504216355
0.440008803474
0.525508359627
0.614900046453
0.534537651939
0.694908752184
0.794520527209
0.287677634091
0.52699014897
0.492569075001
0.502470387496
0.8498864447
0.733782205993
0.447596084088
0.572242020159
0.208934469706
0.81151447823
0.751139435722
0.657275779751
0.106396081004
0.417552169531
0.49217953097
0.744551445684
0.707003115909
0.444794667247
0.308039429901
0.808523456648
0.433403067667
0.88329121088
0.441427774636
0.683707522767
0.537107702667
0.533428759842
0.709145957261
0.928509654363
0.840203244817
0.453818457179
0.640708825516
0.719063878373
0.656941646152
1.0
0.51420266863
0.599860455666
0.526770584873
0.590776873806
0.736616182497
0.795405706351
0.510414530854
0.227820592432
0.664710938504
0.795629572026
0.499692973108
0.359227776998
0.746269194828
0.485956557698
0.722462043259
0.635221919304
0.875976875062
0.646136158845
0.803479361391
0.952252729056
0.667804645693
0.541069287216
0.516951416442
0.637711141607
0.537810406985
0.23182509663
0.804090326144
0.493848429264
0.436572838678
0.627284728255
0.593345620592
0.617353800463
0.656183414941
0.701424624632
0.595652152321
0.555100138963
0.819668616665
0.393675599536
0.745024576095
0.605094829016
0.522763648096
0.54728794889
0.455566662246
0.827746542292
0.34629683274
0.757610669226
0.734737665979
0.345805788198
0.64318411404
0.749022811614
0.36463685328
0.641684064104
0.752940782029
0.465989157683
0.208779785882
0.490788061691
0.738567863115
0.575822474552
0.652088502561
0.595544648168
0.675612797685
0.646100343423
0.902816990756
0.441902752089
0.723892759948
0.487267822988
0.686400968058
0.98440774337
0.619803606432
0.367264261144
0.568043539585
0.560877339646
0.782388224219
0.806554884972
0.403963844011
0.679373248494
0.551641498246
0.627683504362
0.665131956356
0.763453845902
0.414497706847
0.748908350026
0.635960966659
0.703337276544
0.802041826097
0.777591350382
0.677784152863
0.722483459802
0.806320717625
0.608972531902
0.761184341415
0.654229138768
0.839210601515
0.793349767227
0.588868609664
0.704507065433
0.407417996459
0.853919818037
0.597155353093
0.710799432115
0.741564660088
0.381101583707
0.535488216969
0.961627603457
0.423861257039
0.899971347345
0.358431092116
0.306472142431
0.656638187769
0.674663232702
0.682262901662
0.648697049374
0.787084161134
0.478269304804
0.492816406783
0.813148072609
0.767031957338
0.955813624376
0.759773846954
0.43139084836
0.808339467656
0.619411179273
0.709243598039
0.587890232023
0.632788604652
0.654023863712
0.60251238312
0.573022188661
0.566464507428
0.575735001148
0.548591243729
0.823978389203
0.764425492497
0.832676034265
0.638160313018
0.700204296179
0.565314787089
0.863926675938
0.301914739028
0.328908606751
0.788643978417
0.448888461198
0.908752203536
0.275011338461
0.690140635143
0.471390726163
0.595592491728
0.465285133934
0.410679176684
0.42673948715
0.901784417359
0.681512484368
0.406495193026
0.399505647862
0.735442695567
0.586612264339
0.478934386403
0.722210857613
0.602970051085
0.601855185144
0.470484813815
0.785081823097
0.801351549467
0.691265944697
0.556417427713
0.325281105289
0.686672602306
0.357381788306
0.355817921096
0.514357271456
0.323901108836
0.640433605165
0.718074528783
0.584290544263
0.757075568899
0.662676745042
1.0
0.726479029902
0.68288873412
0.530260715364
0.687348324798
0.685582910822
0.706727225392
0.821107047048
0.529899833511
0.794346176516
0.652309200921
0.55740144263
0.763572921305
0.263891682082
0.736799688222
0.400314195484
0.334920318926
0.559783032953
0.59189647273
0.382879166197
0.627690286601
0.574311073677
0.429327947256
0.68088616371
0.63997767374
0.516605189102
0.380293489208
0.580966907461
0.703962934607
0.352584813431
0.654993344633
0.611251276169
0.530556462775
0.424329841216
0.486448190576
0.519667140594
0.614358372209
0.609884049938
0.712424526888
0.835471527322
0.74909658165
0.565315310875
0.436380004425
0.629373003176
0.43010838571
0.608692276249
0.736502248513
0.677502566701
0.790007226106
0.742293185673
0.501381506998
0.683203298631
0.519357107119
0.726122702758
0.614044970674
0.586922823421
0.748339915493
0.748386851964
0.712219841639
0.753791090382
0.654166063197
0.682763793853
0.513094219302
0.86535345568
0.54704676184
0.906886332065
0.441639397945
0.830846228483
0.491939813598
0.502868360435
0.379002874001
0.384669379506
0.466595187864
0.533704633117
0.672615735662
0.70770735188
0.558678196114
0.472206297488
1.0
0.545320928127
0.66889188932
0.687256384279
0.771363239578
0.491265586199
0.725330173231
0.405759332145
0.751375383056
0.352396716886
0.764182954479
0.576509765983
0.771679283262
0.483882342735
0.538593039667
0.428753092681
0.585890912765
0.617694508057
0.337409467367
0.422040251016
0.361344842281
0.790748046424
0.721483854759
0.57399923691
0.731626875956
0.716016475691
0.539581933635
0.391388093366
0.597450820264
0.876109663045
0.403488461953
0.560367969234
0.763837409404
0.345146435377
0.389363028725
0.480101733949
0.906343985912
0.925049779552
0.423995738421
0.527135652883
0.632318524533
0.512247580707
0.726494598102
0.757907062614
0.568775018906
0.646415420032
0.460466285191
0.837627795905
0.595974052032
0.573412718241
0.58916027211
0.609756608113
0.708816621204
0.783418028764
0.773757387177
0.526609672479
0.669137606679
0.731041656414
0.406348824582
0.368309904848
0.685607140687
0.794369188011
0.903198791787
0.757382209838
0.465155392274
0.706853457074
0.337260193551
0.746957008526
0.78334690007
0.720567681192
0.634444328538
0.865237262373
0.565939228369
0.526092230627
0.7029882992
0.912823976042
0.380640649384
0.786641069192
0.463018163862
0.718140962977
0.745908739128
0.611116880708
0.690736673067
0.550302885813
0.509320600747
0.764137751963
0.286719068425
0.294016564291
0.814490574359
0.457511808984
0.476348864285
0.61032281782
0.457224929708
0.594239887112
0.452838816278
0.563088370078
0.505410399022
0.526682420031
0.712150620929
0.857818532263
0.583654102331
0.579376270685
0.672815316914
0.78040889695
0.512385394561
0.415345328064
0.441768931736
0.759954820362
0.554975003044
0.728865912842
0.430455332367
0.414789559168
0.844252491327
0.67198110036
0.871098379648
0.419520795372
0.719671096166
0.843174305201
0.240707963223
0.684265668124
0.564869251938
0.650161178577
0.536969882145
0.616503178817
0.465469384581
0.533879893607
0.671861081224
0.770758263144
0.132466411283
0.633720989809
0.474897737638
0.547018071795
0.710256268722
0.462901077975
0.53473492721
0.718882800648
0.803394761971
0.464643682198
0.575596960331
0.40099742891
0.519912738818
0.635388838187
0.34674238636
0.727651218469
0.612574626154
0.892394088573
0.545634896841
0.631325475272
0.700349831066
0.709200497985
0.580005845728
0.759412064321
0.474254326428
0.285364719431
0.543106468256
0.712725004342
0.530838731486
0.50182467237
0.582778931615
0.356356906995
0.724603611987
0.631296096247
0.863619135137
0.865855732531
0.875932187454
0.601186972222
0.745660661931
0.591738467845
0.57098554075
0.639147740204
0.585030737075
0.576811096181
0.784324332874
0.828776289633
0.384311218815
0.487109168938
0.635278274192
0.704824565339
0.593817965581
0.905626537812
0.723957974609
0.290666212741
0.518151708902
0.515826352895
0.636781429506
0.765311398944
0.161072304597
0.5208333547
0.530230474458
0.546842146452
0.545039218455
0.885207559707
0.498468634706
0.413091585764
0.452558008299
0.609328359532
0.275991330727
0.732422945754
0.687313145271
0.746103140267
0.495884292709
0.359656760823
0.741897884027
0.415155875428
0.458725790433
0.905109216231
0.37101888693
0.6232687
0.655951595913
0.651960618163
0.494269965733
0.780141297184
0.878467735634
0.700562596413
0.594073702143
0.745587376686
0.826470082945
0.808304060433
0.745527131285
0.711092221059
0.674085627159
0.504308438647
0.302699508497
0.502547950264
0.822855244606
0.824364269873
0.516683486007
0.690066560394
0.609572742496
0.768058450968
0.452420058671
0.472011248981
0.685229401755
0.605646696977
0.364338949809
0.737920712117
0.73737153237
0.501991711021
0.659436590702
0.591801693589
0.5972063923
0.605414142846
0.507263433718
0.236838266791
0.501891793013
0.633399113871
0.451803250919
0.56019901617
0.668721368019
0.678382927363
0.908302163482
0.875947676655
0.727402118336
0.353259313881
0.438773379319
0.337672364714
0.889266909869
0.734923039497
0.875022814689
0.547866508634
0.659991349048
0.645851910224
0.439806138358
0.571285713949
0.545267084206
0.730764669031
0.563315537883
0.757693637454
0.744789009986
0.866397766973
0.684093857154
0.574268590541
0.72317054326
0.563680142534
0.449167930778
0.454184655538
0.794620118825
0.397575904985
0.450722091798
0.635840409465
0.569949102741
0.351990990159
0.796003491593
0.542806821124
0.882055835786
0.368320699806
0.787829098544
0.615288380138
0.621599876481
0.74086532269
0.680915525599
0.64755134403
0.375119521449
0.470653956778
0.495219291433
0.307519010501
0.861885851664
0.566059932261
0.964723760686
0.747590177107
0.744937854099
0.750485463723
0.916173489335
0.400726185406
0.635433757719
0.662045236607
0.233849097248
0.499578044699
0.784830977807
0.455035899648
0.487172047881
0.333611668369
0.381914183284
0.703358542714
0.860861305634
0.736425335076
0.610604230013
0.656627607117
0.530766147729
0.353710205178
0.762673633301
0.732552873063
0.710126831806
0.351020970588
0.794492244097
0.719484137228
0.696882477815
0.680168256223
0.524849995387
0.763306644284
0.797221834993
0.609036658748
0.778456660515
0.748290664784
0.392363281938
0.757891498695
0.82293931526
0.721396193005
0.587023547803
0.955725040247
0.371478295789
0.355253945796
0.669014301888
0.614415802131
0.792645920103
0.671827493659
0.575531848698
0.606188750079
0.731778236828
0.388151800122
0.470698180217
0.710926890071
0.410918392492
0.739004851831
0.808105195628
0.565406963653
0.485219502998
0.29664653721
0.853509389722
0.726363588218
0.614701739959
0.617950936495
