0.649598199339
0.567125245263
0.571064454271
0.730864661044
0.436723490034
0.455783199664
0.493409140748
0.73263447291
0.725838485206
0.613130281418
0.617073421221
0.7601450575
0.755755794916
0.867648995385
0.215874040905
0.577339620491
0.618191040013
0.455437136429
0.493065865066
0.848785869787
0.577532381691
0.323110681419
0.41332764826
0.440546916914
0.380990310867
0.821788534752
0.543508732899
0.51837706091
0.794356292081
0.600960022017
0.739618956082
0.331515431406
0.257092294791
0.815319680332
0.453828320261
0.407259134797
0.464623990174
0.525717423736
0.938998859852
0.454258651419
0.664145442257
0.397399742813
0.570559884597
0.547598761784
0.557813420463
0.540486152923
0.841192700116
0.495516499805
0.789482825031
0.668607037667
0.694825201836
0.885062854059
0.745112701967
0.536562981153
0.514780300957
0.468917420824
0.472083274836
0.465747737592
0.590057341642
0.506194198282
0.536085553583
0.668834221619
0.749014575207
0.419695814848
0.430287966636
0.87579092947
0.724246036459
0.70963041735
0.732980897982
0.754342888815
0.812475047746
0.591478865888
0.48751541491
0.695374938009
0.503299327656
0.790761644096
0.831507432034
0.522075364361
0.460392931128
0.655350502205
0.906050667529
0.614378148951
0.631144030339
0.405881515259
0.781163701508
0.613831531909
0.861486573059
0.6163739701
0.546218229258
0.582419552017
0.738277773888
0.602898050301
0.700763309968
0.607877965912
0.516471687805
0.620062396684
0.668905287
0.59863625165
0.604832873498
0.767753433019
0.332799350825
0.527179500405
0.520500981278
0.508000249196
0.856951109305
0.60176575153
0.407362988912
0.56083707118
0.28161920296
0.810645968207
0.7853254889
0.623388993979
0.0744621865963
0.394712822952
0.501148273347
0.608684452892
0.639342610504
0.422671820627
0.360722387795
0.626681882865
0.510634257445
0.768670997979
0.450937013948
0.603921990216
0.568953384837
0.53656136058
0.726665435682
0.697495347426
0.84091231919
0.510341649795
0.623263189758
0.653740216359
0.704277527785
0.976374694312
0.508731292459
0.625862458537
0.492974194103
0.608808425554
0.756575067519
0.838642184637
0.474733912496
0.221485415485
0.616952851549
0.595234567447
0.529882682132
0.368166732876
0.749776135397
0.440821298662
0.800089752653
0.650931066549
0.827519665682
0.588282412027
0.851386427338
0.942063895148
0.701671618675
0.375431081247
0.614688225199
0.619198920578
0.511695934122
0.307479392405
0.687883108982
0.482099155372
0.5443834297
0.64632566821
0.531127905019
0.608970695652
0.644073552917
0.787110939866
0.614551523501
0.535364743658
0.742420304369
0.4501997588
0.706397713552
0.65735260148
0.493140088977
0.523108596123
0.506357525501
0.778670842447
0.480863556613
0.634814873188
0.769738299006
0.397926829957
0.568031955708
0.646602200552
0.416625887449
0.652037516683
0.771637086827
0.475787316888
0.226223519628
0.532095040413
0.757918553456
0.590083539427
0.733289350487
0.574566941615
0.680171500087
0.62760630529
0.925792632401
0.414962294287
0.729988561483
0.516369198076
0.716859566548
0.890043975941
0.529034534029
0.374947348676
0.451189136168
0.487783322689
0.839303568754
0.714816723424
0.381906151796
0.694753340516
0.539530569508
0.550069077274
0.683266778292
0.742979000071
0.44048456687
0.7594761039
0.688158865982
0.697697303421
0.800214878334
0.687012298174
0.689792970036
0.738122626097
0.822817823136
0.631723228156
0.643239719204
0.694763811991
0.861559244655
0.775768752645
0.54926706974
0.69175088608
0.451676119026
0.826307882213
0.563424560471
0.687611782302
0.682545014985
0.376089470789
0.53213617348
0.95585533337
0.413076068933
0.846055169215
0.413833923217
0.332978430523
0.522064446707
0.710668770693
0.652429664867
0.551239161302
0.798864767933
0.359593176441
0.504446894957
0.811941697087
0.782414290836
0.919888146752
0.881276094551
0.415971022956
0.803304905786
0.568206247511
0.760401464714
0.531346384433
0.635706919992
0.571001560213
0.52457345064
0.663053799082
0.529117099279
0.517248304609
0.555520010907
0.820562977105
0.749248880091
0.812182392758
0.668476058649
0.666325052223
0.516910660723
0.843662299749
0.365574698483
0.389842554446
0.708671701402
0.501790309711
0.771571093224
0.283586548256
0.739207819247
0.444746576274
0.644760723847
0.544258284635
0.423044100388
0.436593236095
0.874128858388
0.632738004876
0.417588911966
0.424420030921
0.762341771136
0.565784723322
0.547327776225
0.781910583197
0.521443609462
0.5369729904
0.411264363721
0.784519881537
0.705387559898
0.750508882794
0.54268912224
0.622216964003
0.649560459995
0.388982024774
0.424750401697
0.611595445248
0.33754266812
0.681138288556
0.64879682803
0.658244340047
0.755474590168
0.562626184474
0.952847298481
0.743107882736
0.60168333419
0.494893372176
0.632097229173
0.660209997619
0.660892942939
0.828502061323
0.526259785072
0.805146739484
0.478454065264
0.535938375859
0.765593694647
0.242022125112
0.655954550229
0.630025125671
0.344462960908
0.582621714387
0.536464487537
0.380524193795
0.619836891232
0.521077092028
0.444648771992
0.646634272146
0.612645601846
0.589820363244
0.45856580871
0.559018092302
0.64876809233
0.428237002392
0.65947231905
0.673682314454
0.560819029529
0.479779648136
0.486609398864
0.493560352484
0.579648773426
0.533992319665
0.689398350477
0.809911504401
0.636158922058
0.618147170802
0.473721466709
0.57288161053
0.426546740237
0.742615526838
0.686276673372
0.776587212011
0.746587232991
0.855746396174
0.543373233211
0.634952503567
0.565765324875
0.764528354785
0.600179412779
0.527562299554
0.740293360808
0.680793897815
0.56173935811
0.75559434367
0.682846579929
0.723147936778
0.444100740407
0.8272059887
0.538632114093
0.938464855493
0.51404853886
0.817447546013
0.356065891574
0.51867214791
0.406599227471
0.423359415906
0.47854104946
0.527956804271
0.679613861284
0.77197168234
0.55007230334
0.551593571039
1.0
0.482190368577
0.631566337149
0.652027641649
0.739295621148
0.499823114007
0.510270393478
0.578074712049
0.731924818049
0.327028481119
0.767902791026
0.600417927283
0.719619095256
0.489618377929
0.562378084679
0.467085607707
0.527654632422
0.561535988914
0.324928253412
0.332935998377
0.41088735277
0.804941588768
0.732895910512
0.571721859517
0.732379543833
0.758907805125
0.512240302331
0.359536083133
0.496996060154
0.873859745808
0.45005731361
0.607990090921
0.786465445789
0.433105720286
0.439356618706
0.570898842246
0.910612249255
0.925862586671
0.593708306152
0.427919272873
0.57140063101
0.515393850477
0.69290026776
0.780288437716
0.546252391031
0.665150598569
0.522240725468
0.851032221203
0.534751159203
0.471967420222
0.574450265172
0.525531025071
0.659842554994
0.763141673802
0.77010283152
0.413732918187
0.676029676497
0.498557478318
0.404094193225
0.486971378928
0.751633512061
0.792013405814
0.745805166591
0.743957105161
0.498465469344
0.675839306374
0.458604216177
0.749862218317
0.849017760804
0.582074505717
0.591815464855
0.851375919227
0.508650480447
0.497294426309
0.719179726721
0.88505634183
0.423755083004
0.776056970143
0.486682223623
0.742495963426
0.759842783211
0.675595071836
0.630344639788
0.596059397692
0.508992590106
0.61857126015
0.261070284432
0.29478020296
0.823156279427
0.479344428658
0.561199392385
0.584359677312
0.481398383779
0.58385490438
0.460540563848
0.577857155772
0.503413296541
0.617406055915
0.754115890448
0.839658166458
0.620151044727
0.651339444883
0.660112253524
0.738705974515
0.557869582711
0.52243167859
0.468855936277
0.764568769542
0.549940701624
0.753663120592
0.418054478867
0.448649493812
0.701583630769
0.655752165032
0.839850811019
0.394998360684
0.767543177481
0.797179954548
0.256776035914
0.501388073268
0.531523670862
0.676434475695
0.508586270811
0.635103694583
0.481049790623
0.389138794963
0.680046274693
0.761163305416
0.437762138264
0.563041608285
0.46624668949
0.516545578519
0.549747230458
0.432738133007
0.53731715897
0.566148193857
0.808442298394
0.391116842412
0.56078093027
0.520475798059
0.475757715556
0.507335499292
0.380993733455
0.639663241119
0.6267602736
0.826556583733
0.548017505007
0.65788896748
0.683941118756
0.631095601349
0.58673190024
0.788908282926
0.45813272074
0.348100214654
0.540486152923
0.732459607299
0.49976870794
0.423704356812
0.606839408626
0.356626723832
0.699099058419
0.561256796771
0.798792229389
0.835796050015
0.8862170444
0.621701694512
0.75280144776
0.583701560776
0.58599561252
0.639147763153
0.624971453988
0.554287701297
0.754246480998
0.81342362933
0.403863886031
0.424705654585
0.678046683245
0.645485940353
0.611735990032
0.937809960472
0.695233668633
0.349190761175
0.581200458392
0.559163892828
0.580424587025
0.735899987904
0.299490183261
0.45511307097
0.551703145939
0.572875243236
0.621867026287
0.894251233638
0.461135700443
0.469831599956
0.317976122412
0.616666264177
0.307894435618
0.761686104318
0.705663176245
0.768587379422
0.513331337268
0.386760530965
0.755013263898
0.400949721141
0.44427460412
0.928872875448
0.282666773115
0.637181257758
0.579483616155
0.553044230609
0.631067334278
0.766574587736
0.790083912166
0.543830162761
0.459322730814
0.72595020043
0.794605857241
0.804160062441
0.669036542788
0.646907482944
0.689774127601
0.566877207396
0.44593204023
0.507990653129
0.761386466717
0.763825359913
0.592900617908
0.628524537505
0.627089780017
0.606186408526
0.510345709271
0.431870152201
0.683301624317
0.685958299265
0.385799084792
0.75217932237
0.705119342147
0.571366511563
0.625821543433
0.537864537345
0.564472616783
0.606997501819
0.544253448237
0.291611112366
0.491605762638
0.629195484353
0.405923643423
0.522955520034
0.682209884078
0.67414765252
0.894560109359
0.749293694273
0.763475941748
0.434016362543
0.434567722621
0.412127443421
0.879173545363
0.748197522995
0.892376959536
0.555959021339
0.658328264333
0.605543873033
0.423027504814
0.586145748569
0.579997702136
0.727831754374
0.546172178641
0.701301616784
0.714392567439
0.874253272255
0.66428192709
0.685045515265
0.580569139148
0.517325179086
0.38629259577
0.453355239606
0.767121288622
0.437162352549
0.461112158231
0.655771293264
0.319895802437
0.379538790436
0.677851697977
0.596623233531
0.773115185204
0.487514241462
0.783866419944
0.643825560982
0.6422510983
0.706912273472
0.669984546288
0.643431716712
0.40514414625
0.571157989382
0.487939227205
0.398322279119
0.82540204176
0.505768647611
0.843405196349
0.730685683953
0.702487055578
0.74312995968
0.907028407588
0.413318171669
0.552880263407
0.629436794392
0.263812599518
0.536973696657
0.731432000351
0.453242290005
0.466499236039
0.357583370848
0.414912279211
0.662688223544
0.751107956911
0.748093449573
0.64319826907
0.659594454302
0.556197215871
0.320854883173
0.714698998492
0.714694260863
0.74082927835
0.428969754634
0.772913881004
0.700008660512
0.690280613644
0.652306090218
0.537015626552
0.743802221539
0.712673752884
0.672433337588
0.806163409791
0.77652061132
0.393178996433
0.704788827764
0.809644223379
0.61165543779
0.63524044818
0.872485595002
0.490696837612
0.419276276916
0.66560810269
0.426931693519
0.769571742287
0.634461742736
0.581456866563
0.598746320121
0.759657653192
0.425355304245
0.442219439825
0.679489139869
0.479190455729
0.734234560467
0.772493020018
0.529383868743
0.505170348549
0.414712547289
0.80816228625
0.762407600769
0.461658227086
0.650661981455
