0.7250300675115213
0.6579971355235013
0.5557801350478975
0.7912439553991394
0.3649603664481281
0.3303146255153665
0.5100019327669509
0.737153344596368
0.6334599489704966
0.6179483338598181
0.7995531883759492
0.7403118154540593
0.75987240819634
0.6899550314095615
0.7068658261851845
0.5266348654439131
0.6044382404832348
0.5622807346817322
0.5252708626357464
0.6476479901587424
0.47274647146529325
0.49597382433831616
0.5287628504375597
0.2980282533694453
0.4054512791667497
0.568660089948077
0.47337681409295895
0.5311122625548812
0.9138892998245612
0.6387424197775594
0.42377445827789895
0.33369051932095395
0.3182124899738031
0.8671346256215506
0.3362351663857265
0.3583336002139903
0.496646632788034
0.7625517095177394
0.5290647640172119
0.5072330259066199
0.6112175872681584
0.44528400227965836
0.6362104594953721
0.6660875982299821
0.5613098604071836
0.5003845092163174
0.7735499242700561
0.5578589457489495
0.726629965305837
0.6989852205205547
0.8018634738400912
0.4713171858667434
0.8417505837547676
0.5752688481386226
0.6445635624747124
0.5666412202116156
0.5679770522595923
0.5617799607789149
0.6710805901621603
0.6018384365931508
0.7297959548940696
0.641274308314677
0.7365146935937823
0.4860985810647853
0.5478229952003393
0.5702157540465931
0.7192191475561269
0.4777137370795653
0.5875126559599997
0.7118152826109814
0.547063343717084
0.5657339637423564
0.538167786925787
0.6106370019563102
0.5144733303905215
0.7932131629469963
0.5820011611829223
0.620108770540257
0.34648038564425526
0.5641081035627249
0.752573006634059
0.6784596531057879
0.5264424537680608
0.45647895765027735
0.6687583104652209
0.530931299391539
0.425856652673934
0.48558899846870296
0.5599392805942722
0.6547199140744941
0.7594683224187906
0.7036373809611167
0.5778924081236726
0.7034031677272856
0.6176355381227636
0.6413442823767557
0.40374901623100223
0.4833368072072759
0.5599345513365248
0.7077948638844132
0.4218833937839459
0.4785196432684147
0.5712159815276647
0.5963717201446672
0.43537341641352456
0.6551752784645186
0.4425402378313335
0.5096373372040621
0.4413277739830119
0.5764226274884665
0.7637968964631505
0.48339402483071436
0.4724640889411106
0.705857829910415
0.6950328684664815
0.5789394868561446
0.5495925341021659
0.7696139485205824
0.418140752494381
0.786332411163395
0.5649809707097353
0.5781391402666598
0.5406352663909882
0.6438822234259377
0.5641908079807992
0.5396817520172557
0.7276606828725355
0.6080311001089491
0.608996604074153
0.3264668301825545
0.7498182766227364
0.665429241532504
0.71839153978619
0.9167162038662303
0.6529167379808953
0.4854248605853065
0.46886115118894534
0.4778283677374
0.6150255454163225
0.45006162991716336
0.5631843722715797
0.46376248182612423
0.6428337446289034
0.8381272674203981
0.559571188991139
0.29231510306238107
0.8490972636251055
0.3899843063469772
0.5303911522588957
0.5867452636955743
0.8721166302431606
0.7662309327982642
0.7825162480946108
0.6814098753829182
0.7905754720041716
0.43825965149628404
0.6063723243784003
0.6933246875492513
0.599630289815636
0.2781633545785154
0.5628796132344361
0.542558636102279
0.655137658421494
0.31765156439630227
0.5082359927717784
0.6813123464591018
0.5988272582747891
0.6070317962776561
0.611150137866441
0.6260263064630673
0.7473555264959267
0.5362721945385232
0.7540597526263881
0.5009965814620116
0.49435003410302225
0.450964081019899
0.3918525900773746
0.5938407309666365
0.44694325660321454
0.7317541868125672
0.7461834537751317
0.4945490670750793
0.3942424660726518
0.7629039013216428
0.35966341433449533
0.7161978331985566
0.7270149806722429
0.592462476307679
0.36407386959892296
0.3880288005674357
0.45925892114514444
0.2943932858608511
0.7029565809342608
0.4527554174355032
0.6481434324359692
0.48703169770478993
0.7791846741486288
0.5939762747682308
0.6606508402452269
0.66013543367608
0.7254048582743836
0.7997443988651022
0.5335644179701236
0.3015913655872863
0.6000441056734584
0.4542313809505335
0.7476070175875307
0.6936209877166073
0.40038036170399016
0.7777334247748363
0.41270979765991367
0.6972532275481034
0.8450173560497408
0.650171615717688
0.32294989871934887
0.49162825651405223
0.729625910833716
0.8046510283379191
0.5181870566041876
0.5040460537011222
0.8780034120010043
0.6641482215024481
0.5305410508271184
0.5708329997209911
0.47088326359281757
0.3478206352740113
0.7831321019921951
0.7777551650548786
0.2894052679718383
0.18158235916251797
0.5525907761433556
0.797943548112573
0.5579556236074269
0.6936047869747044
0.3421302185844607
0.43731744271122286
0.5187508332148283
0.8971639039402945
0.6377128020314242
0.7705465335213442
0.28717681711341375
0.5876511564869691
0.6348922825883996
0.8242673607220399
0.7942664063555891
0.6347964025695083
0.7718858457817398
0.4514320714343675
0.7236080618214995
0.6428563678541979
0.717161730417861
0.7028703599590675
0.7378113887502098
0.49744535358071473
0.7554995262097122
0.6614617441862802
0.36902243960297365
0.5483823384952183
0.636811124168895
0.5279581019265904
0.6201824953812971
0.717096340050322
0.579829065626475
0.5783793675593887
0.5416865664651174
0.6874616227850867
0.6830212275480816
0.6269122850853541
0.604828601880562
0.80456335288698
0.597485547988039
0.6117324137889569
0.3165241970446669
0.26695075122067835
0.6832372629841161
0.39879548112680485
0.6235746779902154
0.41251636812301096
0.6591909739636856
0.334850258759602
0.6496398059179118
0.576367022862508
0.49568592807829215
0.4635283640776842
0.7638021387364782
0.6920714304490747
0.31879054200555923
0.64147885905985
0.39434703249039504
0.48022054851602547
0.5353672439587601
0.3667150620419413
0.6500721136249186
0.4342910334565502
0.4623198577079186
0.8035268534930297
0.34846078009445974
0.7688487522885343
0.5344748408477573
0.45309159410916017
0.5704518030888367
0.5195520386640069
0.7206275684236839
0.5745558945414071
0.3274351452195145
0.7233253626220888
0.5577224920033979
0.4610294397960373
0.838799409414396
0.6817161299608059
0.7534172804781715
0.5536547947242498
0.6642655411483009
0.5851191596921144
0.7064124220809513
0.7456447114224952
0.4435105188746784
0.7416548422149889
0.421564835062909
0.6617977993459923
0.5990843122532739
0.6972188131462602
0.5434528034680061
0.4610043078085365
0.7513024013904167
0.6162794494107378
0.5466837985360665
0.7251725250992819
0.5225876163805103
0.4204058469658765
0.6979930133409372
0.6299626148375127
0.6694986037382868
0.4336193646875214
0.7268911169159961
0.3361608552157793
0.3504362405373451
0.788516197036236
0.7646535955047367
0.5662112834084414
0.6208060603006333
0.880091223596811
0.35430783655670817
0.3924957270385484
0.6894747510009539
0.549735583290025
0.5354468294049809
0.4482047942622591
0.584136542872226
0.8042887232837601
0.536485314863862
0.40909478736947547
0.49173232071550177
0.6012188531652828
0.4563390899175732
0.8616665700639149
0.5146262384432723
0.8764413981929605
0.7194502642807863
0.7489874016178228
0.4745723192691357
0.48069413119457616
0.5928764727968807
0.5382332790085668
0.5525378554563399
0.5803170372468804
0.7516356654453447
0.4998635026514979
0.4911554248125676
0.7100598753387035
0.7200408474571591
0.59263571012801
0.4842179057645719
0.7057287963019354
0.4046057807136507
0.711536710609398
0.6645765888587322
0.6965359983457555
0.4412760225336366
0.5543643574925361
0.457000063611283
0.39878837475611667
0.5566710046748305
0.37374068347616585
0.5241562591052777
0.6347150026173402
0.6260491987895407
0.5042145604783862
0.695859708656669
0.5660406583108121
0.791028110028546
0.713520872284826
0.6688704351229954
0.45643246399610904
0.8028581699491617
0.5951879148437573
0.603992810411692
0.3822609462379657
0.556785649393128
0.4631807647751587
0.5612785350702858
0.2921840923278035
0.5854472933922987
0.6199919121111717
0.568381456587311
0.731415356979834
0.30862117105117415
0.4660673533041824
0.6238577326748869
0.8099296640558311
0.5497257155782385
0.4595334123916715
0.4759887443071902
0.5090433768722489
0.49051996615963556
0.5711202636962934
0.6345451327592049
0.6711482013224622
0.6111303967845718
0.6451704113716621
0.7531529153746599
0.30087690645164356
0.41982850380465675
0.4939099194644504
0.8841936044585363
0.7401613987248066
0.5374930927415725
0.5827533274885763
0.5910559204248991
0.3397649150545441
0.7719983889541028
0.41853122088418027
0.6499787536707484
0.5799968815932685
0.5897368207035382
0.6802591855556921
0.464724787318272
0.5094551007095207
0.6506134565205342
0.5555654179532381
0.7268236147099625
0.8554897521504294
0.6571827363537066
0.5009139669834506
0.5347477310575235
0.7883715292706273
0.47121375491837525
0.29153725496130445
0.61966844182221
0.8860912344727472
0.8914898796939495
0.7411103494306847
0.442281717758873
0.6073359505039977
0.5198004785219978
0.8270137190855711
0.6494152681054819
0.418869343069435
0.34930732220948757
0.5189475932423682
0.775318096414608
0.335753779387044
0.7685002777408263
0.7873170692421358
0.502288091698217
0.5734115466164083
0.14525425945565384
0.7548930231808664
0.43289834909028974
0.6261881188750507
0.6262278719912695
0.36710066712441525
0.41646227693679994
0.6685697732888658
0.3037350703566376
0.33680488963565103
0.7359618957690309
0.59136554102883
0.649113482439541
0.3169712067740983
0.6427863638766722
0.5115513570052999
0.5787076426706326
0.4491234722611178
0.41870798178712354
0.7415322709044343
0.7853244379421602
0.6981128107392693
0.5067957864796628
0.5162251887141266
0.7291814869935402
0.48826860786575227
0.4115685708706754
0.553267577769765
0.37183840230698056
0.45928537651276125
0.524458557897402
0.7647233605654336
0.47371253659195245
0.39413723443784987
0.6833071700204214
0.5893232046852206
0.8041969429947814
0.2569324509910095
0.7511092261800003
0.8032970951928422
0.34410528160949155
0.5479646003182574
0.5208208053156462
0.6163799674425261
0.5619754837055528
0.654559942429648
0.49893828348949876
0.6196106501267296
0.5451760134873134
0.5876158266967673
0.5427870940826917
0.6398238845456872
0.4824511735773934
0.7004320018805889
0.6263552775162868
0.575480826640518
0.6475045061077153
0.5657125570041751
0.7242583744693409
0.5570524977173679
0.5252872837367788
0.48308232468918
0.6336152817171439
0.5904214206063795
0.29509655958682013
0.878920859693306
0.538029754357838
0.6348238603880509
0.49816918002171395
0.5967929654978046
0.6287456606023216
0.7788977861547645
0.5390173227028874
0.7691982385214386
0.40296060266312517
0.4968513200000616
0.5003845092163174
0.6035132679487646
0.43224694750317594
0.5236478742775199
0.7195741611275177
0.5351180411409281
0.5439570023263219
0.5154008323359478
0.8720052750805374
0.6395886879843038
0.8741149965246422
0.6004342631392077
0.7196475768029233
0.5672843503980223
0.6039955312261279
0.551298274971123
0.44733484560636005
0.5955560864390665
0.6967767933053284
0.8328084855072647
0.5094890137174342
0.3794411098041883
0.564535265178823
0.6678978786107095
0.5785926687432184
0.9317063842906963
0.6521303312102902
0.5684115096778819
0.6156184331800157
0.7615348954908983
0.42980612285912745
0.7815894307819566
0.4505549995303797
0.6556936416803953
0.5358865256455045
0.5397679561418474
0.7208659663475195
0.6115994791022241
0.4414782628630884
0.6309930611844674
0.5789687355237798
0.35672401538450915
0.6442357088293066
0.6556616302389799
0.5619314451766616
0.6243589334150672
0.18395674436770998
0.540349305959757
0.5876480542657103
0.5483706485302299
0.4200109630244404
0.6235364647499214
0.5392938400407268
0.46991308575229723
0.5548352480086733
0.6487676382916605
0.33458736552774315
0.5532487919592786
0.7768284574220837
0.5122296980180219
0.5011764357948466
0.5870152062143016
0.6888974459037964
0.7561486978630455
0.7075787941828708
0.722467768689582
0.6969340618683528
0.6186070053383913
0.5756263264512214
0.40892354649420004
0.6589495486527115
0.6928458485135685
0.6493876599904467
0.7426585403026851
0.49831391843343215
0.7520480251228456
0.5613194579166694
0.5276756749931559
0.7341942149765083
0.6976209632731514
0.3120853403277203
0.7281474273002817
0.5713799672015731
0.5562033228959833
0.5241977751337976
0.6630396754411444
0.5648211103428459
0.4480972291606116
0.4954264174375258
0.2474240955033444
0.3509232845196712
0.6017492506767645
0.5529614259453053
0.5329846998057473
0.3575628731187228
0.5515437278405269
0.47774273560710995
0.5665808702657569
0.7021370159062964
0.3498687575362107
0.36336524029300865
0.3567158802599357
0.8463533480722152
0.7959939572719126
0.6305190324523305
0.7304137992827582
0.7185948890373767
0.6733804888317743
0.48129812137938455
0.7782596729383331
0.6021399839034461
0.6339678926967813
0.36793987170389053
0.4394948855379274
0.6415545041729356
0.7843478189478352
0.5254655569769966
0.5329031703300585
0.7957013931551546
0.3882539472253609
0.5527694030309317
0.6684756806897201
0.6590186081592241
0.5602550289481854
0.6343248484641082
0.5646438667021316
0.48273397737974055
0.5499485161498845
0.7787214581517898
0.6388653439917995
0.7246576063532649
0.34500410040441587
0.6005543420833599
0.4821627226038663
0.7687856646945355
0.6889405317630628
0.6252138414266646
0.5954373695389361
0.6281984276779151
0.4567163217365151
0.45047435526694485
0.5990892401145292
0.7855837892495587
0.5284215064155644
0.8034272355991636
0.5955408310754555
0.41357988604707263
0.4574979975452532
0.781083399281796
0.5170920412691995
0.6738450337821069
0.4394454980476286
0.5048437204490117
0.6331837843405554
0.6175502282316422
0.5319982533116194
0.6245048490490981
0.5582985086982171
0.47358084149430746
0.6610855722474221
0.6219714053990244
0.6905720708325505
0.5804586783085914
0.6073748785880587
0.6987642447722232
0.423644192552033
0.7088142242673332
0.4928155989519506
0.6707883872835481
0.3215936826192687
0.8158140348726365
0.5328632453404015
0.710416414516348
0.7615005696800587
0.43692249194347743
0.8125688243948319
0.803183373610451
0.5629599100254574
0.43526923901934494
0.7812938734931543
0.5797612731095338
0.7567971822498275
0.7104020470791996
0.5005089375150971
0.5561782332654552
0.7164250687417055
0.48988019206753275
0.6060659331935987
0.6565448331772643
0.6433774961249845
0.6820653496739534
0.510829725832243
0.7674729603770069
0.6422338255863997
0.594437153003251
0.4600869540644821
0.34793704830775873
0.8150916084757123
0.5742654898421509
0.8073237742215709
0.5609110336515829
0.7091054764178193
0.4972120388335793
0.3959839583264869
0.695618134497964
0.574387487243174
0.7363384734391195
0.5513682299369205
