0.6538461538461539
0.6363636363636364
0.5333333333333333
0.95
0.3684210526315789
0.35294117647058826
0.6666666666666666
0.7368421052631579
0.7058823529411765
0.6111111111111112
0.64
0.9166666666666666
0.75
0.875
0.5833333333333334
0.7222222222222222
0.6923076923076923
0.4666666666666667
0.6666666666666666
0.8823529411764706
0.7142857142857143
0.46153846153846156
0.46153846153846156
0.5
0.38461538461538464
0.8888888888888888
0.7777777777777778
0.5263157894736842
0.782608695652174
0.52
0.7333333333333333
0.5238095238095238
0.5
0.8636363636363636
0.6470588235294118
0.5
0.6428571428571429
0.5833333333333334
0.8666666666666667
0.6666666666666666
0.8
0.4
0.7142857142857143
0.5833333333333334
0.5882352941176471
0.631578947368421
0.75
0.6470588235294118
0.7272727272727273
0.7741935483870968
0.7222222222222222
0.88
0.7307692307692307
0.5625
0.5
0.5555555555555556
0.6
0.5416666666666666
0.5
0.5416666666666666
0.625
0.7222222222222222
0.75
0.6
0.5
0.8333333333333334
0.8571428571428571
0.5833333333333334
0.6666666666666666
0.782608695652174
0.8260869565217391
0.7142857142857143
0.6428571428571429
0.6923076923076923
0.6666666666666666
0.7333333333333333
0.8
0.6666666666666666
0.45454545454545453
0.7222222222222222
0.8214285714285714
0.5384615384615384
0.6363636363636364
0.5714285714285714
1.0
0.6111111111111112
0.75
0.6470588235294118
0.5555555555555556
0.8
0.8636363636363636
0.6296296296296297
0.6428571428571429
0.6521739130434783
0.6363636363636364
0.7894736842105263
0.6666666666666666
0.7222222222222222
0.5555555555555556
0.9090909090909091
0.5
0.4583333333333333
0.5
0.5384615384615384
0.8181818181818182
0.55
0.5263157894736842
0.7142857142857143
0.5454545454545454
0.875
0.9166666666666666
0.6666666666666666
0.5333333333333333
0.6363636363636364
0.48148148148148145
0.6666666666666666
0.7083333333333334
0.6153846153846154
0.6153846153846154
0.5454545454545454
0.5
0.7777777777777778
0.4
0.5
0.5294117647058824
0.4666666666666667
0.8
0.5294117647058824
0.6956521739130435
0.5
0.5925925925925926
0.6190476190476191
0.75
0.92
0.6875
0.5833333333333334
0.6111111111111112
0.5483870967741935
0.8125
0.76
0.47368421052631576
0.4666666666666667
0.48148148148148145
0.6923076923076923
0.6190476190476191
0.45
0.85
0.7142857142857143
0.72
0.6
0.9285714285714286
0.6296296296296297
0.8
0.96
0.6923076923076923
0.47058823529411764
0.6
0.5714285714285714
0.5789473684210527
0.47058823529411764
0.631578947368421
0.6
0.5
0.6521739130434783
0.5294117647058824
0.5769230769230769
0.6875
0.6923076923076923
0.6206896551724138
0.5238095238095238
0.782608695652174
0.47619047619047616
0.6
0.64
0.5625
0.5714285714285714
0.6111111111111112
0.7931034482758621
0.47619047619047616
0.7777777777777778
0.6428571428571429
0.42857142857142855
0.5
0.6296296296296297
0.42105263157894735
0.75
0.7037037037037037
0.5454545454545454
0.4375
0.5217391304347826
0.5625
0.8125
0.6
0.45
0.7142857142857143
0.55
0.9166666666666666
0.5
0.84
0.5
0.7142857142857143
0.8076923076923077
0.5
0.5714285714285714
0.375
0.38461538461538464
0.76
0.75
0.5
0.7777777777777778
0.5625
0.5294117647058824
0.7083333333333334
0.8888888888888888
0.4166666666666667
0.9411764705882353
0.7647058823529411
0.6818181818181818
0.95
0.85
0.6666666666666666
0.8148148148148148
0.7368421052631579
0.6470588235294118
0.7058823529411765
0.7333333333333333
0.875
0.6923076923076923
0.36363636363636365
0.6
0.5909090909090909
0.7916666666666666
0.5833333333333334
0.7777777777777778
0.6470588235294118
0.5454545454545454
0.5
1.0
0.6111111111111112
0.8571428571428571
0.6428571428571429
0.5714285714285714
0.625
0.7368421052631579
0.6190476190476191
0.625
0.6666666666666666
0.42857142857142855
0.5454545454545454
0.7619047619047619
0.7391304347826086
0.9310344827586207
0.75
0.47058823529411764
0.95
0.625
0.75
0.4642857142857143
0.6538461538461539
0.6875
0.5714285714285714
0.7222222222222222
0.6
0.47368421052631576
0.5
0.9166666666666666
0.6666666666666666
0.6818181818181818
0.65
0.875
0.5
0.7857142857142857
0.4
0.631578947368421
0.6818181818181818
0.6470588235294118
0.7777777777777778
0.45454545454545453
0.65
0.6470588235294118
0.7
0.7
0.4166666666666667
0.42105263157894735
0.8947368421052632
0.631578947368421
0.5625
0.631578947368421
0.7368421052631579
0.6818181818181818
0.7058823529411765
0.7142857142857143
0.5
0.375
0.6875
0.9473684210526315
0.5789473684210527
0.8947368421052632
0.5789473684210527
0.7692307692307693
0.8571428571428571
0.42857142857142855
0.6666666666666666
0.5625
0.45
0.8
0.7058823529411765
0.7222222222222222
0.9375
0.6842105263157895
0.8695652173913043
0.7407407407407407
0.5714285714285714
0.5625
0.631578947368421
0.6666666666666666
0.6111111111111112
1.0
0.5294117647058824
0.7692307692307693
0.5833333333333334
0.5714285714285714
0.9444444444444444
0.625
0.7647058823529411
0.5882352941176471
0.375
0.47619047619047616
0.4583333333333333
0.47058823529411764
0.6666666666666666
0.6923076923076923
0.4583333333333333
0.5652173913043478
0.6428571428571429
0.5
0.4444444444444444
0.6923076923076923
0.6470588235294118
0.47058823529411764
0.9166666666666666
0.7142857142857143
0.6111111111111112
0.42105263157894735
0.47619047619047616
0.5
0.5454545454545454
0.4375
0.6
0.7272727272727273
0.6666666666666666
0.45
0.5454545454545454
0.625
0.5263157894736842
0.7
0.5909090909090909
0.6956521739130435
0.7931034482758621
0.7777777777777778
0.5
0.6875
0.55
0.6538461538461539
0.4666666666666667
0.47368421052631576
0.8235294117647058
0.6875
0.631578947368421
0.7307692307692307
0.8571428571428571
0.8333333333333334
0.45454545454545453
0.7777777777777778
0.5333333333333333
1.0
0.75
0.8666666666666667
0.6363636363636364
0.6363636363636364
0.8
0.5714285714285714
0.5454545454545454
0.45454545454545453
0.7777777777777778
0.5625
0.6153846153846154
0.6428571428571429
1.0
0.5555555555555556
0.5555555555555556
0.6666666666666666
0.5
0.625
0.52
0.7222222222222222
0.631578947368421
0.3333333333333333
0.7083333333333334
0.7272727272727273
0.7222222222222222
0.4666666666666667
0.4117647058823529
0.5625
0.55
0.6363636363636364
0.5333333333333333
0.4375
0.5454545454545454
0.8
0.8695652173913043
0.631578947368421
0.9090909090909091
0.7619047619047619
0.5333333333333333
0.45454545454545453
0.5555555555555556
0.9130434782608695
0.5
0.6923076923076923
0.72
0.38095238095238093
0.5384615384615384
0.5652173913043478
0.8928571428571429
1.0
0.6153846153846154
0.5333333333333333
0.6
0.5555555555555556
0.6538461538461539
0.8181818181818182
0.5714285714285714
0.7037037037037037
0.5909090909090909
0.75
0.55
0.631578947368421
0.5416666666666666
0.5714285714285714
0.5
0.8235294117647058
1.0
0.5714285714285714
0.7692307692307693
0.42105263157894735
0.5714285714285714
0.42857142857142855
0.6538461538461539
0.6923076923076923
0.75
0.782608695652174
0.6666666666666666
0.72
0.5
0.7777777777777778
0.75
0.7142857142857143
0.45454545454545453
0.9444444444444444
0.47619047619047616
0.45
0.7857142857142857
0.76
0.42105263157894735
0.7241379310344828
0.42105263157894735
0.7272727272727273
0.7857142857142857
0.7777777777777778
0.6206896551724138
0.5
0.5454545454545454
0.8571428571428571
0.6153846153846154
0.3333333333333333
0.6666666666666666
0.5882352941176471
0.65
0.5882352941176471
0.5833333333333334
0.5
0.4827586206896552
0.5882352941176471
0.5454545454545454
0.64
0.9047619047619048
0.8
0.5652173913043478
0.5882352941176471
0.625
0.8214285714285714
0.6521739130434783
0.64
0.5
0.6
0.6923076923076923
0.7777777777777778
0.6428571428571429
0.5454545454545454
0.9411764705882353
0.6363636363636364
0.6956521739130435
0.375
0.8571428571428571
0.9545454545454546
0.4444444444444444
0.5294117647058824
0.6
0.7692307692307693
0.47058823529411764
0.6521739130434783
0.47619047619047616
0.47058823529411764
0.625
0.7333333333333333
0.4666666666666667
0.6842105263157895
0.7647058823529411
0.5217391304347826
0.5454545454545454
0.5384615384615384
0.6666666666666666
0.38461538461538464
0.9444444444444444
0.5
0.6153846153846154
0.625
0.5
0.5294117647058824
0.4375
0.7142857142857143
0.8
0.7857142857142857
0.5384615384615384
0.6
0.75
0.6875
0.7391304347826086
0.7857142857142857
0.4
0.42857142857142855
0.631578947368421
0.65
0.4
0.4
0.6666666666666666
0.47058823529411764
0.5714285714285714
0.5789473684210527
0.7142857142857143
0.8636363636363636
0.9090909090909091
0.7222222222222222
0.7058823529411765
0.6086956521739131
0.6
0.7368421052631579
0.5384615384615384
0.5882352941176471
0.8
0.7407407407407407
0.5
0.47058823529411764
0.75
0.75
0.7333333333333333
0.9545454545454546
0.5666666666666667
0.5384615384615384
0.7333333333333333
0.5909090909090909
0.7333333333333333
0.6363636363636364
0.5833333333333334
0.5333333333333333
0.5238095238095238
0.6666666666666666
0.7727272727272727
0.8888888888888888
0.5263157894736842
0.625
0.3888888888888889
0.5
0.4074074074074074
0.8181818181818182
0.7727272727272727
0.8181818181818182
0.6190476190476191
0.5
0.6470588235294118
0.5
0.5652173913043478
0.9130434782608695
0.5
0.5294117647058824
0.5555555555555556
0.5882352941176471
0.5882352941176471
0.8095238095238095
0.8421052631578947
0.7
0.5
0.7391304347826086
0.7272727272727273
0.72
0.7368421052631579
0.5789473684210527
0.8235294117647058
0.6666666666666666
0.5294117647058824
0.6666666666666666
0.875
0.6
0.6875
0.6363636363636364
0.64
0.6666666666666666
0.5
0.4375
0.6666666666666666
0.7647058823529411
0.4117647058823529
0.7037037037037037
0.6956521739130435
0.5
0.8571428571428571
0.625
0.625
0.6470588235294118
0.4444444444444444
0.4375
0.45
0.8636363636363636
0.6086956521739131
0.5263157894736842
0.55
0.6521739130434783
0.6
0.5714285714285714
0.7931034482758621
0.5
0.3333333333333333
0.5625
1.0
0.7142857142857143
0.8636363636363636
0.6
0.7272727272727273
0.6666666666666666
0.5263157894736842
0.6666666666666666
0.5
0.8181818181818182
0.7058823529411765
0.8666666666666667
0.8333333333333334
0.8571428571428571
0.6
0.7647058823529411
0.4666666666666667
0.7142857142857143
0.5454545454545454
0.6
0.7894736842105263
0.47619047619047616
0.6470588235294118
0.6666666666666666
0.6190476190476191
0.5238095238095238
0.8
0.6153846153846154
0.9
0.5294117647058824
0.6666666666666666
0.6923076923076923
0.9333333333333333
0.5882352941176471
0.6818181818181818
0.9230769230769231
0.5555555555555556
0.6363636363636364
0.5217391304347826
0.5
0.8333333333333334
0.4827586206896552
0.8181818181818182
0.6363636363636364
0.5333333333333333
0.4666666666666667
0.9411764705882353
0.35294117647058826
0.48
0.7333333333333333
0.6666666666666666
0.4166666666666667
0.72
0.625
0.42857142857142855
0.5625
0.5714285714285714
0.7222222222222222
0.8571428571428571
0.7777777777777778
0.5789473684210527
0.6538461538461539
0.5217391304347826
0.45454545454545453
0.7142857142857143
0.6875
0.6896551724137931
0.47058823529411764
0.8461538461538461
0.6538461538461539
0.8095238095238095
0.5909090909090909
0.4166666666666667
0.8260869565217391
0.5714285714285714
0.6206896551724138
0.7857142857142857
0.7916666666666666
0.5
0.6296296296296297
1.0
0.6
0.6666666666666666
0.8695652173913043
0.5769230769230769
0.5714285714285714
0.7391304347826086
0.6666666666666666
0.7037037037037037
0.5625
0.625
0.5416666666666666
0.8095238095238095
0.6666666666666666
0.4666666666666667
0.8636363636363636
0.45454545454545453
0.6538461538461539
0.9
0.5294117647058824
0.7142857142857143
0.4444444444444444
0.6923076923076923
0.6111111111111112
0.5454545454545454
0.6153846153846154
