0.5483870967741935
0.3684210526315789
0.36363636363636365
0.6551724137931034
0.23333333333333334
0.2
0.4117647058823529
0.5185185185185185
0.5454545454545454
0.4230769230769231
0.48484848484848486
0.7857142857142857
0.5769230769230769
0.7777777777777778
0.4666666666666667
0.5652173913043478
0.6
0.3181818181818182
0.4
0.7142857142857143
0.45454545454545453
0.2857142857142857
0.3157894736842105
0.2857142857142857
0.2777777777777778
0.6153846153846154
0.4827586206896552
0.38461538461538464
0.6666666666666666
0.4482758620689655
0.4782608695652174
0.4074074074074074
0.38461538461538464
0.7916666666666666
0.36666666666666664
0.2631578947368421
0.375
0.3684210526315789
0.7222222222222222
0.38461538461538464
0.5714285714285714
0.27586206896551724
0.46875
0.45161290322580644
0.45454545454545453
0.4444444444444444
0.75
0.4074074074074074
0.6956521739130435
0.6486486486486487
0.65
0.6875
0.7307692307692307
0.3333333333333333
0.37037037037037035
0.4
0.3103448275862069
0.34210526315789475
0.3939393939393939
0.325
0.42857142857142855
0.5
0.6
0.3157894736842105
0.36666666666666664
0.6818181818181818
0.6666666666666666
0.4827586206896552
0.5714285714285714
0.6
0.6785714285714286
0.43478260869565216
0.42857142857142855
0.42857142857142855
0.45454545454545453
0.5789473684210527
0.6666666666666666
0.43478260869565216
0.3333333333333333
0.52
0.7931034482758621
0.4375
0.3684210526315789
0.42105263157894735
0.7307692307692307
0.44
0.5294117647058824
0.55
0.40540540540540543
0.5217391304347826
0.7037037037037037
0.4594594594594595
0.45
0.42857142857142855
0.4375
0.6818181818181818
0.45454545454545453
0.48148148148148145
0.45454545454545453
0.7142857142857143
0.3125
0.34375
0.4
0.4117647058823529
0.72
0.4583333333333333
0.38461538461538464
0.45454545454545453
0.41379310344827586
0.5833333333333334
0.7333333333333333
0.48
0.38095238095238093
0.35
0.3611111111111111
0.5
0.5483870967741935
0.4
0.34782608695652173
0.42857142857142855
0.391304347826087
0.6363636363636364
0.3
0.375
0.391304347826087
0.3684210526315789
0.5333333333333333
0.391304347826087
0.5517241379310345
0.34782608695652173
0.5
0.52
0.5357142857142857
0.8518518518518519
0.4230769230769231
0.4666666666666667
0.4782608695652174
0.5
0.65
0.5588235294117647
0.36
0.35
0.3333333333333333
0.5
0.41935483870967744
0.3103448275862069
0.5862068965517241
0.4411764705882353
0.5454545454545454
0.48
0.7647058823529411
0.5483870967741935
0.7407407407407407
0.8888888888888888
0.6428571428571429
0.3333333333333333
0.42857142857142855
0.4444444444444444
0.4230769230769231
0.34782608695652173
0.6
0.4411764705882353
0.4090909090909091
0.46875
0.375
0.42857142857142855
0.4583333333333333
0.6666666666666666
0.46153846153846156
0.36666666666666664
0.5454545454545454
0.38461538461538464
0.5
0.5714285714285714
0.45
0.4444444444444444
0.4074074074074074
0.6764705882352942
0.3333333333333333
0.5185185185185185
0.5625
0.34615384615384615
0.42105263157894735
0.4722222222222222
0.2962962962962963
0.5625
0.6785714285714286
0.42857142857142855
0.30434782608695654
0.3157894736842105
0.4090909090909091
0.5416666666666666
0.5454545454545454
0.32142857142857145
0.5882352941176471
0.2972972972972973
0.88
0.26666666666666666
0.6
0.34210526315789475
0.5769230769230769
0.75
0.3333333333333333
0.3076923076923077
0.2727272727272727
0.2777777777777778
0.7037037037037037
0.625
0.3333333333333333
0.56
0.34615384615384615
0.4090909090909091
0.6296296296296297
0.6956521739130435
0.2702702702702703
0.6956521739130435
0.5909090909090909
0.5769230769230769
0.76
0.53125
0.5263157894736842
0.6470588235294118
0.7368421052631579
0.4782608695652174
0.48
0.44
0.6774193548387096
0.6666666666666666
0.25
0.3103448275862069
0.4642857142857143
0.7307692307692307
0.35
0.6
0.44
0.2727272727272727
0.2857142857142857
0.9523809523809523
0.44
0.72
0.45
0.3333333333333333
0.5172413793103449
0.6363636363636364
0.5416666666666666
0.39473684210526316
0.6363636363636364
0.2903225806451613
0.46153846153846156
0.6153846153846154
0.53125
0.84375
0.6521739130434783
0.3333333333333333
0.7037037037037037
0.46875
0.5454545454545454
0.38235294117647056
0.5483870967741935
0.4230769230769231
0.36363636363636365
0.48148148148148145
0.46153846153846156
0.34615384615384615
0.3684210526315789
0.7333333333333333
0.6086956521739131
0.5555555555555556
0.48148148148148145
0.5833333333333334
0.34782608695652173
0.6875
0.25
0.5454545454545454
0.5769230769230769
0.4230769230769231
0.6363636363636364
0.22727272727272727
0.5909090909090909
0.4782608695652174
0.6
0.4375
0.2777777777777778
0.3333333333333333
0.6296296296296297
0.5217391304347826
0.391304347826087
0.5
0.56
0.5
0.41379310344827586
0.45454545454545453
0.375
0.2727272727272727
0.39285714285714285
0.782608695652174
0.4230769230769231
0.7083333333333334
0.39285714285714285
0.47619047619047616
0.5217391304347826
0.27906976744186046
0.35294117647058826
0.47368421052631576
0.32142857142857145
0.48
0.48
0.6190476190476191
0.6
0.4482758620689655
0.7692307692307693
0.6896551724137931
0.45714285714285713
0.45
0.46153846153846156
0.4827586206896552
0.4074074074074074
0.7
0.34615384615384615
0.5882352941176471
0.3684210526315789
0.42857142857142855
0.68
0.35714285714285715
0.5
0.45454545454545453
0.2608695652173913
0.38461538461538464
0.39285714285714285
0.34782608695652173
0.5185185185185185
0.6923076923076923
0.39285714285714285
0.4642857142857143
0.45
0.3181818181818182
0.3076923076923077
0.45
0.5789473684210527
0.3076923076923077
0.6111111111111112
0.6451612903225806
0.4230769230769231
0.27586206896551724
0.3125
0.38461538461538464
0.4
0.30434782608695654
0.5
0.6666666666666666
0.45454545454545453
0.36
0.3157894736842105
0.35714285714285715
0.43478260869565216
0.6666666666666666
0.43333333333333335
0.6666666666666666
0.6571428571428571
0.75
0.4
0.4230769230769231
0.4782608695652174
0.6296296296296297
0.3181818181818182
0.36
0.6086956521739131
0.55
0.5454545454545454
0.6551724137931034
0.6
0.47619047619047616
0.2777777777777778
0.75
0.34782608695652173
0.7692307692307693
0.42857142857142855
0.6842105263157895
0.3684210526315789
0.45161290322580644
0.47058823529411764
0.4
0.4
0.29411764705882354
0.6086956521739131
0.5625
0.5
0.4090909090909091
1.0
0.4166666666666667
0.47619047619047616
0.5217391304347826
0.39285714285714285
0.5263157894736842
0.38235294117647056
0.52
0.5714285714285714
0.25
0.68
0.5333333333333333
0.5909090909090909
0.2
0.3181818181818182
0.36
0.36666666666666664
0.4666666666666667
0.4444444444444444
0.3181818181818182
0.3333333333333333
0.5714285714285714
0.6896551724137931
0.4444444444444444
0.8333333333333334
0.7619047619047619
0.3333333333333333
0.25
0.38461538461538464
0.8076923076923077
0.43478260869565216
0.4864864864864865
0.6206896551724138
0.27586206896551724
0.35
0.41935483870967744
0.8333333333333334
0.8636363636363636
0.4444444444444444
0.4
0.391304347826087
0.35714285714285715
0.5483870967741935
0.5625
0.36363636363636365
0.5135135135135135
0.4482758620689655
0.6
0.3793103448275862
0.4444444444444444
0.4482758620689655
0.4444444444444444
0.39473684210526316
0.6363636363636364
0.7727272727272727
0.32
0.47619047619047616
0.32
0.36363636363636365
0.3103448275862069
0.5862068965517241
0.6923076923076923
0.5806451612903226
0.6
0.46153846153846156
0.5806451612903226
0.4117647058823529
0.6086956521739131
0.625
0.5172413793103449
0.3333333333333333
0.8095238095238095
0.38461538461538464
0.32142857142857145
0.5789473684210527
0.7037037037037037
0.3076923076923077
0.6774193548387096
0.25806451612903225
0.5925925925925926
0.6470588235294118
0.6086956521739131
0.4864864864864865
0.3333333333333333
0.3
0.5714285714285714
0.38095238095238093
0.18181818181818182
0.6206896551724138
0.4
0.4642857142857143
0.47619047619047616
0.35
0.3333333333333333
0.35
0.38461538461538464
0.3
0.5333333333333333
0.6785714285714286
0.6666666666666666
0.4482758620689655
0.47619047619047616
0.5357142857142857
0.6571428571428571
0.45454545454545453
0.4444444444444444
0.2916666666666667
0.48
0.45
0.6086956521739131
0.391304347826087
0.3157894736842105
0.6956521739130435
0.4
0.6666666666666666
0.2608695652173913
0.6206896551724138
0.7
0.3076923076923077
0.36
0.5454545454545454
0.5555555555555556
0.3333333333333333
0.5172413793103449
0.3333333333333333
0.2962962962962963
0.46875
0.6111111111111112
0.2692307692307692
0.43333333333333335
0.4482758620689655
0.41379310344827586
0.42857142857142855
0.3333333333333333
0.5217391304347826
0.2777777777777778
0.6071428571428571
0.3157894736842105
0.36363636363636365
0.4838709677419355
0.3
0.391304347826087
0.25
0.5263157894736842
0.5333333333333333
0.7586206896551724
0.35
0.42857142857142855
0.5294117647058824
0.55
0.5483870967741935
0.7096774193548387
0.2857142857142857
0.2857142857142857
0.4444444444444444
0.6190476190476191
0.3
0.3
0.46153846153846156
0.34782608695652173
0.42105263157894735
0.39285714285714285
0.625
0.7916666666666666
0.9090909090909091
0.48148148148148145
0.6
0.4827586206896552
0.4444444444444444
0.56
0.45161290322580644
0.47619047619047616
0.5882352941176471
0.6666666666666666
0.3170731707317073
0.36363636363636365
0.6206896551724138
0.6428571428571429
0.5
0.875
0.4857142857142857
0.3333333333333333
0.5
0.5416666666666666
0.4583333333333333
0.56
0.3684210526315789
0.3333333333333333
0.3793103448275862
0.42424242424242425
0.5666666666666667
0.7619047619047619
0.3333333333333333
0.4166666666666667
0.2916666666666667
0.39285714285714285
0.28205128205128205
0.782608695652174
0.7083333333333334
0.6428571428571429
0.5
0.3333333333333333
0.4782608695652174
0.3
0.43333333333333335
0.75
0.32
0.47368421052631576
0.3448275862068966
0.37037037037037035
0.43478260869565216
0.6296296296296297
0.6153846153846154
0.4375
0.32
0.6538461538461539
0.5517241379310345
0.6666666666666666
0.5
0.4782608695652174
0.5833333333333334
0.45454545454545453
0.4090909090909091
0.42105263157894735
0.6176470588235294
0.5172413793103449
0.6111111111111112
0.4117647058823529
0.45714285714285713
0.4
0.35714285714285715
0.2916666666666667
0.47058823529411764
0.5909090909090909
0.25925925925925924
0.6785714285714286
0.5517241379310345
0.3870967741935484
0.6666666666666666
0.37037037037037035
0.38461538461538464
0.44
0.34782608695652173
0.35
0.3
0.59375
0.4666666666666667
0.4
0.3333333333333333
0.5357142857142857
0.5357142857142857
0.47058823529411764
0.696969696969697
0.2857142857142857
0.2
0.32142857142857145
0.8
0.5555555555555556
0.8260869565217391
0.45
0.5517241379310345
0.5
0.35714285714285715
0.5333333333333333
0.3448275862068966
0.6428571428571429
0.48
0.5416666666666666
0.6451612903225806
0.75
0.47368421052631576
0.5652173913043478
0.2916666666666667
0.5
0.3157894736842105
0.375
0.6
0.38461538461538464
0.44
0.5294117647058824
0.4642857142857143
0.34375
0.6956521739130435
0.4
0.6923076923076923
0.3333333333333333
0.5882352941176471
0.5294117647058824
0.56
0.45454545454545453
0.625
0.6
0.37037037037037035
0.4666666666666667
0.41379310344827586
0.4
0.7142857142857143
0.3333333333333333
0.6666666666666666
0.5833333333333334
0.36363636363636365
0.3333333333333333
0.7619047619047619
0.24
0.4
0.5
0.41379310344827586
0.29411764705882354
0.5294117647058824
0.35714285714285715
0.3
0.36
0.3333333333333333
0.5
0.6666666666666666
0.6363636363636364
0.39285714285714285
0.5483870967741935
0.4444444444444444
0.25
0.5769230769230769
0.5238095238095238
0.625
0.2857142857142857
0.6470588235294118
0.53125
0.6538461538461539
0.52
0.3333333333333333
0.6129032258064516
0.47058823529411764
0.46153846153846156
0.6470588235294118
0.6785714285714286
0.325
0.5
0.8
0.5217391304347826
0.5454545454545454
0.7142857142857143
0.45454545454545453
0.3333333333333333
0.6538461538461539
0.43478260869565216
0.6129032258064516
0.4090909090909091
0.4166666666666667
0.3611111111111111
0.7391304347826086
0.38095238095238093
0.25
0.59375
0.3448275862068966
0.6071428571428571
0.6
0.42857142857142855
0.45454545454545453
0.3333333333333333
0.5625
0.5
0.3
0.5517241379310345
