0.4
0.0
0.07692307692307693
0.8823529411764706
0.0
0.0
0.0
0.25
0.0
0.0
0.041666666666666664
0.5416666666666666
0.38095238095238093
0.06896551724137931
0.125
0.4
0.0
0.08333333333333333
0.0
0.2857142857142857
0.09090909090909091
0.0
0.0
0.0
0.0
0.6666666666666666
0.21428571428571427
0.06666666666666667
0.38095238095238093
0.17857142857142858
0.0
0.14285714285714285
0.0625
0.15789473684210525
0.13333333333333333
0.0
0.0
0.0
0.46153846153846156
0.0
0.0
0.0
0.23529411764705882
0.0
0.125
0.0
0.5652173913043478
0.15384615384615385
0.5238095238095238
0.36666666666666664
0.0
0.15384615384615385
0.44
0.0
0.0
0.0
0.0
0.047619047619047616
0.28
0.0
0.043478260869565216
0.375
0.22727272727272727
0.125
0.21052631578947367
0.7058823529411765
0.17647058823529413
0.0
0.375
0.3
0.05
0.09090909090909091
0.12
0.0
0.08333333333333333
0.0
0.34782608695652173
0.09090909090909091
0.0
0.3333333333333333
0.10714285714285714
0.4
0.0
0.0
0.6875
0.0
0.0
0.0
0.038461538461538464
0.15384615384615385
0.35
0.11538461538461539
0.18181818181818182
0.09090909090909091
0.0
0.17647058823529413
0.36363636363636365
0.29411764705882354
0.05555555555555555
0.38095238095238093
0.0
0.0
0.0
0.1111111111111111
0.38095238095238093
0.17647058823529413
0.0
0.4
0.0
0.25
0.08333333333333333
0.125
0.09090909090909091
0.0
0.0
0.25
0.43478260869565216
0.0
0.2
0.0
0.0
0.5
0.0
0.0
0.14285714285714285
0.0
0.6111111111111112
0.06666666666666667
0.047619047619047616
0.0
0.18518518518518517
0.1111111111111111
0.125
0.5416666666666666
0.13333333333333333
0.0
0.1
0.12903225806451613
0.42857142857142855
0.2727272727272727
0.0
0.0
0.07407407407407407
0.2608695652173913
0.35
0.0625
0.23809523809523808
0.11764705882352941
0.125
0.23529411764705882
0.16666666666666666
0.07407407407407407
0.32
0.4782608695652174
0.16666666666666666
0.21428571428571427
0.0
0.0
0.2222222222222222
0.0
0.375
0.4
0.058823529411764705
0.3181818181818182
0.3076923076923077
0.07407407407407407
0.06666666666666667
0.5
0.07407407407407407
0.1111111111111111
0.19047619047619047
0.11764705882352941
0.2857142857142857
0.08
0.0
0.0
0.0
0.2962962962962963
0.0
0.13333333333333333
0.2727272727272727
0.34782608695652173
0.0
0.13043478260869565
0.0
0.43478260869565216
0.5517241379310345
0.10526315789473684
0.0
0.09090909090909091
0.0
0.0
0.17647058823529413
0.0
0.36363636363636365
0.16666666666666666
0.47619047619047616
0.0
0.2727272727272727
0.17391304347826086
0.36363636363636365
0.5
0.0
0.0
0.06666666666666667
0.0
0.5
0.42105263157894735
0.0
0.1875
0.07692307692307693
0.0
0.6363636363636364
0.058823529411764705
0.043478260869565216
0.6666666666666666
0.06666666666666667
0.23076923076923078
0.5555555555555556
0.15789473684210525
0.0
0.6923076923076923
0.5294117647058824
0.23076923076923078
0.3076923076923077
0.08333333333333333
0.64
0.2916666666666667
0.047619047619047616
0.0
0.3157894736842105
0.5217391304347826
0.0
0.25925925925925924
0.06666666666666667
0.0
0.0
0.4090909090909091
0.0
0.047619047619047616
0.0
0.1111111111111111
0.2962962962962963
0.26666666666666666
0.2222222222222222
0.05
0.2777777777777778
0.0
0.14285714285714285
0.16666666666666666
0.6363636363636364
0.5555555555555556
0.17647058823529413
0.0
0.7222222222222222
0.14285714285714285
0.07692307692307693
0.25
0.09090909090909091
0.07692307692307693
0.0
0.4666666666666667
0.3684210526315789
0.2
0.0
0.5714285714285714
0.2
0.25
0.0
0.25
0.0
0.28125
0.0
0.0
0.55
0.07692307692307693
0.3333333333333333
0.0
0.2222222222222222
0.0
0.2857142857142857
0.1111111111111111
0.0
0.0
0.2
0.0
0.0
0.2222222222222222
0.07407407407407407
0.22727272727272727
0.1875
0.0
0.2222222222222222
0.0
0.125
0.6666666666666666
0.058823529411764705
0.6470588235294118
0.1111111111111111
0.1
0.3333333333333333
0.03571428571428571
0.0
0.0
0.21052631578947367
0.6363636363636364
0.21428571428571427
0.21428571428571427
0.5
0.2631578947368421
0.0
0.4
0.08333333333333333
0.0
0.35294117647058826
0.25
0.0
0.6363636363636364
0.14285714285714285
0.2962962962962963
0.0
0.35
0.7647058823529411
0.0
0.4
0.0
0.0
0.10526315789473684
0.0
0.0
0.25
0.4230769230769231
0.34782608695652173
0.18181818181818182
0.0
0.0
0.0
0.3333333333333333
0.23076923076923078
0.0
0.0
0.04
0.0
0.0
0.05555555555555555
0.0
0.0
0.0
0.3684210526315789
0.5217391304347826
0.08333333333333333
0.05
0.0
0.0
0.3684210526315789
0.2631578947368421
0.0
0.43478260869565216
0.34615384615384615
0.25
0.0
0.2857142857142857
0.047619047619047616
0.14285714285714285
0.0
0.0
0.5
0.3333333333333333
0.4117647058823529
0.36
0.6363636363636364
0.1111111111111111
0.0
0.5384615384615384
0.0
0.7647058823529411
0.0
0.5333333333333333
0.0
0.11538461538461539
0.42857142857142855
0.0
0.0
0.0
0.5555555555555556
0.0
0.14814814814814814
0.38461538461538464
0.6923076923076923
0.1111111111111111
0.06666666666666667
0.2
0.045454545454545456
0.26666666666666666
0.20833333333333334
0.4
0.3684210526315789
0.0
0.4166666666666667
0.043478260869565216
0.25
0.0
0.0
0.0
0.0625
0.0
0.16666666666666666
0.0
0.0
0.0
0.5238095238095238
0.2857142857142857
0.2857142857142857
0.6
0.0
0.0
0.07142857142857142
0.6818181818181818
0.1875
0.17391304347826086
0.16666666666666666
0.0
0.1111111111111111
0.0
0.38461538461538464
0.47058823529411764
0.0
0.2727272727272727
0.0
0.1875
0.32
0.2857142857142857
0.0
0.21428571428571427
0.05
0.0
0.0
0.0
0.047619047619047616
0.0
0.0
0.4
0.47058823529411764
0.0
0.3333333333333333
0.0
0.0
0.0
0.2857142857142857
0.4
0.25
0.5217391304347826
0.058823529411764705
0.08
0.3
0.47058823529411764
0.23529411764705882
0.42105263157894735
0.0
0.2631578947368421
0.0
0.0
0.2
0.34782608695652173
0.0
0.16666666666666666
0.0
0.3157894736842105
0.4
0.058823529411764705
0.07407407407407407
0.0
0.0
0.4
0.0
0.0
0.6296296296296297
0.0
0.15
0.0
0.0
0.0
0.1111111111111111
0.0
0.0
0.0
0.5263157894736842
0.25
0.10526315789473684
0.0
0.30434782608695654
0.36
0.0
0.11538461538461539
0.0
0.0
0.0
0.3888888888888889
0.1
0.0
0.5
0.16666666666666666
0.3333333333333333
0.0
0.3157894736842105
0.65
0.06666666666666667
0.2857142857142857
0.1111111111111111
0.0
0.0
0.15789473684210525
0.0
0.0
0.22727272727272727
0.0
0.0
0.4375
0.3125
0.09523809523809523
0.0
0.1
0.125
0.0
0.25
0.0
0.4
0.34782608695652173
0.0
0.0
0.0
0.09090909090909091
0.631578947368421
0.3333333333333333
0.0
0.0
0.16
0.1724137931034483
0.2727272727272727
0.4074074074074074
0.0
0.0
0.0
0.4117647058823529
0.0
0.0
0.35714285714285715
0.0
0.0
0.17647058823529413
0.16666666666666666
0.5
0.30434782608695654
0.0
0.15384615384615385
0.08
0.0
0.375
0.16666666666666666
0.3076923076923077
0.2857142857142857
0.4444444444444444
0.04
0.07142857142857142
0.38095238095238093
0.125
0.18181818181818182
0.20833333333333334
0.21428571428571427
0.0
0.2727272727272727
0.09090909090909091
0.45454545454545453
0.1111111111111111
0.0
0.0
0.05263157894736842
0.05263157894736842
0.0
0.14285714285714285
0.0
0.0
0.058823529411764705
0.047619047619047616
0.08
0.56
0.3333333333333333
0.5
0.25
0.0
0.11764705882352941
0.0
0.09090909090909091
0.25
0.25
0.14285714285714285
0.0
0.14285714285714285
0.0
0.3157894736842105
0.3684210526315789
0.0
0.07142857142857142
0.22727272727272727
0.4782608695652174
0.17391304347826086
0.1875
0.0
0.6153846153846154
0.0
0.0
0.0
0.5909090909090909
0.0
0.38461538461538464
0.0
0.24
0.0
0.1875
0.0
0.125
0.5
0.0
0.44
0.5
0.0
0.0
0.07142857142857142
0.21428571428571427
0.6
0.0
0.0
0.0
0.4
0.43478260869565216
0.0
0.05555555555555555
0.045454545454545456
0.125
0.0
0.19230769230769232
0.0
0.0
0.21428571428571427
0.5555555555555556
0.2
0.2857142857142857
0.18181818181818182
0.17391304347826086
0.0
0.17647058823529413
0.043478260869565216
0.0
0.3888888888888889
0.07142857142857142
0.6
0.5238095238095238
0.3793103448275862
0.3333333333333333
0.15384615384615385
0.08333333333333333
0.5
0.0
0.0
0.5333333333333333
0.16666666666666666
0.125
0.38461538461538464
0.22727272727272727
0.09523809523809523
0.47619047619047616
0.0
0.45
0.0
0.3333333333333333
0.23076923076923078
0.0625
0.3076923076923077
0.19230769230769232
0.6
0.0
0.0
0.0
0.0
0.5789473684210527
0.0
0.45454545454545453
0.15
0.0
0.0
0.5714285714285714
0.0
0.0
0.3333333333333333
0.23529411764705882
0.0
0.2916666666666667
0.0
0.0
0.21428571428571427
0.0
0.0625
0.42105263157894735
0.13333333333333333
0.10526315789473684
0.4583333333333333
0.3
0.0
0.2727272727272727
0.0
0.2
0.0
0.0
0.07142857142857142
0.5789473684210527
0.0
0.0
0.4782608695652174
0.21428571428571427
0.037037037037037035
0.09090909090909091
0.35
0.12
0.3333333333333333
0.6666666666666666
0.23529411764705882
0.26666666666666666
0.2631578947368421
0.0
0.0
0.047619047619047616
0.0
0.4444444444444444
0.07142857142857142
0.0
0.0
0.0
0.0
0.0
0.55
0.10526315789473684
0.045454545454545456
0.0
0.06666666666666667
0.2
0.14285714285714285
0.0
0.0625
0.0
0.16666666666666666
