0.375
0.0
0.0
0.875
0.0
0.0
0.0
0.2
0.0
0.0
0.0
0.5217391304347826
0.35
0.03571428571428571
0.0
0.35714285714285715
0.0
0.0
0.0
0.23076923076923078
0.0
0.0
0.0
0.0
0.0
0.5882352941176471
0.15384615384615385
0.0
0.3
0.14814814814814814
0.0
0.1
0.0
0.05555555555555555
0.07142857142857142
0.0
0.0
0.0
0.4166666666666667
0.0
0.0
0.0
0.1875
0.0
0.06666666666666667
0.0
0.5454545454545454
0.08333333333333333
0.5
0.3103448275862069
0.0
0.08
0.4166666666666667
0.0
0.0
0.0
0.0
0.0
0.25
0.0
0.0
0.3333333333333333
0.14285714285714285
0.0
0.16666666666666666
0.6875
0.125
0.0
0.34782608695652173
0.21052631578947367
0.0
0.0
0.08333333333333333
0.0
0.0
0.0
0.2727272727272727
0.0
0.0
0.21428571428571427
0.037037037037037035
0.375
0.0
0.0
0.6666666666666666
0.0
0.0
0.0
0.0
0.08333333333333333
0.2631578947368421
0.08
0.1
0.047619047619047616
0.0
0.0625
0.3
0.25
0.0
0.3
0.0
0.0
0.0
0.07692307692307693
0.3
0.125
0.0
0.3333333333333333
0.0
0.2
0.043478260869565216
0.06666666666666667
0.0
0.0
0.0
0.14285714285714285
0.4090909090909091
0.0
0.1111111111111111
0.0
0.0
0.4666666666666667
0.0
0.0
0.07692307692307693
0.0
0.5882352941176471
0.0
0.0
0.0
0.15384615384615385
0.058823529411764705
0.06666666666666667
0.4782608695652174
0.07142857142857142
0.0
0.05263157894736842
0.1
0.38461538461538464
0.19047619047619047
0.0
0.0
0.038461538461538464
0.22727272727272727
0.3157894736842105
0.0
0.2
0.0625
0.043478260869565216
0.1875
0.09090909090909091
0.038461538461538464
0.20833333333333334
0.36363636363636365
0.13043478260869565
0.15384615384615385
0.0
0.0
0.11764705882352941
0.0
0.3333333333333333
0.375
0.0
0.23809523809523808
0.25
0.038461538461538464
0.0
0.48
0.038461538461538464
0.058823529411764705
0.1
0.0625
0.25
0.041666666666666664
0.0
0.0
0.0
0.2692307692307692
0.0
0.0
0.2
0.3181818181818182
0.0
0.09090909090909091
0.0
0.36363636363636365
0.5357142857142857
0.05555555555555555
0.0
0.047619047619047616
0.0
0.0
0.125
0.0
0.3
0.11764705882352941
0.35
0.0
0.23809523809523808
0.13636363636363635
0.2857142857142857
0.43478260869565216
0.0
0.0
0.0
0.0
0.47619047619047616
0.3888888888888889
0.0
0.13333333333333333
0.0
0.0
0.6190476190476191
0.0
0.0
0.6428571428571429
0.0
0.2
0.47058823529411764
0.1111111111111111
0.0
0.68
0.5
0.16666666666666666
0.25
0.0
0.5833333333333334
0.21739130434782608
0.0
0.0
0.2777777777777778
0.5
0.0
0.19230769230769232
0.0
0.0
0.0
0.2857142857142857
0.0
0.0
0.0
0.058823529411764705
0.2692307692307692
0.14285714285714285
0.17647058823529413
0.0
0.23529411764705882
0.0
0.1
0.11764705882352941
0.6190476190476191
0.46153846153846156
0.0625
0.0
0.6470588235294118
0.1
0.0
0.2222222222222222
0.047619047619047616
0.0
0.0
0.42857142857142855
0.3333333333333333
0.14285714285714285
0.0
0.55
0.15789473684210525
0.15789473684210525
0.0
0.18181818181818182
0.0
0.22580645161290322
0.0
0.0
0.5263157894736842
0.0
0.2857142857142857
0.0
0.17647058823529413
0.0
0.2222222222222222
0.058823529411764705
0.0
0.0
0.14285714285714285
0.0
0.0
0.17647058823529413
0.038461538461538464
0.19047619047619047
0.06666666666666667
0.0
0.125
0.0
0.06666666666666667
0.5882352941176471
0.0
0.625
0.058823529411764705
0.0
0.2727272727272727
0.0
0.0
0.0
0.16666666666666666
0.6
0.15384615384615385
0.15384615384615385
0.36363636363636365
0.2222222222222222
0.0
0.3333333333333333
0.043478260869565216
0.0
0.3125
0.21052631578947367
0.0
0.6
0.07692307692307693
0.19230769230769232
0.0
0.3157894736842105
0.75
0.0
0.35714285714285715
0.0
0.0
0.05555555555555555
0.0
0.0
0.21052631578947367
0.36
0.3181818181818182
0.14285714285714285
0.0
0.0
0.0
0.25
0.16666666666666666
0.0
0.0
0.0
0.0
0.0
0.0
0.0
0.0
0.0
0.3333333333333333
0.5
0.0
0.0
0.0
0.0
0.3333333333333333
0.2222222222222222
0.0
0.36363636363636365
0.28
0.13043478260869565
0.0
0.23076923076923078
0.0
0.07407407407407407
0.0
0.0
0.46153846153846156
0.21428571428571427
0.375
0.3333333333333333
0.6
0.0
0.0
0.52
0.0
0.75
0.0
0.5
0.0
0.04
0.3333333333333333
0.0
0.0
0.0
0.5294117647058824
0.0
0.11538461538461539
0.3333333333333333
0.64
0.0
0.0
0.14285714285714285
0.0
0.21428571428571427
0.17391304347826086
0.35714285714285715
0.2777777777777778
0.0
0.34782608695652173
0.0
0.2
0.0
0.0
0.0
0.0
0.0
0.09090909090909091
0.0
0.0
0.0
0.45
0.25
0.2
0.5789473684210527
0.0
0.0
0.0
0.6666666666666666
0.13333333333333333
0.13636363636363635
0.08695652173913043
0.0
0.0
0.0
0.32
0.4375
0.0
0.2
0.0
0.13333333333333333
0.25
0.16666666666666666
0.0
0.14814814814814814
0.0
0.0
0.0
0.0
0.0
0.0
0.0
0.35714285714285715
0.375
0.0
0.25
0.0
0.0
0.0
0.25925925925925924
0.375
0.21052631578947367
0.45454545454545453
0.0
0.041666666666666664
0.2222222222222222
0.4375
0.1875
0.3888888888888889
0.0
0.16666666666666666
0.0
0.0
0.1111111111111111
0.2727272727272727
0.0
0.06896551724137931
0.0
0.2777777777777778
0.3333333333333333
0.0
0.038461538461538464
0.0
0.0
0.3333333333333333
0.0
0.0
0.6153846153846154
0.0
0.10526315789473684
0.0
0.0
0.0
0.07692307692307693
0.0
0.0
0.0
0.4444444444444444
0.17391304347826086
0.05555555555555555
0.0
0.2727272727272727
0.2916666666666667
0.0
0.08
0.0
0.0
0.0
0.35294117647058826
0.0
0.0
0.4
0.058823529411764705
0.3
0.0
0.2777777777777778
0.631578947368421
0.0
0.23076923076923078
0.058823529411764705
0.0
0.0
0.1111111111111111
0.0
0.0
0.14285714285714285
0.0
0.0
0.4
0.26666666666666666
0.05
0.0
0.0
0.06666666666666667
0.0
0.13333333333333333
0.0
0.3333333333333333
0.3181818181818182
0.0
0.0
0.0
0.0
0.6111111111111112
0.2692307692307692
0.0
0.0
0.08333333333333333
0.10714285714285714
0.19047619047619047
0.34615384615384615
0.0
0.0
0.0
0.375
0.0
0.0
0.3076923076923077
0.0
0.0
0.125
0.09090909090909091
0.42105263157894735
0.2727272727272727
0.0
0.08333333333333333
0.0
0.0
0.3333333333333333
0.13793103448275862
0.25
0.2
0.38461538461538464
0.0
0.0
0.3
0.0
0.1
0.17391304347826086
0.18518518518518517
0.0
0.2
0.047619047619047616
0.4
0.0
0.0
0.0
0.0
0.0
0.0
0.0
0.0
0.0
0.0
0.0
0.041666666666666664
0.5416666666666666
0.30434782608695654
0.47368421052631576
0.21052631578947367
0.0
0.0625
0.0
0.047619047619047616
0.15789473684210525
0.18181818181818182
0.07692307692307693
0.0
0.07692307692307693
0.0
0.2777777777777778
0.3333333333333333
0.0
0.0
0.14285714285714285
0.45454545454545453
0.13636363636363635
0.13333333333333333
0.0
0.5833333333333334
0.0
0.0
0.0
0.5238095238095238
0.0
0.3333333333333333
0.0
0.16666666666666666
0.0
0.13333333333333333
0.0
0.0
0.46153846153846156
0.0
0.375
0.4782608695652174
0.0
0.0
0.0
0.15384615384615385
0.5714285714285714
0.0
0.0
0.0
0.3684210526315789
0.4090909090909091
0.0
0.0
0.0
0.08695652173913043
0.0
0.12
0.0
0.0
0.15384615384615385
0.5294117647058824
0.1111111111111111
0.25
0.1
0.13636363636363635
0.0
0.125
0.0
0.0
0.35294117647058826
0.0
0.5714285714285714
0.45
0.35714285714285715
0.2727272727272727
0.08333333333333333
0.0
0.45454545454545453
0.0
0.0
0.5
0.11764705882352941
0.06666666666666667
0.36
0.19047619047619047
0.05
0.4
0.0
0.3684210526315789
0.0
0.2727272727272727
0.16666666666666666
0.0
0.25
0.12
0.5555555555555556
0.0
0.0
0.0
0.0
0.5555555555555556
0.0
0.38095238095238093
0.10526315789473684
0.0
0.0
0.46153846153846156
0.0
0.0
0.2727272727272727
0.125
0.0
0.2608695652173913
0.0
0.0
0.15384615384615385
0.0
0.0
0.3888888888888889
0.07142857142857142
0.05555555555555555
0.43478260869565216
0.2631578947368421
0.0
0.19047619047619047
0.0
0.1724137931034483
0.0
0.0
0.037037037037037035
0.5555555555555556
0.0
0.0
0.45454545454545453
0.15384615384615385
0.0
0.0
0.2631578947368421
0.08333333333333333
0.30434782608695654
0.6363636363636364
0.1875
0.21428571428571427
0.16666666666666666
0.0
0.0
0.0
0.0
0.38461538461538464
0.0
0.0
0.0
0.0
0.0
0.0
0.5263157894736842
0.05555555555555555
0.0
0.0
0.0
0.1111111111111111
0.07692307692307693
0.0
0.0
0.0
0.08695652173913043
