3.64645
0.889437
3.50367
3.1014
1.49424
3.75046
2.95509
4.12229
3.13694
3.89557
3.14969
3.67852
4.10922
3.21379
3.60759
3.00218
2.54167
3.12004
3.43362
2.94672
4.03722
3.45205
3.78032
4.15075
4.02522
3.77993
3.93333
2.22487
2.5057
4.04978
3.73629
2.76308
3.16376
3.57194
3.56442
4.48395
3.85262
2.8014
3.56678
3.78301
3.58597
4.40774
3.76106
3.48672
3.80109
1.7219
3.20572
3.27995
2.83248
3.99615
3.59087
4.09543
4.17554
3.10312
4.67678
3.27449
2.92704
3.22016
2.14296
2.23735
4.45109
3.19731
3.56933
4.04249
3.40195
3.0285
3.62825
2.54316
1.8788
4.34305
3.75614
3.37407
0.677577
2.92722
3.65162
1.82003
2.72901
3.43634
3.03524
3.65962
3.33792
4.23931
4.52369
1.71025
4.53923
3.72044
3.49425
3.80934
2.88454
3.29609
2.85717
3.95961
3.01228
1.7897
3.20919
4.11979
2.61987
4.06854
2.79539
2.71073
2.77278
3.10381
3.6769
3.75177
3.92444
4.05807
4.6658
3.44198
4.02829
3.42278
2.80356
3.54179
2.64892
2.19366
3.64766
0.661168
3.54747
2.6172
2.39741
3.97548
3.7528
3.0426
3.43736
4.16635
3.52325
2.46801
4.32799
3.87956
4.32741
3.68223
3.32879
3.27951
2.86459
3.39355
3.11273
3.59944
4.50436
3.38879
3.74954
4.17617
4.10133
3.29239
3.39049
4.14597
3.9925
1.91138
3.98834
4.10817
3.78825
3.63808
3.65146
4.22639
3.28352
3.78996
3.41543
3.46156
3.97311
3.60245
3.52196
2.4611
3.71607
1.64962
3.98433
4.66778
2.54915
2.26219
3.88557
2.74382
3.59698
1.97839
4.01707
3.2316
4.20641
2.58349
2.97943
3.36652
2.77299
3.60371
2.46819
1.95817
3.95981
2.60218
3.36089
3.21304
2.8244
1.70752
4.49989
3.28177
3.39534
4.10391
3.79154
4.27969
3.94802
3.6395
3.26403
2.27679
3.16893
4.25458
1.99706
2.52452
3.87799
2.4402
2.35049
3.04257
3.69552
4.10795
3.86189
2.73872
3.1353
3.82505
3.9415
3.4683
2.56451
2.8634
3.64037
2.55236
2.96392
3.60969
3.27873
0.695507
3.05422
2.6163
4.11601
3.98369
3.52026
3.27226
2.8079
4.24799
4.11132
3.75098
4.18909
2.74589
3.16702
3.6161
1.39459
4.25277
3.16778
2.01316
3.79177
3.66147
3.40513
3.16125
3.26358
1.98552
4.07409
3.72705
3.58174
3.33861
3.75446
4.12893
2.89934
3.72091
2.97439
3.61235
3.64265
3.21307
2.85785
0.945008
1.33199
4.21799
2.7478
3.77025
3.25044
4.10508
1.84223
4.13044
4.2206
3.12197
2.89427
2.10138
3.22657
3.99752
4.04616
4.42525
3.4312
3.72917
4.05492
3.96831
3.58386
4.56499
3.95213
2.46443
2.01913
2.16781
3.124
2.91871
4.08082
3.9707
3.5074
3.52054
2.73169
3.94112
3.8585
2.82333
3.9217
3.74624
3.34824
3.97035
4.2212
3.86905
4.46341
3.21661
2.22406
4.13148
2.65861
3.10491
2.30011
2.67039
3.63611
3.54467
2.96697
3.2299
3.08284
4.12869
3.65971
1.81678
3.32441
3.31065
1.88432
1.80879
3.0045
3.09187
4.49135
4.08222
3.51516
3.05157
2.95145
2.9777
4.13795
4.05903
3.54529
4.23986
3.63596
3.80394
2.82793
3.41387
4.98368
4.16618
3.45378
2.25169
3.09351
3.39697
3.35986
4.32992
3.28891
3.97587
3.92996
4.09261
3.10578
3.17852
3.83433
2.91487
2.23774
1.86923
3.65781
3.34539
3.23154
3.72582
2.98591
3.23854
3.63853
2.74048
3.04419
3.07052
3.38555
3.59679
3.08419
2.3613
0.98206
1.90008
3.19802
3.75716
3.3599
3.02412
3.56392
3.21711
3.56092
3.73506
3.29959
3.52953
3.04059
3.61487
3.98291
2.46062
2.98596
3.03258
3.96126
4.04626
1.72342
3.82431
3.57726
2.69152
3.63208
4.01099
2.66342
3.95495
3.34336
3.48403
3.80839
3.29553
0.710394
2.75771
3.5491
2.82989
3.83886
4.07768
3.38832
3.69293
3.80369
3.99016
2.90413
2.13657
4.43534
3.19919
3.07439
3.40142
3.06424
3.0985
3.52748
3.6704
2.53005
2.71779
3.7695
3.05197
3.40712
2.95972
3.67125
3.56207
3.71517
3.99325
4.6254
2.92945
1.71882
3.64931
3.98131
3.27498
2.07485
3.86762
3.88236
3.55308
3.661
3.62162
2.2302
4.29087
3.00686
3.0305
3.09882
3.84481
2.05699
3.18276
3.51763
3.83228
2.08451
2.58933
3.84251
2.8693
3.43631
3.10727
3.47138
3.99292
4.20828
3.99563
3.44539
1.65118
2.52015
3.3897
2.47825
1.66391
3.56322
3.78002
2.18482
3.41607
3.96703
3.53762
3.9926
4.81872
3.49432
2.83833
3.47736
3.02124
2.57909
4.1097
2.67095
3.80366
3.55396
4.08843
2.78226
3.73148
3.49196
3.90406
3.73669
2.90212
3.41626
3.5144
3.61554
3.82143
4.0105
0.677577
3.08194
3.16143
1.59563
3.16537
2.0579
3.51518
4.50377
4.20833
2.50718
3.66037
2.79291
3.94896
1.33622
3.14554
3.98154
4.10118
1.74301
3.03606
3.38277
3.46002
2.80481
3.4273
3.18741
4.05139
3.67036
3.9144
3.87287
3.10222
2.33869
3.57205
3.37437
3.22596
2.77672
2.49685
2.27606
3.6223
2.31485
2.81674
4.76413
3.4968
1.02291
3.87775
4.5563
1.51133
4.78504
3.33101
3.69508
3.76826
3.28277
3.15433
3.85228
3.94651
3.65758
3.58692
3.77016
2.90936
3.29404
3.45873
0.864801
3.43963
3.87863
2.63839
2.99557
3.60671
4.36728
2.94609
3.71406
3.19387
2.01049
3.66354
4.26271
3.03087
3.63519
3.72864
2.81608
3.72888
2.1102
2.71793
3.22578
3.64504
3.09912
2.77174
2.91591
3.41738
3.27293
3.99296
3.87077
3.86066
3.48583
4.07267
3.73795
3.77983
2.08763
2.23249
4.04119
4.51489
4.08426
3.54375
3.90067
3.21776
2.30246
3.15786
3.25869
3.1277
4.30448
3.76516
3.07126
3.06359
3.54679
3.70454
4.35893
3.88691
4.41509
2.55164
2.95087
4.20956
4.11777
3.80216
3.23528
3.04047
3.16093
3.78634
2.31704
3.4526
3.51336
3.40885
1.88228
3.59414
3.944
3.3308
4.34105
3.72506
2.82069
2.30359
3.79653
3.54297
3.05304
3.36506
2.8191
3.81408
2.90562
3.77418
3.19669
2.19905
3.56796
4.40828
3.74199
3.20763
3.05641
3.92208
3.13197
3.35097
3.40863
3.57439
2.79474
3.6234
2.11899
2.71663
3.10385
2.76143
1.53204
3.06778
3.87504
2.49636
3.44577
3.24254
2.67946
4.01344
3.05748
2.45147
3.91138
2.16475
3.40621
4.06767
2.77276
4.21351
2.6169
1.86062
2.76075
3.21572
2.85906
3.90699
4.35786
3.56513
1.36367
2.71005
3.67997
3.73067
2.98726
1.82053
3.58136
4.19743
1.09855
2.42377
3.5994
3.65758
3.85108
3.32729
3.29424
3.45023
4.16496
3.29143
2.49786
2.44069
3.3005
3.49805
3.64766
3.0645
1.60768
1.6023
3.35633
3.57577
3.87362
3.09109
2.9334
3.93424
3.23596
1.52898
3.59536
3.20701
4.13244
2.73486
4.68243
3.5604
4.15823
3.55355
2.6714
2.90199
3.43927
4.17728
2.95699
2.4687
2.92769
3.00075
3.94935
2.15494
3.50166
3.17003
3.01885
3.41604
3.65569
2.33796
4.085
3.48763
2.3222
3.01454
4.07803
2.77014
3.30913
3.1489
2.80902
2.32665
