4.21939
4.02887
3.96224
4.61145
4.37963
4.19981
3.57428
3.41737
3.50632
4.25805
3.49717
3.25815
0.382343
1.92102
3.67439
4.6364
4.51882
3.05211
4.03132
3.86067
4.03609
2.09938
3.30839
2.83999
3.31922
4.31967
0.838038
4.05978
4.2103
4.62888
3.43226
3.26376
4.52364
3.97485
2.76315
4.58138
4.58138
3.65969
4.25034
1.67027
4.68845
4.66221
3.39848
3.61706
3.98249
4.45791
4.53426
4.18147
4.69793
4.69793
3.40263
1.22226
2.51106
3.41574
3.42538
4.5
3.85717
3.0223
4.62731
3.57393
3.62134
4.20609
2.47963
3.90811
2.75699
4.51814
2.14479
4.56668
1.93854
0.849537
3.0632
3.18677
3.56734
3.57492
2.07958
4.09966
4.3162
4.17964
4.58273
3.30838
3.04614
2.69796
2.69796
3.77894
4.37203
4.55682
3.97002
1.32558
0.919755
3.42788
3.27221
2.70873
3.34226
2.70419
2.70419
2.07453
2.07453
2.07453
3.05943
3.73241
4.52514
4.57782
3.6351
1.03078
1.13455
3.56036
3.84146
2.8889
2.0804
3.22337
2.26902
2.78389
2.87181
2.65774
4.27658
4.18809
4.60151
3.84591
4.62339
3.98797
1.98431
3.41826
1.77276
2.14377
2.37539
3.6728
2.95424
1.96097
3.66711
3.8076
2.16158
4.27965
3.8941
3.63937
3.8941
1.01667
0.160087
2.47823
0.638938
1.58436
1.7366
3.30118
2.62306
2.12066
2.20894
3.73215
2.12985
2.80736
2.7699
4.64732
0.834214
1.82212
2.85451
3.60954
3.21207
3.66615
4.42055
3.92474
2.54853
2.63767
3.71813
3.72488
3.96549
4.65172
1.6256
3.5688
4.62214
3.81939
3.05036
2.02829
3.4496
1.86409
1.83428
0.360043
3.15381
0.494313
2.85604
0.0887269
0.0
2.4555
2.4555
1.15872
0.973276
3.68398
2.00124
4.05128
3.53465
3.79072
1.85614
2.14685
2.96645
0.830714
4.39391
1.07646
3.53912
2.84788
4.5988
2.26397
3.99134
4.30985
1.33974
1.1697
4.402
2.75238
2.97489
0.0762842
4.66501
3.80909
0.280739
3.55543
3.02412
3.51709
3.24709
3.61157
2.91485
3.2968
3.92583
4.65637
4.61167
4.67435
2.83468
4.06257
1.8641
2.87856
4.18495
2.9669
2.77604
2.6584
2.59016
1.23905
0.458265
2.28416
3.67408
4.56253
4.77528
2.62495
1.71006
3.66218
0.559496
2.13906
4.03516
3.77602
2.99063
3.87337
0.292358
0.508705
1.39462
0.471439
0.671772
1.54263
2.49536
2.09728
4.25891
3.86719
2.8669
2.77027
3.5254
1.2317
0.993931
0.144825
2.9066
2.12967
3.25481
3.34481
0.624
0.0
2.88503
3.09572
4.25625
3.58995
2.15101
2.81828
3.65954
4.29282
2.79766
1.56664
3.72403
0.481106
3.00375
3.78885
0.0
0.600288
3.44991
1.89258
2.85926
3.49672
3.23677
2.73365
4.26838
3.01019
2.17478
4.45465
2.94848
3.86473
1.00008
0.917266
0.9465
3.42977
3.5316
1.36218
1.77385
1.85467
1.77412
2.83816
2.28263
3.73177
3.0252
0.0
0.739268
0.651078
0.304789
3.74859
3.67346
1.05371
0.481672
3.70261
0.478865
1.27127
3.17566
2.34394
4.16717
3.87168
1.11586
0.880556
1.72871
0.0
1.63959
4.2661
0.442569
0.250738
0.594393
0.779096
2.95992
2.10948
0.0
0.253632
1.02044
0.71599
1.90643
3.10047
0.184386
0.343252
0.130569
1.98247
0.94943
0.887103
0.0
3.79595
3.39925
0.793797
0.675763
0.154793
1.03196
4.20898
1.75394
2.6954
1.04824
4.90422
2.66596
2.44304
2.61655
0.90368
0.0
2.08143
2.51536
4.46984
2.72691
2.28336
3.75686
4.80488
5.0
4.63098
2.0775
0.580683
1.26239
3.52523
0.936577
3.49774
0.70386
2.5576
4.27396
3.12026
1.758
0.0570969
3.19856
2.2409
0.797151
0.122126
3.4776
3.32217
0.0
0.0
3.87946
1.9645
0.660618
2.32217
1.05461
3.73146
2.049
2.76668
3.10521
3.49774
3.31366
3.06284
1.29135
1.48504
1.62554
1.06042
0.0
0.423195
0.650229
0.638486
0.196873
0.608254
3.49203
0.48322
1.90924
3.76757
0.643214
4.16494
3.85687
2.44625
0.0
0.0
1.37111
0.0
2.92629
2.48393
2.59198
2.98808
5.0
0.865829
3.49793
3.48355
0.686611
2.38143
3.09796
1.87561
2.60621
0.0
0.476755
3.1846
2.48235
0.0
3.21005
2.82433
3.36023
4.37988
2.24071
2.78293
2.22722
2.50866
3.8421
1.97958
0.845498
0.543732
1.75443
1.64676
2.51519
1.04073
0.940053
0.138585
2.17874
3.21973
1.97065
1.8353
2.80842
1.84609
0.376864
1.18898
0.0
2.84128
3.33829
0.0
0.0235075
0.87231
4.43917
0.653164
2.33918
2.65028
3.7768
2.89837
1.23502
0.569093
0.616834
3.9674
2.54045
0.0
4.68288
3.49084
0.0
3.46925
3.73777
1.83425
0.77799
0.53802
0.783745
0.0
0.0
0.0
0.0
0.0
0.0
3.2608
1.86418
2.91253
3.42095
3.39285
1.025
2.86607
3.04819
1.57437
1.45377
0.0
3.90302
0.84428
0.672719
0.791034
2.57371
4.58792
3.68016
0.271318
1.99257
2.59844
1.91837
0.0
0.4506
1.28203
0.542058
0.511267
2.62639
3.22307
1.34597
0.835158
0.580285
0.0
0.0541407
0.107053
0.154729
1.20959
1.44531
2.31762
2.92426
1.86649
1.31286
1.14422
0.0
0.180594
2.06245
3.25133
1.00119
0.825834
1.18758
3.84046
3.82515
0.738168
1.60381
3.39384
0.688547
0.356468
0.122522
2.17171
1.4817
2.50088
0.0
1.76189
3.93291
0.461224
0.526058
2.57292
3.6874
3.3004
1.03229
2.43531
0.670274
0.061601
2.7428
3.60678
2.61117
4.07283
3.02876
3.73785
2.17779
1.43778
2.06899
0.954894
0.816775
0.97988
1.4053
2.02627
1.00094
0.412579
3.97829
3.96736
1.98056
2.09731
0.122521
0.0
2.38005
1.7014
2.29266
3.25087
1.88721
4.00086
1.07821
1.53452
2.91404
1.72411
3.55254
1.66612
1.68507
0.560237
0.0
0.0
0.22037
3.44439
3.70034
1.56755
1.51011
3.01988
0.925251
3.81569
3.5508
2.74132
4.00722
1.49222
0.0
0.0
2.7045
0.940877
1.91303
2.5427
0.565853
1.68581
0.0
0.849768
0.165126
2.54518
0.156019
0.233482
0.635132
3.8846
2.51654
0.280897
0.0143928
0.437115
0.404425
0.939186
2.77945
1.93791
2.67664
0.2099
0.662563
0.0
2.62201
1.50924
2.84626
1.03245
2.83523
0.359861
0.963239
0.922768
2.19371
0.288162
1.80997
1.39807
1.68532
2.80256
3.3488
1.43355
4.00211
0.464034
0.813415
3.09149
2.62477
1.28493
1.58823
1.81549
3.44604
3.32884
0.191628
0.139801
0.0
2.62493
0.120136
1.34855
0.178094
2.5738
0.498019
1.13492
2.96718
1.75238
1.641
0.0
0.766127
1.5949
0.43312
1.90162
2.97696
1.5535
0.0
1.57464
0.169673
0.231056
0.619283
0.0706407
0.193716
0.722235
1.57894
2.55275
1.84705
1.38236
0.243747
2.87597
4.14467
1.10545
0.785281
2.19257
2.51407
1.95105
1.15276
1.30873
3.11166
1.9458
0.37817
0.203746
0.134906
2.96735
2.59688
0.0
0.70063
0.381866
1.33539
1.29435
0.628167
4.04068
2.69639
2.27313
2.86206
1.49992
0.644743
0.869972
0.582234
0.22134
0.0923748
0.167797
1.56009
0.0
0.355751
0.0
