3.92148
4.76448
4.2861
4.0153
4.85605
4.03841
3.86827
4.75957
3.92014
4.0153
4.34983
4.15428
4.76871
3.93852
3.77066
4.85605
4.3948
4.56825
4.76909
4.33544
3.86925
5.0
3.86235
5.0
5.0
4.15929
4.49392
4.506
4.20214
4.37043
4.32933
4.69082
3.92955
4.18695
4.39338
4.62552
4.16873
4.52065
4.73402
4.7991
4.33358
5.0
4.44162
4.2196
3.97418
3.97688
4.75165
3.8609
5.0
4.76592
4.85605
4.72271
4.29815
4.38795
4.16286
4.51594
4.87608
4.45033
4.68736
5.0
4.22542
4.61795
3.40335
4.7991
4.73826
4.15458
4.75165
4.75165
4.56107
4.31679
4.51167
4.53801
4.44162
3.98983
4.70915
5.0
4.24005
4.85605
4.8342
4.577
3.40335
4.48789
4.37119
4.85605
4.39457
4.85605
4.7991
4.1813
4.27002
5.0
4.5285
4.46864
4.23967
4.76808
3.98933
4.56947
4.1813
4.25009
4.68736
4.24962
4.13232
3.65935
4.85605
4.44378
4.45433
4.55516
4.01411
4.85605
4.44378
4.2305
4.47732
4.16853
4.85605
4.40992
4.5761
5.0
4.46583
4.16853
3.89957
4.12146
4.66428
4.68688
5.0
3.99388
4.87608
4.76808
4.30472
4.56121
4.37119
4.1813
4.691
4.28906
4.44182
4.15691
4.09173
4.16853
4.37119
4.13003
4.76909
4.80728
4.85605
4.48636
3.82976
4.85605
3.85352
4.76592
4.05425
4.11704
4.19436
3.73187
4.15691
5.0
4.77345
5.0
4.61719
4.49985
4.04105
3.8824
4.12063
4.85605
3.37599
4.06776
3.95239
4.45433
3.94517
4.52416
4.34658
2.81297
5.0
2.7969
4.21
4.44378
4.29829
4.31285
4.30037
4.00513
4.39204
4.0973
4.09678
4.13841
5.0
4.44378
4.17603
3.45387
4.23603
4.73219
4.16853
3.67723
4.00583
4.00212
4.34704
4.85605
4.85605
4.7991
4.49393
4.1126
4.46324
4.96731
4.40991
4.85605
4.68736
5.0
4.68856
5.0
4.7991
3.94517
4.59381
3.96543
4.27269
4.27104
4.87608
4.40992
4.05524
4.41005
4.0748
3.96543
4.85605
4.42785
4.42919
4.55152
4.06666
4.14454
4.26576
4.27931
4.85605
4.1813
3.84374
4.52064
4.76909
3.89894
4.7991
4.248
4.28012
4.05547
4.7991
4.23941
3.86903
3.78227
4.58495
3.7912
4.32781
4.49711
4.28403
4.68736
4.14333
4.76448
3.86117
4.25477
4.0153
3.84649
3.97003
4.59122
4.58396
5.0
3.8035
3.99273
4.24378
4.34704
4.37282
4.43569
4.5285
3.96543
4.37119
4.37282
4.76909
4.11114
4.02538
4.36156
4.01267
4.68856
4.20214
4.47372
4.15691
4.2306
4.3438
3.8828
4.85605
4.38767
4.79322
4.39457
4.30275
4.6043
4.44378
4.46208
4.1813
4.59468
4.45433
4.00513
3.9862
4.37119
4.20205
4.84613
4.48576
4.1126
3.99596
3.94
4.42166
4.74916
4.68856
4.59318
4.68736
4.62717
4.3203
3.96543
4.57945
4.42293
4.39457
4.6262
4.76448
4.35479
4.30371
4.7017
4.44378
4.28906
3.81856
4.32038
4.52905
5.0
4.18915
4.39984
3.97003
4.56698
4.04123
4.20322
4.4743
4.33021
4.16853
4.68736
4.34704
5.0
4.73402
4.17356
4.57391
4.16853
4.51565
3.9195
4.396
4.77676
4.63918
4.29796
3.6663
4.44378
4.7991
4.38472
4.70961
4.17567
4.1813
4.00583
4.64472
4.0153
4.80034
4.85605
4.39457
4.1126
4.10772
4.63881
4.19688
3.96183
5.0
4.42293
4.85605
4.87608
4.85605
4.02214
5.0
4.12138
3.96543
3.94614
4.1813
5.0
4.37119
3.52675
3.68743
4.87608
3.46359
3.58612
4.71747
4.85605
4.30371
4.05425
4.38302
4.03891
4.27902
5.0
4.76706
4.36091
3.97003
4.24008
3.97463
4.04771
4.01774
4.69048
3.41403
4.87608
4.27002
4.85605
4.46324
4.29285
4.18276
4.49336
4.2191
4.85605
4.37119
4.5285
4.12269
3.97003
4.59993
5.0
5.0
4.76052
4.33543
3.98941
3.89769
4.57122
4.19061
4.41294
3.88727
4.59178
3.88727
4.45433
4.12167
4.41036
3.95955
4.44378
3.94517
4.21493
4.85605
5.0
4.45433
3.44615
4.1426
4.74101
4.05146
5.0
4.19039
4.04215
4.43733
4.5285
4.1948
4.22652
4.76448
4.85605
4.16853
4.29689
4.16853
4.03445
4.39457
4.85605
4.64634
4.61719
4.32781
4.03228
4.2871
4.21055
4.60182
5.0
4.1813
4.11943
4.34704
