2.92102
1.91917
3.3209
3.14065
3.14572
2.40468
2.38465
1.5482
2.82258
1.72082
2.82017
2.21569
1.41348
2.98411
2.15948
1.23495
2.29677
4.24177
1.7844
3.52436
1.61645
0.874917
2.19316
2.09131
2.31713
2.38188
1.81975
1.36181
1.71881
2.76704
2.68822
1.49468
2.97802
0.162949
0.255226
1.94959
2.00125
2.95273
2.85494
1.92372
2.20836
2.60309
3.11204
2.97988
3.10369
2.7746
2.03811
1.65279
1.22856
1.01995
2.40327
2.80524
1.36653
2.3106
2.44772
2.8334
2.45753
2.87222
0.932488
2.84375
2.17518
1.58687
1.8948
2.83256
1.14878
1.18443
1.92324
0.463622
1.22189
1.61458
2.83664
1.13113
2.28353
2.47356
1.09866
3.06145
1.92297
1.8215
1.0141
0.0
2.77065
1.05105
1.42737
1.73594
1.48432
0.522575
0.467933
1.41471
0.30009
2.67422
3.20613
2.22409
2.03184
2.61335
4.47545
2.69139
1.97404
2.44622
2.57582
1.69219
2.02327
2.2686
1.63462
1.06079
2.08956
2.0677
1.87002
2.29832
2.23884
1.39496
0.0
3.31591
1.01311
1.83178
1.04147
2.24841
2.48317
1.4821
2.46414
1.43099
3.57979
2.7256
2.79837
2.29372
0.105282
1.66844
3.33766
1.33309
1.75196
1.33664
2.81907
1.83376
0.336052
2.9869
0.666703
1.37137
1.23687
0.661849
2.17504
1.96015
3.25785
1.99245
0.787836
0.609269
0.855049
2.55655
2.11616
3.16464
1.58025
2.1497
0.692261
1.79767
2.24967
1.14598
2.96626
2.72326
0.669023
1.40374
2.02146
0.879482
1.81978
2.06535
0.0
2.718
0.417227
2.28918
2.75897
2.54959
3.51343
1.54991
2.72067
1.55909
0.471076
0.248451
2.84397
4.8248
3.06029
1.79931
3.48269
1.6407
2.86765
3.91017
1.82105
1.74409
1.37225
1.96303
1.57063
2.25658
2.10189
2.16645
1.86491
1.72155
2.80346
1.46096
1.67111
2.29437
2.1578
1.04133
2.40113
0.768324
1.1746
0.581779
2.86372
0.558291
2.80587
1.19273
2.0241
2.28652
2.5301
3.45944
1.03895
2.62666
3.4575
2.04004
2.33596
0.898611
1.4704
3.45247
3.00383
1.10231
0.644572
0.0
1.58044
3.60589
2.07619
1.45629
3.05592
2.60234
2.54705
2.90177
2.07011
2.55212
3.037
2.77748
1.76931
2.39373
1.38887
2.2507
3.76149
0.518033
3.92872
0.138149
2.94401
1.03893
1.04595
2.81891
3.1988
3.40416
2.5997
0.80762
1.94296
4.14735
2.51729
2.42161
4.08104
2.74773
3.63846
2.54365
3.2165
1.10503
3.36139
0.0261966
3.32351
3.13224
2.97259
4.11077
3.49286
3.17413
3.96014
2.81602
2.84668
2.7586
4.62291
3.2393
3.22233
3.26296
2.82352
3.66455
4.51561
0.765904
3.31664
3.38786
2.77709
3.9034
3.4129
3.6477
2.0245
2.98137
1.19971
4.41523
2.26723
4.33568
2.22451
1.86311
2.76701
3.10857
3.69891
2.60277
3.25652
2.16804
4.56846
2.40569
2.33872
1.34879
3.5224
2.36705
2.85377
4.27965
1.8654
2.7115
1.98195
3.55772
1.93952
4.25233
4.05935
3.37399
4.32743
2.68964
2.75156
4.21826
2.89294
3.13138
2.77998
3.44901
4.08668
3.77493
2.5507
4.49566
3.17973
3.41291
3.21293
3.54278
1.68331
3.97989
4.30932
0.887337
3.92167
0.933124
3.27216
3.0696
3.19742
4.5054
3.33612
3.23428
1.26688
4.13333
3.70161
4.1872
4.64184
3.03123
3.54514
3.22351
3.14068
3.18193
3.65493
1.56979
2.42244
2.82111
2.89209
2.36264
2.34625
3.56108
1.44199
3.20259
4.51414
2.35733
2.9606
2.23351
2.88182
2.78534
3.88857
3.82838
4.62396
3.04772
2.8783
3.57035
4.49277
3.02055
3.75113
3.18819
4.17679
2.76516
3.65804
3.20899
3.79529
2.81509
4.21423
2.77844
3.31829
3.71669
4.15433
2.36909
3.77137
4.08239
2.09815
2.45608
2.31181
3.78146
2.65269
2.14499
3.0499
2.1536
3.93729
3.3636
3.44473
2.89108
3.12035
3.87346
3.1314
2.2157
4.21765
1.62866
2.7606
4.22997
2.46798
3.03052
3.28009
3.07337
3.82213
2.95118
3.12795
3.27145
1.76537
2.72148
3.36773
3.21634
2.37025
3.86227
3.3618
3.21938
3.51417
2.88722
3.87771
3.14734
3.08991
3.79484
2.89499
4.53496
2.8724
3.64171
2.39969
3.0084
4.4474
2.57003
3.72161
3.83148
2.83899
3.31248
3.74652
3.36518
3.17269
0.916033
2.35421
3.33699
3.70798
2.37726
0.489024
3.31673
3.02039
3.89402
2.02169
2.83078
3.63851
3.22636
3.64084
3.37788
3.40997
4.39795
3.75327
4.10056
4.38737
4.33987
3.4751
3.60842
2.85848
3.4188
4.29036
2.8818
2.72832
3.91703
4.26467
3.90861
2.59103
3.26136
2.08958
3.48236
3.51974
1.18201
3.72788
3.69177
2.90785
2.58631
4.83868
2.34358
4.19216
3.66173
4.126
1.5118
2.63951
3.77326
4.52232
4.38253
4.70913
3.92783
3.84434
3.2703
3.35522
3.8079
5.0
4.38401
4.24417
3.39837
3.20169
4.51827
2.99376
5.0
3.83346
3.78323
4.46829
2.82854
2.86419
4.65126
3.75217
5.0
4.20925
4.58043
3.38773
4.46952
4.23148
4.01931
4.31173
3.65753
3.58464
4.58688
5.0
4.02206
4.98089
3.14888
3.87025
3.99749
3.21884
3.56581
4.3558
4.9412
4.95167
4.54077
4.56238
4.74671
5.0
4.65248
3.88914
4.30141
4.09964
4.61503
3.93418
4.54028
3.35132
4.64063
3.86417
4.49783
3.94401
3.97986
3.84308
3.12877
3.91423
3.56305
3.50928
4.55965
4.06606
4.78292
4.06333
3.52773
4.30465
4.58622
3.94904
2.80518
3.45839
3.89859
4.50361
4.43477
3.57299
4.37214
4.95851
3.32538
4.61221
4.59056
4.11927
3.7057
4.52904
3.80557
3.89223
3.55808
3.6589
4.54001
4.89664
2.68086
4.57772
4.19298
3.70097
3.29774
3.19137
5.0
4.75994
3.92082
5.0
4.81729
4.23674
4.26931
4.28959
3.89871
3.89649
4.22704
4.54975
4.69244
4.42612
4.08154
4.10658
3.13528
3.34012
3.52614
4.5678
4.5577
4.36015
3.82583
4.629
3.64141
3.11113
4.16531
3.6273
3.90929
4.28617
3.23598
4.72342
2.7833
5.0
4.00718
3.57381
3.56555
3.55981
3.64915
4.60692
3.91264
4.67807
3.78127
4.48229
4.43086
3.77026
3.85408
5.0
3.33686
3.75328
3.44127
3.34129
3.14507
4.43354
4.56657
4.82455
4.82458
4.66667
4.00053
2.99049
5.0
4.03938
4.76942
4.21365
3.14227
3.66228
3.92046
3.09541
3.27484
4.28711
3.36854
3.5064
4.70764
3.61006
4.08144
4.58538
3.28529
3.34681
4.3725
3.67584
4.19907
4.56659
4.03151
5.0
4.57854
3.50903
4.46699
4.57273
3.14739
4.0807
4.58679
3.96812
3.9508
3.95542
4.45153
5.0
4.82966
3.07834
5.0
3.77969
4.7922
4.3079
3.53209
4.03689
4.7777
3.64574
4.2568
4.48477
4.16109
3.54605
4.29169
3.65478
3.97958
4.38487
4.78037
4.55624
4.57859
4.63602
4.25674
5.0
3.18885
3.64177
4.43101
5.0
3.8197
3.8708
4.21353
4.16487
4.16392
2.48293
3.92078
3.99631
4.72197
3.86449
2.17232
4.47288
3.7228
3.90819
3.86974
4.52503
3.17571
3.66045
3.4437
5.0
2.6953
2.5017
4.28064
4.57076
3.37451
