4.6788
3.93726
4.51623
4.09535
4.22024
4.55129
3.94912
3.79585
3.993
4.36569
3.67464
3.93646
3.71889
4.10172
4.71803
4.1765
4.25571
3.94644
1.9994
4.47856
3.72124
4.13796
4.41862
4.75976
4.34087
4.7334
3.86961
4.47465
4.58044
4.72178
4.43158
4.5485
4.58227
4.40365
3.77212
4.27153
4.52249
4.77074
3.44853
4.21187
4.83529
4.6102
4.63523
4.45294
4.61734
4.72986
2.391
3.71889
4.85677
4.96345
4.45484
4.43047
4.21717
4.19635
4.60853
4.35042
4.32833
4.53232
4.48667
4.51411
2.86975
3.84405
3.48342
4.65054
4.3918
4.65511
4.42152
4.71223
4.8889
4.76533
3.86698
4.42136
4.93399
4.92147
4.77024
4.30609
4.6076
4.78046
4.28378
4.43369
4.27153
4.889
4.97572
4.23211
4.6214
4.88792
4.30405
4.35082
4.38047
4.28378
4.6151
4.58109
5.0
4.37374
4.74768
4.65597
4.81992
4.17014
3.81003
4.21235
3.48465
4.55229
4.36443
3.44853
4.22241
4.28685
4.6154
4.25305
4.63523
4.38764
4.34518
4.52909
4.73984
4.11902
4.36443
4.26706
4.19702
4.48329
3.31447
4.16034
4.42037
4.37223
3.44853
4.28084
4.59447
4.43782
4.15992
3.86629
3.51183
4.77417
4.59312
4.3843
4.02922
3.88008
4.37453
3.91553
3.04615
4.26802
4.68914
4.32108
4.25253
4.41133
3.72223
4.1953
3.0299
4.36569
4.49093
4.3113
4.69446
4.67289
4.7197
4.81242
4.58608
4.3754
4.45588
4.56881
4.58359
3.83899
4.44343
4.0213
4.57996
4.22671
4.71806
4.67056
5.0
4.19316
4.45517
4.12482
3.74816
3.86694
4.10139
4.17977
4.80232
4.50422
4.85528
4.32663
3.77137
4.65435
4.41686
4.77074
4.35375
4.76476
3.59994
4.89228
4.33639
4.49163
4.05853
4.00464
4.43505
4.65886
4.01487
3.95874
4.54766
4.85528
4.45735
4.42809
4.40394
4.0213
4.2389
4.40706
4.85605
3.44853
4.64134
4.09855
4.77465
4.36908
4.4693
4.85605
4.72071
4.11058
4.34504
4.29986
3.86961
3.83868
4.45484
3.41172
4.42423
3.94698
4.53785
2.83248
4.85149
4.72986
3.72909
4.37911
4.58934
4.4153
4.83237
4.85605
5.0
4.21714
4.35082
4.52377
4.71749
3.44177
4.87129
4.39511
4.29604
4.30642
4.45908
4.25515
4.79416
4.551
4.5339
5.0
3.58469
4.59748
4.52928
4.01957
4.35398
4.39074
4.7606
4.85605
4.26516
4.40941
4.56917
4.30942
4.20296
4.88953
4.48294
4.33138
4.38389
3.8171
4.71552
3.44177
3.92496
4.69082
4.58203
4.43198
5.0
4.10683
2.95438
4.0213
4.45551
4.67681
4.48621
4.62956
4.156
4.58055
4.28087
4.37439
4.4536
4.15992
3.94848
4.63231
4.54623
4.49605
3.86961
4.71903
4.11902
4.57973
4.545
4.48329
4.38209
4.51125
4.0213
4.34623
4.23244
4.83237
3.65831
4.83024
4.00709
4.17487
4.3029
4.45612
3.86169
3.95247
4.02343
4.36443
4.40196
4.15992
4.24735
4.56787
4.36786
4.32448
3.99171
4.72277
4.21235
4.8342
4.5375
4.59913
3.80477
4.36443
4.44344
4.70718
4.22225
3.99124
4.85605
5.0
4.85324
4.39765
4.16012
4.34787
3.95822
4.5982
3.83868
4.32848
4.705
4.03411
4.5017
4.47625
4.58381
4.72986
4.72986
3.59477
3.76502
3.70655
3.99171
3.57755
4.65125
4.85605
3.77671
4.92147
4.15287
4.82918
4.77475
4.89775
4.16825
4.41772
4.25854
4.06413
4.61846
4.56576
3.97624
3.86961
4.75976
4.43094
4.0213
4.71689
4.85605
4.39765
4.73984
3.64019
4.52292
4.77983
4.35602
4.22201
2.77447
3.60244
4.11902
4.20073
4.34774
4.0614
3.95247
4.41551
3.59561
4.01821
4.63523
4.42152
4.52187
3.68702
3.4647
4.85605
4.53887
4.26663
4.53089
4.45441
2.59491
4.51797
4.71548
